79661 42799 58815 0
292039 133820 138733 0
508541 240792 198766 1293
636091 302447 280114 1293
923422 438693 358205 1293
1083380 511523 456856 2478
1429867 588066 548807 2478
1612576 750449 617515 3572
1801757 835584 688709 3572
1996888 923235 806384 3572
2195652 1012463 882291 4588
2605459 1103665 990810 4588
2605459 1196064 1033913 5450
2988118 1282874 1105588 5450
3181222 1368097 1207315 6252
3379414 1455293 1281697 7015
3580838 1544046 1356671 7015
3780350 1722909 1431511 7740
3981660 1813272 1507181 7740
4183407 1903812 1582976 8429
4387134 1995047 1659152 9087
4591151 2086363 1735870 9087
4795391 2177721 1812589 9720
5001174 2269665 1889626 10329
5207047 2361631 1967001 10919
5412946 2453551 2044379 11494
5618779 2545436 2122022 11494
5827761 2637860 2199399 12054
6035359 2730246 2277354 12601
6242577 2822523 2355202 13139
6449586 2914715 2433029 13669
6656460 3006849 2510754 13669
6864697 3098922 2588658 14187
7072736 3191491 2666841 14695
7282102 3284032 2744758 15198
7489889 3376458 2822878 15697
7697354 3468774 2900835 16191
7904518 3560983 2978777 16682
8111541 3653109 3056565 17172
8318357 3745168 3134327 17658
8525035 3837164 3211997 18142
8731686 3929122 3289648 18622
8938264 4021039 3367513 19097
9147852 4112937 3445121 19571
9355956 4204778 3522954 20044
9563789 4296604 3600672 20517
9771344 4388408 3678408 20989
9978748 4480207 3756063 20989
10186081 4572562 3833748 21459
10393329 4664911 3911717 21925
10600565 4757209 3989688 22391
10807657 4849442 4067643 22855
11016230 4941628 4145332 23319
11223292 5033623 4223514 23775
11426934 5033623 4300133 24232
11630361 5214741 4376729 24689
11834053 5305367 4453363 25146
12038073 5396104 4530077 25603
12242175 5486905 4606870 26061
12447886 5577787 4683434 26519
12652364 5668730 4760340 26977
12856836 5759714 4837263 27434
13061480 5850749 4914226 27891
13266098 5941807 4991209 28348
13472292 6032907 5067959 28805
13677173 6124028 5145009 29264
13881892 6215169 5221995 29723
14086672 6306341 5299016 30183
14291448 6397537 5376022 30643
14496343 6488758 5453016 31103
14701181 6579983 5530076 31563
14907435 6671226 5606853 32024
15112379 6762484 5683884 32486
15317010 6853683 5760833 32947
15521692 6944903 5837779 33410
15726348 7036134 5914769 33871
15932654 7127403 5991542 34333
16137692 7218700 6068614 34796
16342563 7310014 6145643 35259
16547555 7401364 6222724 35721
16752592 7492718 6299841 36183
16959171 7584105 6376733 36645
17164482 7675519 6453949 37107
17371183 7766944 6530935 37569
17576722 7858403 6608235 38031
17782112 7949862 6685504 38495
17987520 8041343 6762760 38958
18192836 8132825 6840011 39423
18399653 8224308 6917021 39887
18605248 8315806 6994373 40352
18812170 8407328 7071502 40816
19017968 8498880 7148927 41281
19223590 8498880 7226280 41746
19430138 8590400 7302927 42205
19632798 8680639 7379123 42664
19836858 8770828 7455152 43119
20041221 8951626 7531830 43576
20245764 9042249 7608618 44033
20452003 9133006 7685295 44491
20658407 9223864 7762055 44949
20864873 9314819 7838855 45407
21070033 9405855 7916028 45867
21275167 9496957 7993190 46326
21480407 9588125 8070415 46787
21685747 9679351 8147648 47248
21892571 9770640 8224689 47248
22099553 9861971 8301791 47709
22306552 9953841 8378862 48167
22512077 10045759 8456267 48626
22717532 10137656 8533978 49082
22923105 10229544 8611731 49538
23130089 10321409 8689239 49995
23337169 10413261 8766711 50452
23542927 10505104 8844173 50914
23750122 10596942 8921413 51376
23956134 10688785 8999304 51836
24163553 10780618 9077000 52295
24369739 10872428 9154907 52754
24577196 10964213 9232551 53214
24784564 11055988 9310132 53674
24990598 11147760 9387967 54134
25197975 11239525 9465554 54594
25404080 11331271 9543423 55054
25611491 11423006 9621002 55514
25818879 11514736 9698579 55975
26026067 11606445 9776079 56436
26233090 11698152 9853559 56899
26438676 11789865 9931222 57362
26645639 11881578 10008685 57825
26851327 11973292 10086377 58288
27058363 12064995 10163801 58751
27264115 12156701 10241470 59214
27471095 12156701 10318864 59677
27677937 12248356 10364102 60133
27881171 12338532 10440699 60589
28084262 12428668 10547620 61047
28286335 12609372 10592981 61505
28490048 12609372 10669549 61964
28690560 12791240 10745282 62420
28893317 12882992 10852034 62880
29100472 12975219 10929330 63346
29308625 13067845 11008116 63815
29518835 13161378 11087677 64290
29732523 13255779 11167720 64767
29947969 13351534 11296360 65248
30164854 13447434 11378150 65731
30383028 13544314 11460379 66710
30603443 13641716 11543504 67205
30824886 13739996 11626878 67702
31048220 13838664 11710770 68200
31272278 13937648 11795147 68703
31496859 14037374 11879667 69208
31721517 14137323 11964853 69713
31948096 14237446 12049919 70219
32175159 14338304 12134877 70726
32402433 14438769 12220251 71233
32857794 14539294 12305922 71743
33086723 14640375 12391633 72254
33315850 14741551 12477626 72765
33545124 14843341 12563445 73276
33774332 14945184 12649234 73788
34003524 15046466 12735305 74301
34232774 15147721 12821422 76306
