518491 224004 196030 0
1050946 690705 397111 2141
1597358 931700 687592 2141
2721102 1177299 899111 4174
3295874 1426220 1113612 6115
3876953 1678718 1461996 7975
4465439 1933662 1683473 7975
5058701 2190689 1906713 9767
5656134 2450201 2131758 11500
6259044 2711309 2358101 13183
6864926 2973708 2585849 13183
7473176 3237188 2814488 14822
8083526 3502290 3044118 16422
8657925 3768231 3259531 17886
9225070 4018391 3472190 19312
9797456 4265382 3687273 19312
9797456 4514644 3775325 20725
10376318 4514644 3904865 20725
10376318 4514644 3904865 22082
10923853 4753900 3988980 22082
10923853 4753900 4109254 22082
11432404 4976431 4187461 23333
11432404 4976431 4299156 23333
11906669 5183610 4371985 24490
11906669 5183610 4476082 24490
12350149 5377254 4544135 25565
12350149 5377254 4641569 25565
12766546 5558990 4705420 26570
12766546 5730270 4796978 26570
13158939 5730270 4943530 27512
13158939 5892358 5000454 27512
13530316 5892358 5082481 28398
13883015 6046348 5136483 28398
13883015 6193199 5265950 29237
14219328 6193199 5340364 29237
14541152 6334145 5389582 30031
14850212 6469535 5508255 30785
14850212 6600000 5576750 30785
15149109 6600000 5688471 31504
15437828 6726099 5732555 32195
15717495 6848323 5839066 32195
15717495 6967571 5900697 32862
15989092 7083783 6002064 33507
16253588 7083783 6042450 34132
16511689 7197245 6140231 34132
16764279 7308756 6235805 34738
16764279 7418142 6329735 35327
17011975 7525604 6421944 35903
17255274 7631346 6476112 36465
17494704 7735566 6566100 36465
17730606 7838418 6654801 37016
17963256 7838418 6690463 37559
18194261 7940042 6777444 38092
18425877 8040577 6864514 38622
18652437 8141580 6949693 39139
18876571 8240529 7034001 39650
18876571 8338587 7117504 40157
19098709 8435942 7200329 40157
19319115 8532673 7249286 40661
19537953 8628851 7331235 41160
19755333 8724538 7412636 41657
19971486 8819790 7493649 42152
20186471 8914645 7574183 42643
20400561 9009150 7654426 43131
20613687 9103896 7734345 43615
20826123 9198377 7814015 44097
21037839 9292567 7893410 44578
21248970 9386465 7972604 45055
21459553 9480129 8051579 45532
21669652 9573578 8130402 46007
21879280 9666838 8209074 46481
22088649 9759941 8287634 46955
22297575 9852897 8366019 47428
22506228 9945718 8444345 47901
22714561 10038406 8522830 48369
22922428 10130825 8601182 48837
23129784 10223108 8679301 49305
23337015 10315332 8757376 49305
23544096 10407485 8788891 49773
23751114 10499602 8867087 50237
23958058 10591674 8945208 50701
24164889 10683705 9023269 51164
24371628 10775687 9101276 51627
24578297 10867647 9179168 52090
24784910 10959576 9257091 52553
24991463 11051476 9334888 53016
25197936 11143357 9412690 53479
25405742 11235218 9490384 53939
25613551 11327062 9568089 54399
25821130 11418850 9645718 54859
26028433 11510624 9723286 55320
26235495 11602351 9800844 55782
26442476 11694078 9878313 56243
26649436 11694078 9955872 56705
26852351 11785843 10032779 57159
27055170 11875927 10108840 57614
27258237 11965988 10184879 58069
27461521 12056192 10261006 58525
27665054 12146541 10337317 58983
27868665 12237024 10413607 59441
28072511 12327632 10490040 59900
28276581 12418349 10566537 60358
28480744 12509151 10643069 60817
28685164 12600058 10719775 61275
28889741 12691044 10796492 61733
29094403 12782090 10873289 62191
29299220 12873209 10950121 62649
29504107 12964390 11026982 63108
29709048 13055634 11103936 63567
29914038 13146932 11180837 64027
30119097 13238268 11257821 64487
30324326 13329650 11334827 64948
30529466 13421074 11411836 66585
