107036 40496 49538 1154
237549 126710 89028 1154
414876 224146 160492 1154
640853 279455 248286 2239
769130 402958 297723 2239
1048437 469635 405121 2239
1199986 539557 463285 3238
1360129 612312 549099 3238
1525053 764234 612945 4166
1869949 843001 719429 4166
2049060 923144 787874 5032
2232661 1005124 857515 5032
2418568 1088200 928300 5845
2607889 1172798 999925 6612
2798956 1258191 1072446 6612
2993155 1344872 1175480 7338
3188690 1432141 1249948 7338
3386718 1520463 1324741 8028
3785758 1698301 1400416 8688
3987736 1788262 1476369 9323
4190206 1878474 1552388 9323
4393191 1968876 1628831 9938
4597890 2059994 1705715 10532
4802927 2151253 1782687 10532
5008116 2242572 1859754 11111
5213451 2334512 1937343 11671
5420281 2426499 2015026 12219
5627164 2518478 2092656 12759
5833996 2610445 2170269 13292
6040703 2702367 2247843 13821
6247342 2794281 2325384 13821
6453971 2886182 2403172 14341
6660597 2978648 2481245 14843
6863460 3069427 2557402 15331
7062799 3158659 2632162 15817
7262417 3247984 2707057 16301
7462550 3337528 2782183 16783
7663316 3427309 2857479 17263
7864688 3517299 2933057 17740
8066529 3607484 3008801 18217
8268927 3697857 3129969 18690
8471753 3788376 3206783 19160
8674947 3879041 3283680 19628
8878472 3970410 3360653 19628
9082274 4061865 3437695 20096
9287870 4153377 3514748 20561
9493654 4244920 3591947 21026
9699556 4336489 3669105 21491
9905532 4428094 3746350 21956
10111555 4519716 3823600 22421
10317612 4611374 3900842 22887
10523608 4703040 3978130 23353
10729642 4794736 4055362 23821
10935598 4886441 4132696 24289
11141605 4978162 4209971 24757
11347643 5069896 4287281 25224
11553681 5161629 4364603 25691
11759749 5253384 4441919 26158
11965856 5345135 4519289 26625
12171919 5436870 4596582 27092
12377913 5528588 4673938 27559
12583852 5620301 4751241 28026
12789791 5712014 4828548 28493
12995649 5803716 4905847 28960
13201547 5895420 4983114 29427
13407426 5987108 5060453 29894
13613301 6078791 5137723 30360
13819194 6170484 5215047 30826
14025078 6262175 5292360 31292
14231007 6353881 5369679 31758
14436932 6445585 5447010 32224
14642884 6537301 5524305 32690
14848887 6629037 5555706 33156
15054771 6720718 5633006 33615
15257128 6810893 5709000 34074
15459486 6901064 5784981 34533
15662233 6991395 5861097 34992
15865321 7081876 5937382 35452
16068756 7172505 6013747 35912
16272529 7263288 6090278 36373
16476623 7354188 6212556 36832
16681013 7445212 6289875 37289
16885673 7536324 6367348 37746
17090532 7627517 6444778 38203
17295634 7718786 6522299 38660
17500966 7810117 6599819 39117
17707542 7901968 6677598 39578
17914220 7993839 6755544 40039
18120889 8085702 6833438 40500
18327560 8177563 6911414 40958
18534378 8269994 6989303 41416
18741273 8362443 7067265 41872
18949602 8454845 7145176 42328
19158014 8547209 7223114 42784
19366305 8639513 7301017 43240
19574482 8731790 7378895 43696
19782527 8824008 7456788 44152
19990509 8916198 7534617 44608
20198298 9008353 7612506 45064
20405996 9100486 7690272 45522
20613528 9192602 7768092 45980
20821034 9284715 7845868 45980
21028507 9376818 7923678 46896
21235988 9468892 8001475 47355
21443398 9560961 8079240 47815
21650693 9653000 8157016 48275
21857908 9745024 8234699 48275
22065013 9837036 8312490 49196
22272210 9929052 8390209 49657
22479381 10021067 8467944 50119
22686381 10113057 8545621 50582
22893305 10205050 8623294 51045
23100244 10297035 8654777 51045
23305938 10388971 8732388 51512
23507236 10479022 8808397 51971
23710103 10569071 8884348 52426
23913484 10659304 8960527 52883
24117201 10749688 9036800 53340
24318598 10839167 9112086 53794
24522233 10929720 9234224 54254
24728536 11021463 9311933 55190
24937285 11114316 9390552 55664
25148148 11208140 9469948 56144
25360963 11302840 9550047 56627
25575455 11398310 9630792 57116
25791525 11494473 9712054 57607
26008943 11591244 9793870 58100
26227721 11688572 9876145 58594
26447719 11786392 9958838 59088
26668703 11884644 10041952 59583
26890658 11983285 10125348 60080
27113435 12082264 10243080 60577
27336899 12181528 10327152 61075
27561016 12281062 10411482 61574
27785699 12380831 10495951 62073
28010902 12480817 10580635 62575
28236508 12580976 10665445 63078
28462434 12681294 10750366 63581
28915316 12781752 10835434 64086
29142188 12882342 10920607 64591
29369348 12983051 11005859 65096
29596770 13083865 11091239 65602
29824333 13184762 11176691 66109
30052078 13285737 11262173 66616
30279929 13386782 11347743 67123
30507899 13487889 11433363 67630
30736043 13589045 11518972 68137
30964395 13690254 11604689 68644
31192787 13892805 11690470 69152
31421247 13994146 11776218 69662
31649762 14095524 11861999 70172
31878348 14196927 11947859 70683
31878348 14196927 12033680 71194
32106297 14298096 12119293 71698
32331249 14398015 12203789 72203
32556237 14497937 12288243 72710
32781562 14598034 12372854 73217
33007286 14698301 12457670 73724
33233372 14798716 12542568 74232
33686542 14899272 12627610 74740
33913466 14999947 12712791 75248
34140598 15100717 12797980 75757
34140598 15302526 12797980 79573
34367950 15302526 12832538 84641
