45294 62245 15379 0
101872 100501 44547 992
188315 140185 106224 992
404874 224825 184335 1949
503088 324797 225658 1949
730456 380497 318561 2836
994574 504343 390639 2836
1139628 571841 446150 3661
1292002 641727 541792 3661
1615239 714480 629351 4438
1784976 866421 694428 4438
1960052 945768 761005 5169
2138333 1026478 829025 5863
2322742 1108328 898266 5863
2509610 1191188 968694 6527
2698331 1274953 1040078 7165
3083656 1360137 1155534 7165
3279885 1446060 1258335 7777
3476947 1533194 1332573 8374
3676407 1621496 1407622 8951
3878110 1798970 1483135 8951
4080351 1888730 1558869 9514
4282946 1978719 1634730 10067
4485605 2069472 1711378 10607
4690065 2160249 1788683 11134
4896352 2251669 1865990 11653
5102741 2343159 1943321 11653
5309095 2434645 2020608 12165
5515337 2526141 2097906 12673
5721581 2617653 2175538 13175
5927738 2709179 2253141 13670
6133944 2800718 2331013 14156
6341589 2892813 2408843 14640
6549187 2984919 2486627 15117
6756639 3076966 2563149 15583
6958837 3167399 2637883 16049
7155407 3256138 2711954 16515
7352269 3344975 2786218 16515
7551385 3433560 2860846 16980
7751353 3522394 2935721 17445
7951963 3611508 3010800 17910
8153036 3700873 3086149 18375
8354579 3790455 3161637 18840
8556511 3880260 3237641 19302
8758877 3970255 3313871 19764
8961653 4060411 3390181 20226
9164724 4150735 3466625 20685
9368172 4241188 3543407 21144
9571834 4331761 3620220 21603
9775708 4422449 3697122 22063
9979819 4513215 3774032 22522
10184110 4604077 3851029 22979
10390128 4695017 3928088 23433
10596295 4786595 4005154 23889
10802429 4878234 4082304 24346
11008566 4969871 4159450 24803
11214700 5061515 4236642 25260
11420824 5153144 4313815 25717
11626937 5244780 4391012 26179
11833046 5336303 4468504 26641
12040246 5428371 4546116 27104
12247367 5520447 4623736 27570
12454375 5611947 4701301 28034
12661284 5703973 4778872 28497
12868202 5796010 4856417 28960
13074970 5888010 4933951 29423
13281644 5979949 5011469 29886
13488189 6071841 5088893 30349
13694596 6163702 5166348 30812
13900897 6255533 5243733 31278
14106782 6347906 5321344 31743
14314017 6440094 5399061 32209
14521179 6532192 5476760 32674
14728203 6624227 5554416 33139
14935076 6716217 5631949 33604
15141602 6808054 5708816 34063
15345041 6898589 5785151 34521
15548372 6989088 5861571 34980
15752024 7079684 5938040 35438
15955850 7170374 6014586 35897
16159858 7261143 6091248 36356
16364043 7351983 6167904 36815
16568330 7442883 6244653 37274
16772771 7533844 6321403 37733
16977330 7624869 6398206 38196
17181648 7716542 6475343 38658
17387421 7808075 6552583 39122
17593184 7899571 6629821 39586
17798826 7991057 6706963 40052
18004035 8083117 6784340 40518
18210606 8175038 6861901 40984
18417276 8266920 6939401 41450
18623770 8358751 7016933 41916
18830188 8450543 7094362 42382
19036434 8542301 7171802 42848
19242718 8634042 7249176 43314
19448810 8725772 7326559 43777
19654967 8817482 7404275 44244
19861166 8909192 7481672 44707
20067337 9000891 7559423 44707
20273515 9092584 7637104 45171
20479534 9184250 7714774 45635
20685631 9275907 7792372 46099
20891607 9367564 7869967 46561
21097469 9459089 7947481 47024
21303208 9550614 8024896 47487
21508974 9642151 8102362 47950
21714730 9733682 8179744 48413
21920439 9825219 8257146 48876
22126155 9916752 8334502 49339
22331821 10008301 8411846 49799
22537504 10099859 8489441 50264
22743191 10191424 8566794 50726
22948990 10283009 8644414 51188
23154870 10374588 8721996 51649
23360675 10466127 8798585 52102
23562179 10555815 8874466 52549
23765136 10646068 8950446 52998
23968484 10736491 9026564 53449
24172046 10827042 9102744 53900
24373499 10916618 9178638 54364
24576954 11007237 9255565 54833
24783017 11099025 9333444 55308
24991489 11191886 9412275 55781
25203811 11286297 9491806 56259
25417947 11381542 9571998 56741
25633508 11477458 9652700 57227
25850432 11573998 9734004 57716
26068705 11671080 9815773 58700
26288046 11768655 9947235 59195
26508511 11866671 10030046 59691
26951984 11965061 10113226 60188
27174771 12063757 10196664 60686
27398208 12162743 10314325 61185
27622192 12262009 10398321 61685
27846671 12361508 10482527 62187
28071493 12461222 10566879 62689
28296615 12561104 10651329 63193
28522075 12661145 10735953 63698
28747797 12761333 10820677 64203
28973863 12861647 10905509 64708
29200145 12962078 10990462 65215
29426611 13062600 11075456 65722
29653238 13163216 11160493 66229
29879929 13263906 11245621 66737
30106732 13364650 11330759 67245
30333713 13465458 11415944 67752
30560782 13566324 11501215 68261
30787898 13667228 11586468 68770
31015076 13768177 11671733 69279
31242323 13869161 11757053 69789
31469526 13970193 11842360 70301
31696798 14071236 11927681 70813
31924148 14172305 12013069 70813
32151041 14273399 12098349 71324
32374333 14374267 12148193 71827
32597557 14473553 12232562 72331
32821273 14572863 12350505 72836
33045470 14672383 12434598 73341
33270020 14772082 12518887 73846
33494973 14871925 12603311 74351
33720381 14971915 12687891 74856
33946059 15072047 12772624 75363
34171980 15172315 12857434 76947
