48382 59895 10527 1004
77136 93262 49035 1004
248973 171674 96544 1004
414725 259727 160625 2172
625977 310347 242354 2172
748286 422492 308309 3248
1026704 484682 393772 3248
1176577 619295 450426 3248
1333495 691016 533266 4240
1497019 765555 595397 4240
1838077 841954 699081 5161
2016344 920591 765757 5161
2197497 1083237 861683 6019
2382788 1166833 931638 6019
2570277 1251359 1002648 6826
2761042 1337251 1074502 7589
2953411 1423837 1147229 7589
3148670 1510977 1221015 8311
3345280 1598604 1295588 8311
3744046 1687246 1370629 8997
3946020 1776285 1446266 9654
4148501 1865630 1522150 9654
4351334 1956437 1598125 10288
4351334 2046943 1672067 10863
4543939 2133043 1743108 10863
4919397 2217040 1813641 11410
5109431 2301551 1885107 11945
5302521 2386784 2000521 12470
5497046 2472703 2073388 12984
5692808 2559829 2146883 13493
5889631 2647520 2221187 13996
6087317 2735630 2295840 14496
6285823 2824130 2370714 14991
6486538 2912978 2445870 14991
6687915 3002126 2551709 15484
6889713 3091547 2627565 15970
7092034 3272254 2703621 16454
7294627 3362857 2779752 16936
7497552 3453582 2856057 17415
7700803 3544405 2932429 17894
7904227 3635315 3008875 18370
8107924 3726302 3085430 18847
8311826 3817355 3162331 19319
8515961 3908485 3239395 19787
8721804 3999692 3316511 20254
8927904 4090958 3393666 20720
9134102 4182280 3470879 21186
9340273 4273644 3548036 21651
9546377 4365056 3625313 22116
9752559 4456509 3702548 22581
9958680 4548004 3779811 23046
10164861 4639516 3857072 23511
10370903 4731061 3934310 23974
10576906 4822637 4011846 24437
10782961 4914237 4089328 24897
10989040 5006411 4166879 25357
11195214 5098614 4244407 25816
11401345 5190781 4321939 26276
11607590 5282915 4399467 26736
11813792 5375022 4476951 27197
12019924 5467095 4554460 27658
12226092 5559147 4631932 28119
12432369 5651176 4709484 28119
12638484 5651176 4786900 28580
12841646 5743078 4863214 29035
13044706 5924283 4939461 29492
13247848 6014979 5015791 29949
13451325 6105787 5092268 30407
13655112 6196705 5168803 30865
13859094 6287709 5245443 31323
14063315 6378783 5322144 31781
14267701 6469924 5398875 32239
14472058 6561058 5475650 32699
14676508 6652243 5552421 33158
14881071 6743475 5629261 33619
15085742 6834749 5706125 34080
15290499 6926072 5783025 34541
15495369 7017427 5859971 35002
15700279 7109254 5937138 35466
15906351 7201103 6014557 35931
16112521 7292934 6091928 36396
16318495 7384721 6169276 36862
16524483 7476499 6246597 37328
16730337 7568259 6323884 37795
16936158 7660008 6401205 38261
17141979 7751752 6478474 38728
17347791 7843482 6555781 39195
17553649 7935202 6633076 39662
17759451 8026919 6710376 40128
17965361 8118631 6787696 40594
18171217 8210327 6864993 41059
18377100 8302016 6942339 41525
18582964 8393705 7019944 41989
18788856 8485415 7097621 42453
18994830 8577130 7175271 42917
19200842 8668872 7252916 43381
19406860 8760620 7330528 43846
19612869 8852385 7408104 44311
19818965 8944151 7485743 44776
20025083 9035915 7563303 45241
20231221 9127681 7640918 45703
20438908 9219444 7718503 46165
20646578 9311211 7796077 46627
20853900 9311211 7842221 47082
21057772 9402950 7918986 47538
21261428 9493243 7995194 47994
21465259 9583530 8102444 48451
21669401 9673969 8178937 48908
21873825 9855272 8255504 49366
22078316 9946516 8332340 49826
22284073 10037868 8409532 50286
22490052 10129273 8486716 50748
22696049 10220728 8563950 51209
22902164 10312229 8641213 51671
23108251 10403763 8718481 52133
23314332 10495308 8795790 52595
23520352 10586866 8873064 53050
23726500 10678991 8950668 53509
23932714 10771043 9028486 53967
24139954 10863574 9106463 54430
24347257 10955569 9184399 54891
24554414 11048049 9262292 55352
24761594 11140518 9340191 55813
24968666 11232933 9418025 56274
25175707 11325270 9495862 56735
25382601 11417532 9573588 56735
25589410 11509739 9651329 57196
25796167 11601892 9728996 58118
26002805 11693991 9806648 58118
26209428 11786057 9884280 59042
26415993 11878088 9961885 59505
26622537 11970081 10039488 59505
26828994 12062486 10117265 59969
27036531 12154819 10195273 60433
27244021 12247074 10273157 60897
27451257 12339258 10351014 61361
27658396 12431379 10428797 61825
27865362 12523458 10506543 62289
28072239 12615484 10584233 62753
28278989 12707467 10661865 63217
28485600 12799417 10739489 63681
28692186 12891897 10816841 64145
28898614 12983835 10894449 64609
29105017 12983835 10939674 65073
29307459 13075678 11016309 65531
29509786 13165827 11092431 65988
29712350 13256494 11168375 66447
29915231 13347289 11244393 66906
30118349 13437655 11320833 67366
30319306 13528102 11397082 67824
30522736 13708734 11504774 68286
30728828 13801358 11582393 68753
30937303 13894464 11661181 69223
31147994 13988432 11740686 69699
31360540 14083239 11820920 70177
31574917 14178792 11901777 70658
31790952 14275042 11983604 71139
32227224 14371890 12065885 72110
32447177 14469261 12148642 72598
32668110 14567112 12231702 73094
32889929 14665370 12314837 73589
33112476 14764006 12448624 74085
33335766 14862963 12532743 74583
33559799 14962231 12617148 75081
33784397 15061764 12701688 75579
34009566 15161524 12786429 76079
