369744 157537 136909 1841
580356 247277 247796 1841
803392 434666 327979 1841
1225565 527540 406256 3342
1449227 625085 538224 3342
1674482 724689 622963 3342
1904145 826329 744319 4720
2137963 929802 832634 4720
2374018 1140134 922047 5988
2613488 1247335 1012725 5988
2854445 1355098 1103917 5988
3098251 1463885 1196052 7165
3344720 1573039 1288735 7165
3591970 1683057 1381994 8260
3841287 1793888 1476001 8260
4091043 1904842 1570153 9284
4342522 2016444 1664925 10247
4594164 2128090 1759749 10247
5100526 2239722 1854791 11160
5100526 2351920 1950145 11160
5355123 2464110 2045487 12027
5863981 2576810 2141330 12853
6119506 2689419 2237091 12853
6374868 2801918 2332958 13645
6629927 2914886 2429070 14406
6886198 3027724 2525069 14406
7142225 3140418 2621176 15139
7397833 3253550 2717495 15849
7653033 3366566 2813673 16543
7909430 3479404 2909687 17220
8165506 3592090 3005576 17220
8421204 3704641 3101550 17883
8676561 3817635 3197741 18529
8931589 3930527 3293830 19166
8931589 4043256 3389780 19795
9440676 4155835 3485580 20418
9696317 4268289 3581267 21032
9951812 4380637 3676841 21638
9951812 4492885 3772553 22240
10461826 4605051 3868190 22837
10461826 4717166 3963733 22837
10716418 4829224 4059194 23431
10970823 4941810 4154920 24015
11225142 5052519 4154920 24587
11225142 5162877 4249724 25175
11469001 5273329 4339529 25763
11469001 5384405 4339529 26345
11699581 5495897 4424542 26921
12134378 5606830 4505813 27494
12356022 5717745 4637416 28062
12581009 5828714 4721478 28627
12808920 5939737 4841792 29192
13041023 6050262 4929014 29754
13275531 6160860 5017062 30316
13511952 6270994 5106019 30877
13750110 6381187 5195648 31438
13989638 6491508 5285855 31999
14230512 6601956 5376494 32558
14474151 6712531 5467564 33117
14718959 6822677 5559356 33676
14964653 6932916 5651525 34235
15211138 7043279 5743994 34791
15458261 7153766 5836982 35347
15705892 7264376 5930230 35903
15954099 7375093 6023639 36459
16202719 7485876 6117155 37015
16451605 7596712 6210735 37571
16700742 7707609 6304388 38127
16950163 7818567 6398136 38683
17199812 7929564 6491931 39237
17449642 8040614 6586133 39791
17699835 8151687 6680451 40346
17950170 8262781 6774782 40901
18200591 8373909 6869113 41457
18451081 8485065 6963437 42018
18701679 8596256 7057468 42579
18952387 8707461 7151523 43137
19203292 8818690 7245999 43695
19454309 8929955 7340562 43695
19705461 9041250 7435141 44254
20208101 9152564 7529770 44813
20459559 9263890 7624421 45372
20459559 9375137 7719090 45931
20709308 9484990 7813045 46484
20955745 9594852 7905725 47038
21202373 9704891 7998471 47594
21449528 9815098 8091368 48152
21697185 9925449 8184458 48710
21945416 10035929 8277698 49268
22194087 10147104 8371091 49823
22443179 10258373 8464630 50378
22692558 10369649 8558283 50934
22942265 10480927 8652055 51490
23192228 10592202 8745913 52047
23692329 10703470 8839813 52604
23692329 10814724 8933772 53161
24192818 10925969 9027804 53718
24443221 11037223 9121869 54275
24693778 11148484 9215994 54832
24944407 11259737 9310139 55389
25195133 11370995 9404330 55946
25445952 11482248 9498519 56503
25696884 11593504 9592716 57060
25947971 11704770 9686945 57617
26199211 11816049 9781214 58174
26450579 11927328 9875531 58731
26701953 12038597 9969869 59288
26953264 12149863 10064208 59846
27204617 12261138 10158547 60404
27456061 12372410 10252909 60962
27707548 12483684 10347283 61520
27960548 12594955 10441695 62075
28213671 12706226 10536126 62629
28466699 12817497 10630601 63183
28719659 12928774 10725113 63736
28972519 13040048 10819656 64289
29225284 13151322 10914213 64842
29477924 13262602 11008760 65396
29730413 13373878 11103319 65951
29982806 13485158 11197885 66506
30235166 13596438 11292481 67061
30487427 13707715 11387073 67616
30487427 13818940 11481644 68171
30739454 13928573 11576167 68720
30987597 14038171 11669220 69265
31482938 14147943 11817863 69819
31738160 14259862 11913257 70386
31998077 14373957 12049974 70965
32262168 14490011 12149333 71554
32529945 14607801 12250124 72150
32801174 14727136 12352470 72749
33075533 14847856 12455977 73964
33352662 15092765 12560369 74579
33632020 15216689 12665566 79313
