55758 57431 7723 1696
85125 125840 25932 1696
193175 164349 76357 1696
315120 247422 134901 2863
494432 293434 210679 2863
717143 398039 272341 3940
844032 457171 353333 3940
1123064 586553 407263 3940
1273394 655992 486728 4931
1430988 728474 584303 4931
1764019 803707 647654 5849
1939883 959323 712995 5849
2118948 1039207 806819 6706
2302243 1120937 875693 6706
2489618 1204393 945765 7508
2679070 1288805 1016969 7508
3065661 1374599 1132451 8266
3262184 1461063 1205579 8988
3459849 1548093 1279437 8988
3658299 1636190 1353917 9677
3858762 1724716 1384043 9677
3858762 1814138 1496870 10292
4229814 1898816 1566595 10877
4415738 1981382 1636002 11444
4603648 2065116 1706589 11998
4793349 2235055 1777889 11998
4986237 2321084 1879047 12540
5180648 2408287 1922386 13069
5180648 2496558 1951980 13590
5373399 2584612 2023385 14114
5556807 2672788 2091341 14629
5734986 2762169 2158952 15136
5918190 2851352 2227327 15633
6103846 2940692 2297010 15633
6291449 3030230 2410304 16125
6480761 3119970 2482046 16614
6671609 3209898 2554350 17102
7057431 3299984 2627490 17588
7253665 3389701 2701042 18067
7451052 3479558 2775157 18544
7649303 3569601 2849651 19018
7848285 3659793 2924737 19489
8047845 3750094 3000013 19958
8248000 3840522 3075508 20428
8448651 3931045 3151165 20895
8649802 4022236 3226952 21362
8851393 4113530 3302920 21828
9053374 4204834 3378994 22295
9255679 4296148 3455146 22761
9458243 4387489 3531448 23229
9661075 4478841 3638654 23696
9864118 4570213 3715073 24163
10067346 4661570 3791552 24626
10272275 4752935 3868156 25089
10477401 4844311 3944750 25552
10682601 4935687 4021443 26013
10887828 5027088 4098385 26474
11093014 5118478 4175338 26935
11298214 5209882 4252364 27395
11503430 5301301 4329348 27855
11708707 5392719 4406391 27855
11912923 5484028 4451898 28315
12113926 5574013 4527815 28768
12314945 5663955 4603226 29223
12516206 5753998 4678775 29678
12717912 5844177 4754418 30133
12919981 5934502 4830229 30588
13122352 6024943 4936955 31043
13325011 6115481 5013079 31498
13527929 6206137 5089262 31953
13731128 6296881 5165542 32410
13934483 6387706 5241877 32867
14137968 6478577 5318233 33325
14341560 6569496 5394708 33783
14545389 6660477 5471220 34241
14749349 6751494 5548125 34697
14953409 6842556 5625068 35153
15157554 6933658 5701695 35614
15361773 7024799 5778388 36075
15566142 7115986 5855412 36534
15770637 7207203 5932491 36993
15975182 7298442 6009575 37452
16179716 7389680 6086589 37911
16384348 7480932 6163682 38370
16589012 7572206 6240742 38830
16793785 7663497 6317817 39289
16998573 7754792 6394884 39749
17203343 7846094 6471900 40209
17408163 7937406 6548992 40669
17613019 8028725 6626016 41129
17817885 8120055 6703066 41590
18022732 8211404 6780093 42051
18227690 8302770 6857145 42512
18432655 8394150 6934224 42975
18637590 8485538 7011246 43437
18842580 8576915 7088306 43900
19047567 8668308 7165346 44362
19252646 8759702 7242404 44824
19457688 8851102 7319460 45286
19662732 8942493 7396485 45746
19867893 9034449 7473585 46205
20072999 9126304 7519426 46658
20274980 9216809 7595757 47111
20476856 9307238 7671610 47564
20679005 9397763 7747525 48018
20881481 9488389 7823500 48472
21084229 9579095 7899653 48928
21287087 9669876 8006699 49384
21490162 9760711 8052059 49840
21693438 9851617 8159343 50297
21896961 9942593 8235807 50754
22100740 10033626 8312359 51211
22304726 10124731 8388963 51668
22508843 10215878 8465646 52126
22713098 10307059 8542344 52582
22918902 10398270 8619124 53038
23124829 10489502 8695928 53494
23330737 10580756 8772768 53950
23536570 10672035 8849642 54407
23742299 10763326 8926494 54864
23948002 10854627 9003430 55322
24153679 10945947 9080353 55777
24359354 11037270 9157530 56236
24565045 11128605 9234548 56696
24770691 11219971 9311531 57154
24976326 11311354 9388827 57612
25182001 11402756 9466066 58070
25387626 11494175 9543337 58533
25593206 11585619 9620369 58996
25798771 11677065 9697407 59457
26004272 11768496 9774662 59918
26209742 11859912 9851876 60379
26415179 11951328 9929138 60840
26620513 12042721 10006295 61301
26825831 12134108 10083489 61762
27031188 12225512 10160644 62223
27236508 12316926 10237793 62223
27441854 12408357 10314958 62685
27647173 12499787 10392100 63146
27852649 12591231 10469345 63607
28058135 12682690 10546529 64067
28263469 12774094 10592362 64528
28464662 12863786 10668572 64980
28665769 12953428 10744142 65432
28867284 13043223 10819762 65884
29069129 13133185 10895029 66332
29269697 13222554 10970862 66784
29472723 13313000 11078462 67237
29678185 13404581 11156327 67696
29885977 13497207 11235061 68635
30095926 13590795 11314174 69113
30307774 13685221 11393977 69591
30521390 13780403 11474721 70073
30736601 13876260 11556051 70557
30953187 13972722 11637864 71043
31171024 14069717 11769040 71538
31389966 14167207 11851803 72032
31609915 14265123 11935025 72527
31830776 14363423 12018433 73025
32052491 14561008 12102131 73523
32497768 14660205 12185705 74028
32721314 14759642 12269791 74532
32945226 14859286 12354151 75036
33169687 14959124 12438588 75541
33394568 15059133 12523171 76046
33619799 15159294 12607940 76551
33845483 15259603 12692761 77056
34071479 15360033 12777722 77562
34297622 15460565 12812142 79550
34297622 15561189 12846551 86707
