52368 28500 7724 1093
79003 91611 26387 1093
179456 130911 81119 2404
299559 213288 140013 2404
474794 307751 188895 2404
696310 361680 275196 3619
822572 481960 344158 3619
1100646 547512 431308 3619
1250624 615786 485498 4613
1392354 687126 540822 4613
1680986 754722 617897 4613
1834933 891523 711303 5527
1995650 964249 772375 5527
2160819 1038972 861014 6379
2507590 1116088 926473 6379
2686587 1276142 993441 7176
2869784 1358619 1103533 7929
3055414 1442135 1173869 7929
3246303 1526514 1245205 8643
3439141 1611660 1317214 9327
3633339 1697510 1390333 9327
3830278 1784575 1463925 9982
4026918 1872784 1538193 10608
4225829 1962007 1643650 10608
4426667 2051581 1719295 11217
4834789 2141230 1795773 11801
5040110 2231632 1872371 12372
5245503 2322219 1949048 12372
5450833 2412916 2026032 12929
5657778 2503702 2103062 13472
5864530 2595173 2180756 14006
6072295 2687326 2258881 14534
6281418 2779928 2337143 15055
6490366 2872328 2415337 15567
6699106 2964645 2493684 16075
6907322 3056924 2572238 16075
7116393 3242886 2651071 16583
7328312 3336367 2730371 17081
7540005 3336367 2809491 17575
7751137 3429713 2888486 18067
7961757 3615896 2967268 18556
8171586 3709306 3046154 19044
8380945 3709306 3125019 19532
8591414 3802980 3203821 20017
8801594 3895977 3282457 20502
9011411 3988802 3360985 20985
9219545 4081480 3439368 21466
9427456 4174619 3517688 21946
9636239 4267671 3596161 22423
9636239 4360596 3674756 22892
9845786 4453114 3752090 23361
10257298 4544416 3829628 23832
10464802 4636049 3907401 24302
10464802 4727556 3985121 24772
10672399 4819083 4062839 25242
10878571 4911191 4140507 25712
11084616 5003323 4218161 26181
11496755 5095397 4295784 26650
11704363 5187438 4373417 27117
11911973 5278956 4451066 27117
12119525 5370453 4528690 27584
12328490 5461973 4606699 28043
12537149 5554095 4684932 28504
12744356 5646834 4763976 28965
12951487 5739389 4842959 29427
13161471 5831868 4921300 29889
13371365 5924290 4999498 30351
13580941 6016640 5077623 30813
13788930 6108923 5155724 31275
13996608 6201720 5233696 31737
14204160 6294445 5311681 32199
14411489 6387061 5389539 32661
14618674 6479565 5467367 33123
14826858 6571959 5545382 33587
15036390 6664305 5623523 34051
15245707 6756420 5701617 34515
15454445 6848469 5779872 34980
15662849 6941056 5858258 35445
15871066 7034002 5936524 35910
16078981 7126858 6014744 36375
16287789 7219574 6093083 36842
16497841 7312193 6171551 37309
16707646 7404554 6249895 37775
16916768 7496818 6328390 38242
17125442 7589570 6406923 38709
17333865 7682672 6485332 39176
17541978 7775668 6563637 39642
17751017 7868509 6642072 40109
17961232 7961222 6720628 40576
17961232 8053671 6798998 41037
18170950 8145986 6876285 41498
18376480 8237518 6953425 41959
18581752 8328971 7030621 42420
18787052 8420435 7107825 42882
18992447 8511924 7185060 43344
19197969 8603431 7262286 43807
19403397 8694949 7339483 44269
19608902 8786456 7416773 44732
19814464 8877985 7494004 45192
20020015 8969515 7571524 45656
20225713 9061068 7648831 46118
20638330 9152623 7726603 46582
20846610 9244193 7804576 47045
20846610 9335638 7882520 47509
21055026 9427102 7960463 47973
21261903 9519158 8038291 48437
21468576 9611235 8116148 48901
21675207 9703265 8193900 49366
21881761 9795263 8271644 49831
22088265 9887220 8349317 50295
22294693 9979140 8426972 50759
22501102 10071010 8504580 51223
22707407 10162862 8582160 51688
22913713 10254694 8659761 52152
23120000 10346521 8737315 52617
23326406 10438355 8814904 53081
23532713 10530153 8892411 53546
23738896 10621927 8969926 54010
23945089 10713684 9047374 54474
24151170 10805424 9124837 54937
24357311 10897146 9202329 54937
24769789 10988868 9279793 55401
24979063 11080598 9357337 55860
25188376 11172324 9435160 56317
25188376 11264061 9513293 56775
25397252 11356362 9591848 57234
25604609 11449075 9670369 57693
25811799 11541733 9748504 58153
26020153 11634287 9826226 58621
26227177 11726747 9872354 59086
26435148 11819050 9949158 59546
26638152 11909570 10056532 60001
26842358 12000027 10133375 60458
27048094 12090628 10210481 60915
27255506 12181197 10256416 61373
27461589 12272448 10363959 61827
27665482 12362956 10441136 62286
28079822 12454429 10519168 62750
28290363 12640487 10598047 63218
28502781 12734878 10677678 63690
28716926 12830050 10757945 64166
28932594 12925922 10838829 65129
29149771 13022411 10969006 65615
29368144 13119469 11051209 66104
29587747 13217029 11134156 66595
29808175 13315045 11217421 67090
30031000 13413882 11301185 67586
30254663 13513062 11385131 68082
30478807 13612502 11469373 68580
30703521 13712155 11553755 69079
30928667 13812024 11638291 69578
31154228 13912073 11723056 70080
31380181 14012265 11807868 70582
31606422 14112607 11892811 71084
31832927 14213058 11977937 71588
32059817 14313641 12063104 72092
32286879 14414334 12148375 72596
32514206 14515127 12233781 73103
32741777 14616010 12319178 73610
32969438 14716966 12404639 74117
33197185 14817969 12490225 74624
33425142 14919018 12575814 75132
33653225 15020131 12661439 75640
33881307 15121289 12747173 76148
34109563 15222477 12832899 77167
