387316 86253 147695 1662
602525 279076 229804 1662
831318 383972 317032 3195
1323399 494009 503896 3195
1583817 607789 602608 4618
1853047 846780 704562 4618
2128265 970468 808649 5944
2410428 1096901 915193 5944
2991461 1225194 1068186 7186
3289089 1355672 1245804 7186
3589672 1487507 1359483 8357
3894381 1620470 1474304 8357
4201157 1754395 1590228 9466
4509584 1889839 1706347 10523
4821007 2026678 1823628 10523
5133955 2164759 1941721 11531
5449712 2302748 2060440 12499
5766247 2580341 2179866 13431
6083511 2719937 2299489 13431
6401433 2860248 2419252 14337
6722610 3001281 2539520 15218
7044068 3142409 2660632 16075
7365662 3283566 2781788 16914
7687287 3424744 2902871 16914
8010421 3566549 3023833 17734
8333479 3708341 3144801 18541
8656263 3845927 3263152 19314
8656263 3981650 3310581 20065
8967753 4117364 3377963 20820
9262999 4253565 3487587 21579
9551926 4390288 3596116 22335
9843382 4527547 3705643 23084
10437329 4665262 3928832 23828
10739227 4803380 4041925 24569
11043358 4941851 4156178 25304
11349415 5080050 4271527 26037
11657188 5218547 4387423 26769
11966523 5357371 4503940 27500
12278764 5495887 4620893 28231
12592211 5634647 4738209 28962
12906499 5773686 4855945 29693
13221529 5912995 4973976 29693
13537359 6052520 5092289 30422
13853819 6192238 5211167 31147
14170811 6332135 5330271 31871
14489810 6472196 5449471 32592
14809263 6612409 5568871 33313
15128986 6753347 5688485 34031
15448896 6894404 5808200 34748
15768994 7035498 5927959 35466
16089195 7176605 6047808 36184
16409490 7317742 6167795 36901
16729882 7458894 6287842 37618
17050349 7600063 6407906 38335
17370885 7741239 6527990 39052
17691450 7882415 6648165 39769
18012034 8023589 6768416 40484
18332663 8164755 6888640 41198
18653375 8305925 7008867 41912
18974208 8447101 7129547 42622
19295125 8588286 7250359 43332
19616171 8729485 7371162 44042
19937368 8870721 7491928 44753
20258616 9011972 7612688 45464
20579931 9153219 7733513 46175
20901271 9294470 7854369 46886
21222571 9435721 7974863 47599
21542789 9576866 8093607 48306
21857197 9716037 8211501 49014
22171613 9855222 8329615 49724
22486594 9994615 8447923 50434
22802300 10134221 8566828 51141
23118730 10274030 8686031 51849
23435711 10414012 8805426 52557
23753242 10554152 8924935 53265
24071296 10694431 9044602 53973
24389716 10834812 9164435 54681
24708419 10975284 9284345 55389
25027450 11115859 9404278 56097
25346724 11256506 9524292 56806
25666188 11397214 9644413 57515
25985758 11537972 9764558 58224
26305480 11678792 9884710 58933
26625394 11819660 10004897 59643
26945405 11960560 10125147 60354
27265415 12101473 10245425 61064
27585533 12242423 10365686 61774
27905787 12383383 10485944 62484
28226029 12524356 10606204 63195
28546202 12665321 10726531 63906
28866456 12806297 10846819 64617
29186718 12947285 10967063 65328
29507076 13088275 11087350 66038
29827344 13229253 11207683 66748
30147557 13370229 11327983 67460
30467804 13511227 11448227 68173
30788104 13652231 11568482 68885
31108407 13793248 11688790 69596
31428747 13934267 11809141 70306
31749103 14075281 11929438 71017
32069475 14216295 12049701 71730
32389841 14357309 12169960 72443
32710045 14498298 12290271 73156
33030239 14639283 12410531 73869
33350453 14780257 12530730 74583
