176637 89884 70854 1308
359809 190453 119764 1308
592000 242100 203163 1308
712126 354849 299617 2388
991624 420345 355460 2388
1148585 490746 438581 2388
1308243 637265 500423 3380
1643372 714303 603316 3380
1818194 792940 669760 4298
1997927 873575 737588 4298
2180485 956083 835272 5154
2366891 1039643 906430 5154
2555340 1210392 978301 5957
2747122 1297359 1051286 5957
2940504 1384874 1124707 6715
3136636 1473417 1199085 7433
3333829 1562336 1273836 7433
3733422 1651542 1348978 8119
3935587 1741579 1424684 8775
4138232 1831842 1500626 8775
4341143 1922813 1577133 9404
4545644 2013910 1653775 10013
4750508 2105060 1776134 10013
4955488 2196284 1853426 10605
5160481 2288105 1930830 11179
5366919 2379952 2008140 11739
5573295 2471767 2085470 12289
5779692 2563548 2163044 12823
5985972 2655870 2240840 12823
6192106 2748165 2318613 13349
6399563 2840387 2396275 13866
6606907 2932528 2473928 14376
6814108 3024608 2551493 14882
7021137 3116638 2629055 15382
7228085 3208605 2706763 15878
7434763 3300523 2784445 16370
7641362 3392950 2862385 16857
7847768 3485360 2940246 17341
8054068 3577681 3018097 17825
8260313 3669941 3095820 17825
8466475 3762144 3173536 18307
8672702 3854284 3204978 18788
8878683 3946306 3282562 19266
9082066 4036740 3358745 19734
9285247 4127092 3434827 20201
9488542 4217539 3511039 20668
9692125 4308096 3587261 21135
9895834 4398761 3663625 21601
10099831 4489512 3740058 22066
10303905 4580356 3816548 22531
10508062 4671285 3893180 22996
10712298 4762272 3969743 23463
10916532 4853321 4046366 23930
11120940 4944427 4123021 24397
11325405 5035604 4199695 24863
11529950 5126827 4276526 25329
11734625 5218075 4353289 25794
11939386 5309371 4430151 26259
12144259 5400689 4507025 26720
12349134 5492027 4584151 27182
12554026 5583372 4661330 27644
12759025 5674741 4738432 28106
12964024 5766130 4815596 28568
13169174 5857533 4892739 29028
13374371 5949522 4969918 29488
13579647 6041528 5092934 29948
13785018 6133512 5170458 30406
13990456 6225470 5248053 30864
14196010 6317409 5279388 31323
14401568 6409331 5356965 31785
14607167 6501227 5480055 32248
14812722 6593105 5557601 32708
15018360 6684946 5635135 33168
15223940 6776787 5712635 33627
15429553 6868565 5790184 34086
15635233 6960330 5867641 34546
15840834 7052083 5945107 35006
16046554 7143821 6022519 35467
16252161 7235560 6099925 35927
16457844 7327279 6177331 36388
16663531 7419003 6254705 36848
16869222 7510719 6286088 36848
17074891 7602381 6363403 37309
17277601 7692846 6439683 37764
17480372 7783275 6515879 38219
17683444 7873822 6592180 38674
17886755 7964496 6668642 39130
18090339 8055271 6745108 39588
18294028 8146109 6821685 40045
18497924 8237026 6898304 40503
18701958 8328023 6974948 40961
18906022 8419097 7051697 41421
19110257 8510232 7128385 41883
19314495 8601428 7205167 42345
19518920 8692654 7281947 42807
19724893 8783930 7358783 43266
19929530 8875232 7435666 43730
20134130 8966548 7512458 44194
20340120 9057895 7589335 44656
20546347 9149271 7666226 45118
20752593 9240685 7743186 45580
20958798 9332129 7820218 46042
21164979 9423593 7897213 46504
21371023 9515062 7974299 46968
21577058 9606534 8051316 47432
21783006 9698035 8128389 47896
21989004 9789544 8205491 48360
22194976 9881076 8282581 48824
22400839 9972608 8359773 49287
22606718 10064141 8436869 49750
22812441 10155672 8514008 50213
23018217 10247195 8591100 50676
23223827 10338727 8668200 51139
23429365 10430247 8745309 51602
23634954 10521779 8822354 52064
23840537 10613326 8899522 52526
24046162 10704867 8976613 52989
24251672 10796395 9053744 53451
24457202 10887910 9130842 53915
24662578 10979428 9207904 54379
24867929 11070946 9285023 54843
25073336 11162462 9362082 55307
25073336 11253967 9439179 55764
25278637 11343815 9514799 56221
25480093 11433667 9590428 56678
25883413 11523688 9666244 57137
26085583 11613873 9742110 57593
26085583 11704210 9818407 58043
26488718 11793503 9893688 58497
26691791 11883854 10015688 58954
26897478 11976026 10093484 59415
27105651 12069302 10172050 59882
27315852 12163487 10251691 60357
27529273 12258328 10331985 60835
27744389 12354477 10413089 61316
27961120 12451275 10494705 61800
28179072 12548615 10610214 62286
28398285 12646416 10692925 62776
28618514 12744649 10776274 63265
28839737 12843243 10860014 63756
29061775 12942168 10943968 64249
29284524 13140844 11028114 64743
29508026 13240543 11112510 65238
29732047 13340456 11197032 65734
29956591 13440526 11281709 66232
30181671 13540780 11366259 66736
30406977 13641141 11451176 67238
30632709 13741631 11536278 67741
30858784 13842245 11621478 68245
31085138 13942967 11706726 68749
31311854 14043768 11792098 69254
31538844 14144674 11877539 69761
31765990 14245660 11963023 70268
31993437 14346716 12048611 70775
32221095 14447836 12134258 71283
32448767 14549008 12219863 71792
32676644 14650204 12305534 72301
32904670 14751454 12391277 72811
33132732 14852736 12477003 73322
33360936 14954058 12562775 73833
33589266 15055416 12648619 74344
33817604 15156790 12734416 74855
34045994 15257865 12819940 76454
