23200 29792 6757 1269
71521 94520 22854 2273
168558 134536 67047 2273
287814 216960 121570 3273
470382 261918 194073 3273
697377 365432 253317 3273
825036 486055 351600 4199
1106719 552069 405986 4199
1259169 620720 499068 5060
1418491 692401 584907 5060
1752401 843251 648647 5865
1927572 921836 713989 5865
2105894 1001818 780858 6623
2288450 1083622 849029 7342
2473531 1166535 960488 7342
2662188 1250977 1031789 8026
2852682 1336254 1133120 8680
3044723 1422782 1206334 8680
3239610 1597558 1279996 9309
3435774 1686198 1354328 9915
3832284 1775230 1429231 10501
4032431 1864546 1504360 10501
4233068 1954111 1579988 11073
4434216 2044467 1655754 11632
4637314 2135033 1731969 12177
4840748 2225703 1808352 12691
4840748 2312744 1880880 12691
5223758 2398248 1952243 13189
5414522 2484717 2024015 13679
5608283 2571791 2096301 14164
5803415 2659349 2169370 14644
5999550 2747322 2242914 15122
6196619 2835683 2316844 15599
6394498 2924377 2391036 16071
6593178 3013386 2465775 16543
6792449 3102668 2540809 17015
6992328 3192196 2615976 17487
7192800 3281946 2691382 17955
7393798 3372461 2766993 18423
7595266 3463171 2842715 18887
7798669 3553988 2918681 19351
8002487 3644917 2994741 19813
8206521 3735866 3070897 20275
8410739 3826888 3147247 20734
8615042 3917976 3223935 21193
8819599 4009116 3300773 21651
9024179 4100304 3377636 22109
9228939 4191540 3454516 22568
9433673 4282801 3531445 23028
9638386 4374094 3608300 23028
9843201 4465409 3685234 23488
10048080 4556765 3762179 23948
10253091 4648151 3839149 24408
10458160 4739572 3916198 24868
10663323 4831019 3993199 25329
10868512 4922490 4070297 25789
11073820 5013970 4147406 26249
11279198 5105451 4224515 26709
11484507 5196936 4301650 27170
11689838 5288422 4378711 27627
11895229 5379923 4456127 28087
12100714 5471447 4533309 28545
12306253 5562976 4610738 29008
12511756 5654519 4687952 29471
12717298 5746067 4765126 29935
12922752 5837609 4842326 30399
13128124 5929101 4919436 30860
13329925 6019093 4996005 31314
13531761 6109063 5071993 31768
13733978 6199186 5148084 32224
13936436 6289462 5224260 32680
14139187 6379857 5300478 33136
14342252 6470371 5376888 33592
14545605 6561017 5453323 34049
14749176 6651771 5529844 34507
14952901 6742621 5606429 34965
15156863 6833573 5683052 35424
15361018 6924595 5759821 35882
15565372 7015684 5836614 36341
15769919 7106829 5913470 36797
15974538 7198568 5990354 37254
16179281 7290362 6067266 37710
16384224 7382144 6144275 38168
16589260 7473939 6221277 38624
16795908 7565717 6298367 39080
17002641 7657502 6375489 39536
17209379 7749262 6452631 39992
17416078 7841025 6529842 40450
17622694 7932783 6607022 40907
17829272 8024533 6684304 41365
18035742 8116290 6761526 41823
18242199 8208040 6838790 42282
18448546 8299794 6916027 42741
18654835 8391529 6993259 43200
18861133 8483264 7070538 43659
19067350 8574993 7147771 44118
19273568 8666712 7271033 44577
19479711 8758426 7348634 45033
19685946 8850133 7379974 45490
19892027 8941838 7457577 45946
20098164 9033535 7535155 46404
20304282 9125227 7612758 46862
20510390 9216929 7690281 47321
20716493 9308617 7767828 47780
20922555 9400316 7845340 48240
21128640 9492019 7922822 48240
21334554 9583671 8000266 48700
21537246 9673953 8076917 49154
21739782 9764185 8153098 49609
21942508 9854538 8229244 50065
22145522 9945022 8305511 50522
22348768 10035623 8381867 50979
22552386 10126338 8458298 51436
22756179 10217148 8534887 52352
22960182 10308063 8611495 52352
23164387 10399050 8688173 52813
23368648 10490098 8764902 53274
23573034 10581211 8841630 53735
23777530 10672361 8918480 54196
23982006 10763559 8995272 54657
24186561 10854784 9072092 55118
24391043 10946030 9148915 55579
24595724 11037329 9225739 56041
24800426 11128654 9302658 56503
25005225 11220022 9379547 56965
25210117 11311414 9456502 57427
25415053 11402838 9533467 57889
25620132 11494286 9610440 58350
25825238 11585756 9687486 58812
26030351 11677250 9764469 59274
26235524 11768745 9841543 59736
26440635 11860235 9918581 60198
26645778 11951729 9995607 60660
26850872 12043222 10072653 61122
27055956 12134716 10149637 61583
27261105 12226210 10226730 62044
27466345 12317717 10303790 62502
27671630 12409233 10381117 62961
27876901 12500751 10458430 63420
28082290 12592292 10535727 63879
28287679 12683839 10613070 64338
28493096 12775420 10690340 64798
28698513 12867014 10767668 65264
28903883 12958636 10844728 65730
29109259 13050243 10921789 66196
29314617 13141849 10998858 66659
29519934 13233414 11076121 67122
29721211 13323261 11152481 67576
29922489 13413083 11228175 68030
30124161 13503061 11303998 68480
30323989 13592312 11379102 68934
30526344 13682682 11455122 69395
30731339 13774234 11578594 69860
30938852 13866878 11657004 70331
31148681 13960497 11768720 70805
31361577 14055443 11849329 71287
31576188 14151157 11930530 71772
31792323 14247522 12012262 72260
32228636 14442533 12094443 72747
32448488 14541057 12177031 73238
32669183 14639930 12259922 73731
32890883 14739109 12343231 74225
33113319 14838575 12426780 74722
33337990 14938282 12510613 75718
33562000 15038224 12594691 75718
33786365 15138356 12678935 76220
34012714 15238635 12763433 76719
34239694 15339076 12848106 79252
