0 28447 6738 2390
45907 86482 26338 2390
100045 160316 55639 2390
294844 200856 105488 3507
476817 290661 171348 3507
583388 341243 255231 3507
827423 454531 321515 4540
963658 517458 407405 4540
1257289 653471 486615 5492
1415061 725095 547078 5492
1577651 799429 609587 6379
1746101 875638 713442 6379
2097466 954099 807384 7210
2279311 1115812 876492 7210
2463764 1198714 946744 7990
2651861 1283150 1018025 8729
2841913 1368433 1090152 8729
3035095 1455006 1162822 9435
3229727 1542221 1236351 9435
3427095 1630517 1310570 10107
3625518 1719241 1385442 10748
3826173 1808877 1460850 11369
4027632 1898824 1536544 11369
4229607 1988967 1612709 11969
4432093 2079291 1689286 12550
4636541 2170340 1766005 12550
4841248 2261518 1843092 13115
5046204 2352782 1920308 13663
5254302 2444095 2029167 14202
5462542 2535472 2075243 14733
5669463 2627460 2152763 15243
5868134 2716731 2227248 15738
6062140 2803935 2300233 15738
6256715 2891350 2373386 16226
6452428 2979206 2447189 16707
6652478 3067495 2565716 17186
6853576 3156158 2671109 17664
7256670 3245756 2746670 18142
7458876 3336030 2822412 18618
7662895 3426509 2898348 19094
7867464 3516610 2974830 19566
8072162 3606853 3051411 20037
8275862 3697246 3128124 20508
8479682 3788368 3204911 20975
8683769 3879622 3281981 21442
8889611 3970946 3359208 21909
9095615 4061821 3436427 22377
9301725 4152748 3513699 22844
9506641 4243772 3590989 23311
9711611 4335449 3668307 23773
9919722 4518981 3745681 24235
10128012 4518981 3823044 24697
10336243 4702569 3900514 25159
10542966 4794942 3977930 25622
10749509 4887317 4055359 26085
10956017 4979628 4132767 26549
11162455 5071880 4210170 27012
11368867 5164071 4287582 27478
11576360 5256247 4365226 27944
11785262 5348234 4443112 28410
11994039 5348234 4520935 28876
12202614 5532107 4598750 29343
12409609 5624568 4676494 29809
12616381 5717003 4754201 30275
12823070 5809358 4831863 30741
13029648 5901639 4909479 30741
13236174 5993858 4987079 31207
13442613 5993858 5064617 31672
13650489 6086018 5142208 32138
13858305 6269180 5219744 32603
13858305 6269180 5297264 33068
14064555 6361210 5374073 33526
14267813 6452049 5450414 33985
14674393 6542812 5526804 34443
14878022 6633649 5603259 34901
15081928 6724577 5679863 35359
15286031 6815590 5756530 35817
15490400 6906670 5833286 36274
15696150 6997816 5910732 36731
15903527 7089058 5988394 37188
16111051 7180201 6066106 37645
16317080 7271397 6143461 38108
16523015 7363211 6220814 38571
16728999 7455093 6298502 39032
16935009 7546982 6376206 39491
17141102 7638854 6453926 39951
17347193 7730704 6531595 40411
17554886 7822545 6609304 40872
17762181 8005768 6687188 41335
17969360 8098098 6765216 41798
18176389 8190403 6843191 42258
18383384 8282661 6921336 42718
18591446 8282661 6999707 43180
18800796 8374889 7078121 43642
19010041 8558898 7156534 44104
19217659 8651407 7234795 44566
19425064 8743908 7313004 45028
19632307 8836331 7391104 45490
19839478 8928688 7469173 45953
20046543 9020975 7547172 46415
20253605 9113203 7625130 46877
20461733 9113203 7703299 47339
20671173 9205406 7781600 47802
20880480 9389386 7859842 48264
21088216 9481911 7937975 48728
21295736 9574428 8016116 49191
21503119 9666876 8094151 49655
21710406 9759272 8172185 50118
21917672 9851609 8250142 50582
22124890 9851609 8328093 51041
22124890 9943906 8359675 51494
22334674 10036115 8450935 51944
22538376 10126875 8527885 52396
22945512 10216835 8635492 52853
23153761 10400021 8713442 53316
23364248 10493220 8792205 53789
23575338 10587363 8871772 54263
23789758 10682331 8952034 54746
24004484 10778039 9032895 55232
24220596 10874394 9114294 55721
24438145 10971348 9196223 56209
24658527 11068827 9278629 56699
24880142 11166785 9361469 57192
25102531 11265160 9444614 57686
25325684 11363898 9528125 58181
25549464 11462975 9611863 58678
25773809 11562335 9695835 59177
25998705 11661960 9780058 59678
26223933 11761813 9864411 60179
26449605 11861852 9948966 60681
26675668 11962074 10033674 61185
26901919 12062440 10118484 61689
27128502 12162927 10203448 62195
27355282 12263548 10288476 62702
27582210 12364275 10373584 63209
27809439 12465096 10458837 63716
28036958 12566019 10544167 64223
28264578 12667011 10629564 64731
28492411 12768064 10715053 65239
28720296 12869179 10800533 65749
28948069 12970324 10886007 66260
29175977 13071511 10971548 66771
29404010 13172754 11057134 67282
29632078 13274040 11142689 67794
29860103 13375321 11228295 68306
30088188 13476637 11313918 68818
30316301 13577979 11399517 69330
30544559 13679350 11485208 69842
30772986 13780762 11570974 70354
31001414 13882193 11656715 70865
31229838 13983635 11742396 71376
31457954 14084913 11827363 71881
31682825 14184847 11911798 72386
31907683 14284797 11996318 72892
32133038 14384912 12081035 73399
32358726 14485185 12165825 73906
32584638 14585604 12250730 74414
32810860 14686149 12335751 74924
33037253 14786802 12420790 75434
33263902 14887549 12505932 75944
33490823 14988393 12591195 76454
33717884 15089328 12676476 76965
33945163 15190353 12761842 77477
34172520 15291443 12847286 83314
