253522 109830 88863 1578
522063 172548 193969 1578
856296 316110 278877 1578
1043851 397129 390725 3044
1243017 574012 495465 3044
1663396 667888 575760 4394
1886598 765551 659333 4394
2117435 866691 797621 5643
2354932 1076405 923315 5643
2598536 1184397 1015490 5643
2844302 1294566 1109541 6808
3348064 1406738 1204978 7898
3607215 1520046 1301334 7898
3868433 1634908 1398686 8925
4132687 1750534 1496989 8925
4396672 1867364 1596419 9896
4663346 1984771 1696704 9896
4931226 2102641 1797611 10819
5184019 2221518 1895152 11637
5432573 2333873 1988839 11637
5683052 2444266 2082314 12413
5683052 2553580 2175199 12413
5929635 2661017 2266403 13151
6170856 2767201 2356315 13854
6408212 2767201 2444852 13854
6642087 2871817 2480380 14530
6875628 2974991 2532160 15179
7106395 3076889 2618383 15804
7334252 3178146 2704197 15804
7559675 3278768 2789468 16411
7784250 3378424 2874187 16999
8006928 3477178 2958163 17573
8229209 3575152 3041160 18134
8449834 3672424 3123684 18134
8449834 3769599 3205725 18683
8668877 3866217 3287488 19223
8885246 3962272 3368800 19756
9100248 4057828 3449989 20280
9314361 4152961 3530811 20795
9529007 4247705 3611036 21304
9744280 4342088 3690857 21805
9958615 4436157 3770678 21805
10172134 4529948 3850521 22303
10383584 4624027 3930160 22795
10594296 4717876 4009497 23283
10804443 4811452 4088389 23768
11015511 4904808 4167006 24251
11226064 4997954 4245822 24731
11434864 5090913 4324459 25211
11643165 5183711 4402987 25688
11851184 5276359 4481066 26164
12060329 5368881 4559045 26639
12269296 5461294 4636955 27114
12477932 5553613 4715095 27589
12685004 5645840 4793530 28061
12891864 5737992 4871837 28530
13100002 5830071 4949824 28999
13309417 5922096 5027612 29468
13518548 5922096 5027612 29468
13727446 6014215 5105500 29937
13930829 6104479 5181946 30397
14133871 6194645 5258295 30858
14337055 6284912 5334691 31318
14540499 6375294 5411115 31778
14744187 6465788 5487683 32238
14949424 6556402 5563986 32699
15154899 6647118 5640358 33160
15359176 6737928 5717188 33621
15563385 6828814 5794030 34082
15767917 6919774 5870999 34543
15972412 7010801 5947940 35004
16177102 7101881 6024927 35466
16381885 7193014 6101952 35930
16588191 7284207 6178670 36394
16794635 7375454 6255492 36859
16999612 7466741 6332602 37324
17204600 7558031 6440981 37790
17409579 7649341 6518338 38253
17614655 7740670 6595793 38714
17819736 7832554 6673140 39175
18024762 7924451 6750467 39636
18231348 8016307 6827499 40098
18437931 8108130 6904495 40559
18643198 8199919 6981875 41021
18848274 8291676 7059203 41482
19053436 8383387 7105209 41943
19258618 8475067 7213919 42404
19463793 8566716 7259891 42866
19669054 8658354 7337214 43328
19875712 8749983 7414200 43791
20082317 8841569 7491167 44255
20287477 8933140 7568456 44719
20492451 9024693 7645687 45184
20697385 9116226 7722957 45649
20902270 9207750 7800125 46115
21107200 9299253 7877315 46581
21313543 9390743 7954163 47047
21519870 9482226 8030994 47513
21724817 9573697 8108182 47979
21926978 9665146 8185318 48439
22129179 9755421 8261473 48899
22333036 9845678 8337299 49360
22537166 9936039 8413212 49820
22740196 10026505 8489596 50281
22943175 10117068 8566024 50741
23146380 10207682 8642547 51203
23349733 10298377 8719073 51665
23553315 10389159 8795670 52127
23758515 10480006 8872080 52589
23963901 10570927 8948481 53051
24168068 10661906 9025327 53514
24372248 10752938 9102205 53977
24576494 10844026 9179109 54441
24780799 10935137 9256052 54903
24985314 11026286 9332975 55366
25189996 11117473 9409999 55829
25396168 11208708 9486730 56293
25602432 11299990 9563489 56757
25807395 11391294 9640637 57221
26012171 11482624 9717748 57682
26217125 11573916 9795265 58141
26423474 11665237 9872731 58604
26631457 11756586 9949686 59064
26839438 11847958 10026933 59526
27045911 11939344 10104506 59988
27252209 12030739 10182155 60451
27458421 12122151 10259700 60914
27664678 12213564 10337275 61378
27870861 12304999 10414778 61842
28078418 12396461 10491988 62306
28285918 12487940 10569190 62306
28492013 12579427 10646677 63235
28697937 12670929 10724243 63701
28903769 12762459 10801725 64167
29109531 12853974 10879177 64167
29316680 12945507 10956286 64633
29523806 13037040 11033379 65099
29729562 13128579 11110827 65565
29935249 13220132 11188244 66031
30136990 13311683 11264840 66488
30336371 13401470 11340217 66941
30539845 13491131 11415432 67399
30746062 13581903 11491614 67864
30953102 13766148 11647729 68333
31162407 13859448 11727175 68808
31373683 13953657 11807588 69284
31586995 14049276 11888654 70240
31802007 14145627 11970274 70724
32018605 14242517 12052010 71211
32237839 14339916 12134208 71709
32458369 14437655 12217202 72206
32679512 14536381 12301075 72705
32901551 14635495 12385196 73210
33347966 14734363 12469552 73714
33573710 14834067 12553847 74219
33800068 14934029 12638280 74726
34025282 15034183 12723203 75234
34025282 15134488 12757672 79085
