0 32748 6493 1921
47862 101470 21918 1921
102584 101470 51069 3028
229301 184388 111502 3028
376412 274542 189081 3028
574788 326045 246390 4081
814473 440366 322351 4081
947606 503240 394678 4949
1075134 569859 425085 4949
1340469 632788 495019 5749
1486436 759937 581005 5749
1640146 828465 661099 6499
1962504 899466 721825 6499
2130026 1048975 784580 7209
2302901 1126992 888594 7884
2479209 1206504 955674 7884
2660069 1287911 1051437 8530
2843732 1370492 1121556 9150
3031149 1454027 1192472 9150
3411917 1539030 1264251 9748
3606224 1624824 1336953 10327
3803056 1711712 1410634 10891
4000935 1799743 1485030 10891
4199611 1888212 1559690 11445
4400486 2066162 1634917 11986
4602003 2156156 1710450 12516
4804033 2246399 1786135 13036
5006354 2336792 1862173 13550
5209007 2427320 1983764 14060
5412059 2517993 2060441 14563
5616847 2608795 2137275 14563
5821946 2700266 2214158 15059
6027181 2791833 2291068 15551
6232487 2883442 2368105 16042
6437895 2975069 2445125 16527
6643414 3066710 2522450 17010
6849074 3158360 2599786 17492
7054703 3250010 2677117 17972
7260311 3341653 2754479 18451
7465978 3433294 2831780 18927
7671653 3524946 2909156 19403
7877403 3616601 2986479 19877
8083159 3708270 3063841 20352
8289017 3799953 3141510 20822
8497512 3892041 3219430 21292
8706020 3984155 3297528 21762
8914364 4076249 3375531 22233
9122425 4168295 3407102 22702
9329642 4260123 3484883 23163
9532401 4350084 3561634 23623
9735028 4440031 3637634 23623
9937882 4530118 3713677 24084
10141072 4620936 3835316 24542
10344617 4711917 3911668 25001
10548475 4802993 3988212 25460
10752678 4894155 4064823 25920
10957051 4985385 4141496 26381
11161581 5076674 4218308 26842
11366248 5168010 4295089 27304
11570965 5259377 4371967 27765
11775870 5350798 4448849 28229
11980757 5442232 4525766 28692
12185807 5533707 4602774 29155
12390956 5625208 4679767 29618
12596195 5716746 4756854 30082
12801601 5808309 4833944 30546
13007071 5899903 4911108 31010
13212737 5991523 4988323 31475
13418455 6083166 5065517 31936
13624173 6174825 5143025 32402
13829968 6266498 5220324 32865
14035835 6358167 5297879 33328
14241800 6449848 5375416 33790
14447780 6541546 5452967 34252
14653872 6633252 5530546 34714
14859984 6724973 5608053 35177
15066034 6816687 5685627 35640
15272101 6908399 5763095 36103
15478050 7000096 5840589 36566
15684043 7091786 5918018 37029
15889982 7183449 5995437 37493
16095863 7275108 6072831 37956
16301702 7366765 6150178 38420
16507522 7458416 6227588 38884
16713342 7550067 6304903 39348
16919065 7641698 6382259 39811
17124855 7733322 6459550 40275
17330532 7824934 6490906 40739
17536150 7916506 6568184 41196
17738100 7916506 6644590 41653
17940032 8096487 6720490 42110
18142345 8186639 6796404 42568
18344983 8276938 6872481 43026
18547843 8367361 6948634 43485
18751026 8457910 7024863 43944
18954412 8548566 7101249 44404
19158103 8639334 7223229 44864
19362065 8730215 7299826 45325
19566243 8821184 7376550 45786
19770741 8912249 7453296 46247
19975353 9003391 7530213 46709
20180198 9094589 7607092 47171
20385061 9185839 7684037 47635
20590002 9277132 7761009 48099
20795087 9368479 7838326 48561
21000346 9459869 7915799 49020
21207234 9551304 7992927 49479
21415603 9642760 8070125 49938
21623960 9734247 8147614 50398
21830771 9825750 8225120 50859
22037330 9917273 8302631 51319
22243824 10008820 8380090 51780
22450315 10100392 8457628 52240
22656823 10191997 8535097 52701
22863256 10283622 8612596 53161
23069712 10375268 8690083 53621
23276190 10466926 8767600 54078
23482713 10559152 8845167 54535
23689303 10651391 8922683 54992
23895887 10743592 9000268 55450
24102469 10835756 9077791 55908
24308962 10927870 9155344 56367
24515521 11019965 9232859 56827
24721989 11112028 9310371 57287
24928452 11204056 9387938 57748
25135000 11296064 9465444 58209
25341470 11388034 9543013 58671
25548006 11479990 9574408 58671
25754320 11479990 9651906 59133
25956941 11662079 9728559 59588
26160459 11752705 9804581 60045
26364354 11843488 9881117 60502
26568502 11934374 10003037 60960
26771249 12024795 10079568 61877
26976416 12116257 10156936 62345
27183895 12208799 10235196 62819
27393671 12302346 10346404 63297
27605417 12396780 10426561 63779
27819128 12492024 10507303 64265
28034507 12587975 10588690 64754
28251431 12684574 10670534 65244
28469677 12781733 10752919 65738
28689146 12879402 10835618 66233
28909674 12977521 10918758 66729
29353385 13076010 11002146 67229
29576415 13174849 11085826 67727
29800221 13274010 11170083 68230
30024656 13373464 11254313 68736
30249617 13473182 11338760 69243
30475035 13573122 11423401 69751
30700909 13673248 11508159 70258
30927155 13773536 11593342 70765
31153672 13873947 11678620 71273
31381646 13974507 11763960 71786
31609956 14075620 11849852 72299
31838355 14176874 11935834 72812
32066889 14278171 12021798 73326
32295506 14379517 12107802 73840
32524097 14480880 12193831 74353
32752769 14582269 12279825 74867
32981469 14683680 12365817 75381
33210176 14785117 12451848 75894
33438850 14886547 12537815 76406
33667652 14987982 12623783 76918
33896483 15089437 12709791 77431
34125265 15190908 12795795 77944
34354084 15292389 12881741 83875
