56284 74499 21197 0
173170 117470 80055 1244
322442 209573 145890 1244
532537 261669 233187 2427
794726 380576 304117 2427
940879 447667 396678 2427
1262560 593258 482871 3516
1436432 671711 548403 3516
1616159 752745 616437 4526
1802512 835968 760015 4526
2191708 1009428 834593 5468
2393368 1099225 911043 5468
2597972 1190362 988513 6352
2806688 1283248 1067474 6352
3017898 1377191 1143357 7114
3214868 1465605 1216394 7830
3407817 1552283 1289456 7830
3605058 1640775 1362793 8517
3800107 1728566 1436397 8517
3995908 1817216 1510635 9169
4194049 1906236 1585156 9798
4393155 1995553 1660278 10404
4592995 2085694 1735943 10404
4794877 2176057 1811769 10992
4997354 2266573 1888074 11562
5200317 2357224 1964825 12116
5404962 2448541 2041610 12659
5609893 2539948 2118453 12659
5814777 2631362 2195609 13192
6019689 2722792 2272759 13715
6224725 2814249 2350216 14226
6431174 2906276 2427630 14731
6637694 2998303 2505062 15232
6844211 3090280 2582433 15730
7050631 3182226 2659799 16221
7256958 3274140 2737488 16710
7463287 3366043 2815156 16710
7669651 3457943 2892869 17197
7875917 3549813 2970494 17678
8082166 3641667 3048357 18159
8288320 3733490 3126136 18635
8494491 3825852 3203890 19110
8700617 3918198 3281588 19581
8908103 4010458 3359227 20052
9115538 4102654 3436862 20522
9322831 4194792 3514410 20992
9529933 4286879 3591977 21462
9736887 4378910 3669465 21932
9943689 4470900 3746955 22402
10150322 4562848 3824365 22872
10356797 4654757 3901742 23342
10563153 4746636 3979110 23812
10769419 4838490 4056417 24282
10975587 4930334 4133771 24752
11181666 5022137 4211037 25220
11387612 5113906 4287430 25680
11589404 5203908 4363121 26140
11791107 5293870 4438838 26601
11993086 5383960 4514730 27062
12195354 5474200 4590680 27524
12398047 5564586 4666817 27986
12600997 5655097 4743052 28448
12804271 5745732 4819357 28908
13007748 5836457 4896151 28908
13211494 5927285 4972992 29368
13415466 6018203 5049888 29828
13619654 6109214 5126845 30288
13824039 6200303 5203816 30748
14028540 6291469 5280884 31208
14233303 6382698 5357966 31670
14438197 6473990 5435099 32132
14643256 6565341 5512264 32594
14848344 6656730 5589404 33056
15053509 6748150 5666622 33520
15258695 6839590 5743774 33984
15463967 6931078 5820994 34448
15669315 7022593 5898195 34912
15874744 7114140 5975432 35376
16080315 7205714 6052713 35841
16285898 7297308 6129975 36302
16491626 7388931 6207539 36763
16697373 7480557 6285083 37220
16903266 7572768 6362656 37681
17109186 7664480 6440196 38142
17315128 7756165 6517740 38604
17521164 7847861 6595302 39063
17727264 7940119 6672826 39523
17933358 8032377 6750407 39983
18139506 8124594 6827935 40443
18345627 8216771 6905520 40903
18551787 8308889 6983036 41361
18759319 8400964 7060551 41824
18965578 8493000 7138066 42284
19173139 8585004 7215546 42744
19380659 8676984 7293063 43204
19587825 8768870 7369631 43660
19790044 8859109 7445614 44116
19992106 8949303 7521583 44570
20195926 9039626 7597696 45024
20400122 9130107 7673971 45479
20604459 9220721 7750293 45936
20808951 9311457 7826770 46392
21013644 9402280 7903307 46848
21218519 9493191 7979940 47304
21423383 9584157 8056666 47760
21628305 9675179 8133354 48216
21833265 9766247 8210159 48672
22038300 9857376 8286951 49130
22243354 9948559 8363788 49588
22448585 10039805 8440731 50047
22653865 10131096 8517655 50506
22859169 10222439 8594665 50966
23064478 10313817 8671634 51426
23269840 10405222 8748649 51886
23475225 10496651 8825701 52345
23680688 10588101 8902743 52804
23886134 10679579 8979864 53263
24091557 10771050 9056931 53722
24297008 10862541 9134034 54183
24502430 10954034 9211114 54644
24707809 11045536 9288185 55105
24913253 11137030 9365326 55566
25118676 11228522 9442404 56028
25324050 11320014 9519524 56490
25529399 11411513 9596605 56952
25734839 11503024 9673714 57415
25940256 11594552 9750837 57878
26145731 11686103 9827942 58341
26351213 11777658 9905142 58804
26556758 11869227 9982286 59268
26762386 11960828 10059525 59728
26968092 12052448 10137073 60189
27173856 12144080 10214637 60650
27379666 12235723 10292222 60650
27585497 12327386 10369673 61113
27791143 12418995 10446324 61568
27993105 12509043 10522344 62023
28195014 12599082 10598408 62479
28397268 12689294 10674584 62935
28597977 12778676 10750236 63391
28801141 12869149 10826854 64318
29006922 12960810 10904387 64788
29215109 13053545 10982804 65262
29425467 13147244 11141915 65739
29851837 13337174 11222531 66220
30067412 13433192 11303620 66704
30284432 13529845 11385309 67191
30502727 13627036 11467383 67679
30722132 13724716 11549900 68171
30942520 13822830 11632770 68664
31163732 13921314 11715911 69158
31385805 14020151 11799411 69655
31608606 14119301 11883137 70152
31832162 14218733 11967169 70647
32056390 14318399 12051665 71143
32281188 14418277 12136361 71639
32506483 14518353 12221246 72136
32732217 14618602 12306245 72636
32958362 14719013 12391349 73137
33184701 14819553 12476573 73639
33411346 14920208 12561854 74146
33638252 15020965 12646973 74651
33865314 15121810 12732437 75156
34092643 15222746 12817964 75666
