125295 44339 50525 0
391550 141782 130809 0
511597 260446 228369 1291
794154 328409 307364 1291
1127100 478647 409754 2484
1309507 560765 505507 2484
1499360 646189 578200 3591
1697464 735193 653842 3591
1883279 819334 724178 3591
2258828 989346 837434 4518
2456697 1079383 941577 4518
2662069 1171901 1017745 5382
2866577 1264221 1093874 6192
3071147 1356480 1170475 6192
3275791 1449222 1247100 6960
3482024 1541902 1324433 6960
3688428 1634499 1401785 7689
3896254 1727561 1479363 8383
4103987 1820541 1557286 8383
4313063 1913940 1635157 9046
4522000 2007223 1713319 9686
4730661 2100357 1791652 9686
4939105 2193336 1870016 10305
5148792 2286762 1948445 10902
5358301 2380055 2027187 11481
5567609 2473201 2105850 11481
5779671 2566195 2184648 12041
5991490 2659071 2263314 12590
6201508 2752388 2341849 13132
6410905 2845586 2420576 13664
6620014 2938638 2499197 14190
6827541 3031562 2577951 14711
7036209 3124352 2656348 15220
7246151 3217599 2734908 15220
7455948 3310754 2813308 15724
7664096 3403765 2891919 16226
7873271 3496646 2970150 16725
8082186 3589398 3048333 17220
8290814 3682044 3126356 17714
8499113 3774579 3204340 18205
8707202 3867028 3282577 18691
8915174 3959404 3360795 19176
9122916 4051721 3438926 19657
9330571 4143971 3516977 20138
9537910 4236142 3594949 20619
9745140 4328259 3672796 21099
9952266 4420329 3750720 21578
10159338 4512374 3828554 22056
10366568 4604488 3905792 22056
10570697 4695334 3982487 22528
10776204 4786681 4059248 22993
10981979 4878130 4136328 23455
11187872 4969616 4213412 23917
11392573 5061121 4290846 24379
11598622 5152660 4368039 24841
11804802 5244209 4445272 25303
12010961 5335780 4522489 25765
12217191 5427357 4599731 26227
12423340 5518953 4676983 26689
12629438 5610535 4754192 27151
12835515 5702121 4831515 27613
13041535 5793726 4908739 28075
13247515 5885325 4986009 28538
13453478 5976933 5063251 29001
13659455 6068545 5140501 29465
13865355 6160167 5217773 29928
14071334 6251786 5295017 30391
14277316 6343404 5372363 30853
14483330 6435047 5449661 31316
14689328 6526690 5527009 31779
14895335 6618366 5604319 32242
15101341 6710048 5681630 32706
15307321 6801733 5758953 33169
15513257 6893418 5836189 33634
15719090 6985072 5913496 34098
15924926 7076731 5990759 34563
16130804 7168382 6068068 35028
16336697 7260057 6145360 35493
16542535 7351720 6222629 35958
16748376 7443392 6299929 36423
16954127 7535064 6377146 36888
17159878 7626735 6454438 37353
17365623 7718421 6531696 37819
17571409 7810107 6609307 38282
17777211 7901811 6686906 38746
17983063 7993515 6764475 39210
18188992 8085219 6842117 39674
18394978 8176926 6919643 40138
18600926 8268598 6964912 40595
18802680 8358488 7041512 41051
19004561 8448367 7117521 41507
19206744 8538412 7193615 41963
19409260 8628618 7269813 42420
19612163 8718983 7346085 42879
19815352 8809511 7422539 43338
20018856 8900170 7499038 43798
20222584 8990941 7575629 44257
20426559 9081821 7652333 44718
20630751 9172782 7729053 45179
20835172 9263837 7805907 45640
21039732 9354962 7913885 46102
21244419 9446148 7959674 46564
21449186 9537386 8067783 47027
21653951 9628643 8144766 47490
21858795 9719956 8221748 47953
22063689 9811301 8298724 48416
22268694 9902682 8344550 48880
22473730 9994098 8452767 49344
22678915 10085533 8529912 49808
22884232 10177010 8607034 50270
23089734 10269071 8684236 50732
23295251 10361171 8761443 50732
23500917 10453230 8838670 51652
23708056 10545260 8916225 51652
23915298 10637278 8993559 52576
24122463 10729271 9070948 52576
24329531 10821257 9148300 53040
24536537 10913212 9225646 53504
24743383 11005140 9302991 53968
24950217 11097043 9380543 54429
25156939 11188928 9458156 54890
25363550 11280804 9535490 55355
25570132 11372662 9613100 55817
25776700 11464520 9690666 56280
25983220 11556360 9768235 56743
26189612 11648200 9845755 57207
26396039 11740022 9923263 57671
26602403 11831829 10000757 58135
26808506 11923562 10045913 58592
27010913 12013717 10122466 59049
27210641 12103869 10198184 59506
27412790 12193808 10273849 59965
27617642 12284836 10382120 60429
27825036 12376981 10460305 60896
28034772 12470150 10539405 61844
28246485 12564252 10619154 62325
28459982 12659167 10699597 62809
28675067 12754809 10780545 63297
28891595 12851091 10862078 63786
29109372 12947963 10944030 64278
29328425 13045366 11026483 64771
29548550 13143236 11109260 65266
29769607 13241508 11192382 65764
29991537 13340160 11275838 66262
30214197 13439152 11359515 66763
30437531 13538426 11443526 67266
30661437 13637980 11527654 67770
30885709 13737715 11611937 68276
31110499 13837652 11696437 68782
31335691 13937783 11781034 69288
31561302 14038073 11865811 69794
31787382 14138530 11950777 70301
32240597 14239131 12086496 70807
32467655 14339841 12171737 71313
32694967 14440656 12257120 71819
32922529 14541575 12342540 72325
33150376 14642572 12428416 72828
33378390 14743663 12514407 73331
33606622 14844822 12600356 73836
33835000 14946037 12686355 74341
34063433 15047303 12772416 74846
