29212 55122 0 2265
85425 117881 20966 2265
154138 157102 72789 2265
326030 240642 120471 3469
499680 287136 194741 3469
721975 391291 284328 4591
849560 450226 334301 4591
1132941 579453 409071 4591
1284888 648530 500755 5623
1443862 720629 561468 5623
1606262 872293 624234 6579
1948140 951272 715691 6579
2126650 1031672 782332 7469
2309684 1113815 891698 7469
2495255 1197655 961982 8302
2684487 1282437 1033818 8302
2875785 1368583 1106625 9085
3068687 1455426 1180337 9085
3264406 1543396 1254334 9825
3462820 1631837 1328641 10530
3863941 1810954 1403904 10530
4066119 1900892 1510026 11205
4271449 1991469 1586933 11852
4477989 2082649 1664771 11852
4685699 2174842 1743498 12483
4896364 2267654 1822654 13090
5106999 2360999 1901472 13681
5317189 2454244 1980178 14259
5527081 2547332 2058733 14259
5736571 2640296 2137744 14822
5945847 2733715 2217046 15371
6154813 2827034 2296305 15912
6364873 2920195 2375034 16446
6574597 3013205 2453628 16974
6783950 3106086 2532031 17497
6993019 3198849 2610387 17497
7197248 3290565 2686939 18006
7398917 3380778 2762552 18498
7600765 3470976 2838235 18988
7803082 3561317 2914074 19477
8005821 3651814 2990167 19962
8207658 3742443 3066663 20447
8409740 3833178 3143274 20930
8613530 3924006 3219665 21412
8817757 4014918 3296100 21893
9022215 4105916 3372692 22373
9226750 4196991 3449320 22853
9431525 4288143 3526047 23333
9636374 4379379 3602846 23813
9841412 4470669 3679680 24291
10046704 4562029 3756699 24291
10251029 4653465 3834095 24768
10457070 4744965 3912417 25234
10664835 4836543 3990507 25701
10872753 4928745 4068362 26168
11080544 5021001 4146189 26636
11289706 5113216 4223796 27104
11498503 5205298 4302191 27574
11705883 5297877 4380804 28043
11913104 5390436 4459402 28512
12121713 5482953 4537612 28980
12330407 5575405 4615815 29448
12539072 5667811 4693977 29915
12747571 5760152 4772108 30382
12955915 5852451 4850205 30847
13164164 5944688 4928273 31313
13372190 6036890 5006307 31778
13581481 6129048 5084210 32245
13789003 6221171 5162573 32714
13996323 6313663 5241230 33184
14204906 6406128 5319578 33652
14413425 6498540 5397796 34121
14621746 6590850 5475963 34588
14831232 6683106 5553848 35055
15040607 6775305 5631714 35522
15247290 6867469 5710054 35989
15453899 6959560 5788409 36448
15656250 7050061 5834064 36907
15861511 7140229 5941216 37366
16065900 7230499 6017685 37825
16270163 7320906 6094161 38287
16474608 7411404 6170736 38749
16679176 7502039 6216239 39211
16884008 7592787 6324461 39672
17087764 7683639 6401831 40135
17293020 7774606 6478929 40598
17498534 7865657 6556029 41062
17704012 7956777 6601760 41526
17910944 8047954 6710048 41990
18116706 8139194 6787303 42454
18321248 8230498 6864877 42918
18525881 8321873 6911071 43383
18733700 8413304 7019818 43847
18941705 8504775 7097021 44313
19148293 8596271 7174470 44779
19353492 8687794 7252206 45245
19558659 8779341 7298446 45709
19766912 8870915 7407426 46175
19974140 8962524 7485057 46640
20181291 9054180 7562704 47106
20388149 9145875 7640689 47572
20594993 9238012 7719234 48039
20803340 9330166 7797576 48502
21013142 9422873 7875583 48966
21222914 9515572 7953503 49429
21431201 9608185 8031704 49893
21638026 9700748 8110145 50357
21844779 9793257 8156759 50822
22054462 9885729 8266606 51287
22264246 9978137 8344532 51752
22473784 10070508 8422415 52218
22680703 10162844 8500802 52684
22887305 10255145 8547346 53150
23095414 10347393 8657448 53150
23303588 10439615 8703727 53616
23514768 10531814 8813703 54080
23514768 10623883 8860185 54539
23724066 10623883 8938143 54994
23926638 10803282 9014732 55447
24333341 10893805 9091668 55906
24544923 10985536 9200676 56365
24757441 11078377 9279750 56830
24971746 11172200 9408073 57772
25186349 11266920 9489602 58249
25403936 11362409 9571374 58730
25622899 11458601 9653644 59214
25843049 11555400 9736329 59709
26062939 11652758 9819216 60202
26283823 11750619 9902992 60698
26507214 11848944 9986851 61196
26730059 11947667 10071251 61695
26955045 12046707 10155644 62196
27180718 12146062 10240223 62698
27405595 12245693 10325292 63201
27632318 12345564 10410257 63705
27859513 12445651 10495347 64209
28087005 12545922 10580642 64713
28314806 12646367 10665974 65219
28542756 12746960 10751368 65726
28769485 12847678 10837136 66234
28997874 12948505 10922743 66744
29226546 13049459 11008362 67254
29455235 13150483 11094095 67764
29684036 13251596 11179835 68275
29912916 13352797 11265561 68787
30141718 13454067 11351371 69298
30370643 13555357 11437231 69810
30599680 13656713 11523058 70323
30828659 13758107 11608935 70836
31057674 13859515 11694865 71349
31286758 13960961 11780780 71862
31515952 14062442 11866758 72375
31743882 14163953 11953046 72887
31973310 14265490 12039102 73399
32202865 14367058 12125143 73911
32432395 14468627 12211156 74424
32661507 14570204 12296361 74929
32887259 14671643 12381004 75434
33112935 14771654 12465772 75941
33338998 14871669 12550680 76448
33565398 14971839 12635659 76955
33792024 15072162 12720787 77464
34018924 15172619 12806017 77974
