46680 60788 12423 976
71007 96255 41275 976
158867 132390 83141 2021
344872 204940 140363 2021
537721 290482 212458 2021
651389 393623 272290 2982
906850 452178 352064 2982
1047683 580645 426419 3869
1196329 649743 483421 3869
1509899 721925 567811 4698
1677380 796232 668384 4698
1849157 951439 733551 5479
2025982 1031883 800529 5479
2391594 1113573 868864 6214
2579600 1196947 938538 6911
2768320 1281291 1038410 6911
2958634 1367016 1110420 7579
3153716 1453431 1183273 8217
3350368 1541013 1300904 8217
3549488 1629126 1375534 8830
3749506 1717636 1450459 9423
3950210 1807057 1525927 9995
4151483 1896802 1602207 9995
4353368 1986774 1678651 10556
4557132 2076923 1755000 11105
4761316 2167819 1831817 11645
4965738 2258884 1908495 12171
5171776 2350035 1985717 12689
5377976 2441240 2062994 12689
5584229 2532473 2140281 13202
5789172 2623761 2218189 13708
5995662 2715663 2295420 14209
6202276 2807618 2372922 14706
6408868 2899573 2450389 15200
6615492 2991520 2528561 15685
6823532 3083460 2606713 16167
7031567 3175384 2684525 16649
7239411 3267308 2762548 17129
7447232 3359215 2840460 17608
7653542 3451111 2918647 18087
7861094 3542976 2996520 18561
8068681 3634845 3074125 18561
8274736 3726207 3150130 19028
8477534 3816241 3226331 19494
8679047 3906303 3302866 19961
8882290 3996517 3379280 20428
9085960 4086889 3456216 20893
9290027 4177987 3533005 21357
9494404 4269224 3609894 21821
9698973 4360534 3686826 22285
9903702 4451881 3763506 22750
10108606 4543286 3840566 23214
10313705 4634732 3917610 23679
10518900 4726209 3994731 24144
10724178 4817721 4072181 24609
10929605 4909257 4149184 25074
11135060 5000813 4226730 25539
11340587 5092395 4303795 26003
11546241 5183964 4381463 26467
11751941 5275564 4458632 26932
11957669 5367166 4536004 27396
12163400 5458789 4613691 27862
12369163 5550417 4690900 28328
12574895 5642057 4768655 28794
12780771 5733710 4845888 29255
12988127 5825359 4923693 29716
13195429 5916966 5001569 30172
13402597 6008522 5079371 30636
13609624 6191690 5156841 31101
13816549 6283713 5234475 31568
14024443 6375747 5312993 32033
14232314 6467763 5390960 32495
14440039 6559716 5469384 32957
14647580 6651646 5547684 33419
14855042 6743564 5626289 33881
15062469 6835449 5704579 34343
15269788 6927314 5782804 34805
15476915 7019156 5860902 35267
15683932 7111005 5938646 35731
15890846 7202836 6016846 36195
16097634 7202836 6094493 36659
16304374 7294665 6171571 37114
16510949 7386448 6247488 37569
16713195 7476392 6324044 38024
16915412 7566323 6400506 38479
17118027 7656412 6477053 38934
17320995 7746666 6553715 39389
17524281 7837058 6630133 39845
17727930 7927605 6707241 40301
17931825 8018299 6784189 40759
18135972 8109110 6861173 41217
18340314 8200031 6938215 41676
18544801 8291035 7014964 42136
18749475 8382123 7092390 42596
18954319 8473292 7169613 43057
19159395 8564534 7246895 43517
19364551 8655827 7324171 43517
19569792 8747152 7401447 44436
19775136 8838509 7478777 44436
19980587 8929897 7556038 44897
20186051 9021311 7633396 45358
20391618 9112772 7710689 45819
20597126 9204227 7788007 46277
20802726 9296272 7865349 46735
21008378 9388343 7942407 47193
21214157 9480380 8020065 47651
21419958 9572387 8097495 48109
21625836 9664354 8174975 48567
21831738 9756299 8252395 49026
22037600 9848200 8329821 49485
22243540 9940080 8407224 49944
22449372 10031940 8484608 50403
22655345 10123771 8562066 50863
22861269 10215591 8639437 51323
23067222 10307388 8716869 51784
23273141 10399181 8794269 52245
23479115 10490962 8871696 52706
23685214 10582730 8949123 53167
23891216 10674496 9026238 53628
24097288 10766265 9103958 54089
24303369 10858049 9181402 54551
24509477 10949836 9258036 55015
24715413 11041551 9334027 55471
24917562 11131671 9364820 55927
25119791 11221782 9410093 56383
25322240 11312036 9561010 56837
25523016 11401399 9637534 57296
25726259 11491852 9714994 57761
25932030 11676242 9793317 58233
26140230 11769949 9872492 58708
26350575 11864492 9952297 59188
26778517 11959824 10032873 59668
26995867 12055863 10113972 60151
27214453 12152522 10195681 61127
27434142 12249719 10277745 61127
27653398 12347413 10360289 62118
27875101 12445541 10443161 62617
28097688 12544062 10526373 63116
28321035 12642933 10609916 63616
28544992 12742093 10693669 64119
28769462 12841542 10777736 64622
28994425 12941234 10861943 65126
29219839 13041141 10946326 65631
29445709 13141250 11030962 66136
29671899 13241519 11115658 66642
29898285 13341914 11200501 67150
30124978 13442457 11285514 67658
30351935 13543113 11370562 68163
30579127 13643867 11456079 68163
30806631 13744730 11576327 68668
31034383 13845676 11662302 69171
31262351 13946704 11748367 69674
31490536 14047803 11834461 70177
31718915 14148974 11920559 70680
31947503 14250203 12006758 71184
32176152 14351492 12092912 71687
32404905 14452838 12179056 72191
32633812 14554214 12265239 72695
32862774 14655622 12351445 73199
33091671 14757062 12437549 73703
33320735 14858500 12523690 74208
33549110 14959959 12574754 74714
33774627 15061186 12660018 75213
34000216 15161207 12744800 75713
34226112 15261264 12829654 78373
