28070 31467 8242 863
84551 98906 44190 1980
200139 140591 80373 1980
426270 226910 152295 1980
530109 328905 233347 3097
768696 385626 280217 3097
901215 508294 383571 4124
1192044 575208 439506 4124
1347017 644750 522000 5075
1508598 717229 583870 5075
1676439 869439 686733 5075
2024981 948614 753323 5960
2204655 1029786 821231 6788
2388452 1112131 890437 6788
2576183 1196067 989152 7566
2765897 1280896 1060918 7566
2958666 1367051 1133290 8303
3152852 1453860 1206753 8303
3333907 1541771 1275163 8951
3510927 1624407 1341958 9562
3689750 1704828 1409497 9562
3872686 1786642 1477987 10151
4058060 1953340 1590021 10723
4436363 2038581 1661204 11278
4628765 2124564 1733281 11818
4822450 2211161 1806090 11818
5017314 2298863 1879351 12348
5214783 2387043 1953051 12868
5413188 2475606 2027092 13381
5612337 2564506 2101982 13886
5812178 2653692 2177214 14386
6012638 2743145 2252661 14880
6213703 2833421 2328269 15373
6415295 2923918 2404109 15860
6618728 3014538 2480062 15860
6822579 3105267 2587075 16343
7026739 3196104 2663562 16823
7231018 3287049 2740167 17301
7435425 3378083 2816853 17779
7639983 3469204 2893858 18254
7844654 3560381 2971000 18728
8049384 3651605 3048045 19201
8254064 3742852 3125120 19674
8458887 3834143 3202190 20147
8663688 3925480 3279241 20620
8868614 4016857 3356382 21093
9073597 4108269 3433450 21566
9278645 4199712 3510598 22036
9483829 4291736 3587737 22506
9689072 4383794 3664905 22975
9894366 4475829 3742107 23444
10099728 4567833 3819281 23913
10305152 4659830 3896543 24378
10512091 4751798 3973764 24843
10719045 4843744 4051018 25308
10925899 4935661 4128237 25773
11132568 5027550 4205455 26237
11339201 5119418 4282745 26701
11545369 5211146 4328630 27158
11748161 5301475 4405009 27615
11950842 5391752 4480903 28073
12153672 5482121 4556808 28531
12356748 5572626 4632849 28989
12560078 5663248 4709012 29446
12763647 5753982 4785246 29905
12967464 5844810 4861624 29905
13171426 5935716 4969034 30364
13375598 6026707 5045871 30821
13579874 6117762 5122703 31278
13784282 6208886 5199617 31736
13988916 6300081 5276571 32195
14193631 6391335 5353540 32653
14398436 6482606 5430561 33113
14603286 6573916 5507537 33573
14808263 6665276 5584600 34033
15013268 6756656 5661614 34494
15218327 6848066 5738672 34955
15423403 6939491 5815710 35417
15628424 7030925 5892735 35879
15833563 7122393 5969849 36342
16038787 7213868 6047247 36801
16244057 7305367 6124706 37261
16449411 7396875 6202129 37721
16654804 7488400 6279542 38181
16860281 7579922 6356968 38641
17065791 7671461 6434352 39101
17271316 7762996 6511799 39561
17476884 7854552 6589150 40021
17682367 7946122 6666510 40481
17887952 8037714 6743846 40941
18093528 8129329 6821173 41401
18299238 8220973 6898569 41861
18504950 8312626 6975888 42323
18710640 8404292 7053272 42785
18916327 8495956 7130556 43248
19121960 8587621 7207888 43710
19327658 8679296 7285191 44172
19533301 8770975 7362483 44633
19738928 8862609 7408456 45089
19941708 8953052 7485117 45542
20144579 9044064 7561319 45995
20347670 9135167 7637633 46449
20550958 9226318 7713982 46903
20754535 9317525 7790442 47358
20958334 9408780 7866995 47813
21162345 9500078 7943581 48269
21366541 9591420 8020288 48725
21570836 9682774 8128095 49182
21775237 9774167 8204930 49639
21979877 9865597 8281770 50096
22184657 9957077 8358729 50554
22389554 10048575 8435650 51013
22594476 10140091 8512627 51472
22799487 10231630 8589647 51931
23004552 10323180 8666620 52390
23209622 10414750 8743686 52850
23414736 10506304 8820676 53310
23619873 10597851 8897753 53771
23825081 10689419 8974830 54228
24031772 10780987 9051924 54685
24238542 10872555 9129062 55142
24445137 10964117 9206156 55599
24651760 11055698 9283352 56056
24858310 11147279 9360520 56514
25064761 11238871 9437681 56974
25271066 11330475 9514865 57434
25477289 11422092 9592034 57894
25683563 11513732 9669301 58354
25889809 11605376 9746487 58816
26095917 11697036 9823715 59278
26301994 11788694 9900931 59740
26508058 11880352 9978134 60202
26714089 11972016 10055402 60664
26919987 12063646 10132583 61127
27125877 12155287 10209813 61590
27331669 12246927 10286975 62053
27537423 12338574 10364168 62515
27743204 12430219 10441346 62515
27948734 12521822 10487197 62978
28148600 12611015 10563039 63429
28346004 12700159 10637673 63876
28545971 12789173 10712558 64787
28748899 12879380 10788550 65252
28954442 12970790 10896823 65720
29162467 13063317 10975113 66193
29372627 13156797 11054120 66671
29584544 13251132 11133837 67153
29798244 13346249 11214133 67639
30013337 13442062 11295013 68128
30229898 13538521 11425108 68619
30447656 13635541 11507253 69113
30666659 13831019 11589762 69605
31107525 13929375 11672915 70098
31329444 14028096 11756369 70592
31552083 14127118 11840129 71086
31775399 14226407 11924110 71581
31999247 14325942 12008260 72078
32223542 14425684 12092655 72576
32448315 14525638 12177145 73077
32673399 14625750 12261763 73579
32898871 14726022 12346552 74081
33124765 14826425 12431424 74583
33350960 14926955 12516391 75086
33577424 15027570 12601844 75586
33804221 15128297 12687349 76088
34031196 15229130 12772610 76595
34258354 15330037 12857968 78278
