24937 28556 10434 788
46525 84993 26470 788
158096 119306 70761 1636
280008 191349 120775 1636
447682 276551 202324 2440
663864 326873 243875 2440
787144 439086 337498 3190
1061348 501053 389196 3190
1209199 633181 501677 3898
1364327 704147 561560 4567
1690695 777321 623554 4567
1860959 853067 687388 5206
2036263 930550 779359 5820
2214731 1091044 846743 6416
2395850 1173113 956725 6416
2580946 1256799 1027038 6990
2768291 1341392 1098048 7551
2957539 1426740 1169665 8096
3343888 1513352 1242429 8630
3538982 1600583 1315748 8630
3735083 1688264 1389432 9156
3933627 1776360 1463440 9672
4133120 1864860 1538048 10181
4333316 1954279 1613333 10683
4534129 2044007 1688794 11180
4735304 2133958 1764445 11675
4936856 2224066 1840237 12168
5138912 2314328 1916146 12654
5342851 2404756 2023091 13135
5547201 2495329 2099597 13135
5751832 2586034 2176310 13615
5956573 2676854 2253053 14093
6161617 2767769 2330579 14566
6366837 2858802 2408181 15037
6572153 2949919 2485464 15509
6777520 3041678 2562791 15979
6982941 3133498 2640037 16450
7188403 3225301 2717334 16920
7393806 3317103 2794581 17390
7599259 3408863 2871818 17858
7804679 3500612 2948623 18325
8008264 3591680 2993124 18782
8207319 3680826 3068631 19241
8406472 3769953 3143614 19700
8606268 3859318 3218671 20160
8806598 3948917 3293951 20620
9007406 4038723 3369447 21080
9208762 4128719 3445074 21540
9410625 4218904 3520928 22000
9612952 4309267 3627707 22458
9817221 4399783 3703990 22916
10021799 4490452 3780345 23375
10226593 4581227 3856822 23833
10431590 4672112 3933459 24292
10636703 4763085 4010091 24748
10841944 4854125 4087424 25212
11048252 4945150 4164950 25676
11254671 5036175 4242494 26140
11462133 5127716 4320400 26604
11669622 5219876 4398254 27068
11877085 5312066 4476173 27532
12084378 5404226 4553967 27996
12291619 5496348 4631797 28461
12498725 5588452 4709520 28926
12705752 5680521 4787234 29391
12912696 5772573 4864923 29856
13119572 5864584 4942583 30321
13326458 5956577 5020597 30785
13533272 6048042 5098543 31249
13740231 6139509 5176591 31714
13948147 6231440 5254583 32179
14156078 6416398 5332600 32639
14363878 6509243 5411205 32639
14572643 6601999 5490198 33559
14781277 6694650 5569079 34021
14989668 6787778 5647524 34486
15197806 6880828 5725587 34951
15405747 6973748 5803509 35419
15613585 7066439 5881695 35885
15822275 7159430 5960574 35885
16032009 7252306 6039914 36351
16241088 7252306 6118833 36813
16447941 7345310 6196445 37279
16654444 7437469 6273866 37745
16860907 7529503 6351316 38212
17067367 7621511 6429054 38675
17273775 7713472 6506784 39139
17480102 7805414 6584503 39603
17686414 7897331 6662121 40068
17892730 7989241 6739805 40533
18098941 8081145 6817376 40998
18305141 8173015 6894962 41463
18511272 8264869 6972483 41928
18717349 8356697 7049976 42393
18923380 8448505 7127465 42858
19129317 8540281 7204855 43323
19335273 8632043 7282303 43788
19541117 8723787 7359662 44253
19746922 8815500 7437036 44718
19952676 8907207 7514375 45183
20158448 8998902 7591695 45648
20364093 9090582 7669001 46114
20569720 9182230 7746242 46579
20775410 9273886 7823566 47045
20981086 9365554 7900829 47511
21186736 9457221 7978100 47978
21392340 9548889 8055348 48443
21597975 9640552 8132582 48908
21803680 9732219 8209897 49373
22009375 9823886 8287136 49838
22215048 9915554 8364414 50303
22420699 10007222 8441666 50768
22626436 10098896 8518942 51233
22832195 10190572 8596243 51698
23037957 10282261 8673469 52165
23243626 10373946 8750756 52632
23449192 10465631 8827934 53099
23654733 10557316 8905164 53563
23861667 10648974 8982357 54027
24068655 10740630 9059554 54490
24275543 10832279 9136778 54954
24482137 10923907 9181755 55409
24684494 11013766 9258007 55865
24886715 11103604 9333743 56321
25089267 11193607 9408917 56774
25290238 11283797 9484729 57234
25493544 11373785 9591828 57695
25699560 11557093 9669701 58165
25907999 11650333 9748219 58636
26118621 11744489 9827734 59111
26331180 11839454 9956024 59589
26545413 11935164 10037196 60071
26761289 12031535 10118920 60554
26978608 12128510 10201092 61041
27197182 12225989 10283665 61530
27416906 12323945 10366639 62021
27859329 12422307 10449926 62514
28081744 12521050 10533579 63009
28304870 12620121 10617395 63507
28528614 12719481 10701458 64006
28752874 12819097 10785754 64506
28977782 12918950 10870203 65008
29203156 13019003 10954860 65510
29428819 13119225 11039668 66013
29655022 13219580 11124593 66517
29881510 13320091 11209709 67019
30108338 13421308 11294913 67521
30335589 13522640 11380214 68024
30563022 13624039 11465662 68528
30790710 13725474 11551492 69030
31018745 13826941 11637416 69532
31246882 13928458 11723123 70040
31475053 14029977 11808833 70548
31703416 14131515 11894539 71056
31931910 14233077 11980324 71569
32160500 14334148 12066166 72080
32389188 14435792 12152309 72588
32617969 14537494 12238519 73096
32846732 14639211 12324752 73604
33075515 14740898 12410908 74112
33304436 14842579 12496921 74620
33532813 14944018 12582207 75123
33758071 15044139 12666968 75626
33983382 15144257 12751792 76129
34209120 15244522 12836770 77768
