114720 42781 26426 1208
264716 136586 52586 1208
446117 234028 81599 2228
669133 288754 122174 2228
797499 412079 145484 3180
1072617 478690 195564 3180
1220001 548016 222339 4076
1374144 621159 250301 4931
1532943 773714 279126 4931
1866048 852660 332981 5750
2038084 934277 370932 6542
2214073 1017174 396066 7310
2393111 1100531 435481 7310
2574345 1186030 468765 8056
2758923 1272386 502495 8782
2945761 1359408 536301 9497
3135378 1446994 570618 10190
3326347 1535088 605743 10872
3518899 1623638 668751 11548
3713511 1712578 704245 12220
4105239 1891507 739865 12220
4302014 1981394 775357 12887
4499176 2072088 811310 13542
4698566 2163008 847536 14184
4899351 2254525 883564 14832
5100093 2346148 919850 15475
5301188 2437857 956350 16115
5502527 2530180 992566 16750
5703617 2622032 1028879 17384
5904790 2713898 1065395 18017
6106391 2805825 1101945 18649
6307934 2898347 1138189 19277
6509325 2990402 1174650 19905
6711016 3082423 1211282 20533
6912834 3175021 1247636 21159
7115397 3267545 1284100 21784
7318126 3360022 1320915 22410
7521110 3452485 1357721 23036
7724762 3545361 1394434 23036
7928159 3638191 1431487 24272
8133106 3731507 1468676 24896
8336729 3825323 1505356 24896
8539078 3918231 1541692 25522
8737815 4009434 1577931 26130
8938130 4100553 1614216 26734
9138471 4192340 1650233 27340
9339843 4284133 1686483 27949
9541784 4375946 1723119 28556
9743732 4468358 1759498 29165
9945451 4560815 1795769 29775
10147311 4652742 1832418 30385
10349424 4745182 1868850 30995
10551277 4837673 1905262 31607
10753044 4929643 1941871 32219
10955081 5021567 1978630 32829
11157063 5114065 2015104 33441
11358857 5206603 2051478 34053
11560872 5298623 2088200 34665
11764505 5391170 2124567 35276
11966691 5483757 2161123 35889
12168848 5575837 2197893 36502
12371263 5667911 2234801 37114
12574927 5760563 2271279 37727
12777107 5853237 2307845 38340
12979441 5945364 2344730 38953
13183323 6038026 2381243 39563
13386917 6130724 2417764 40176
13589149 6223388 2454430 40789
13791557 6315511 2491451 41401
13995201 6408165 2528046 42013
14198519 6500837 2564546 42626
14400748 6593478 2601303 43239
14604155 6686057 2637811 43850
14807225 6778607 2666769 44463
15009029 6871134 2711037 45076
15211013 6963627 2747881 45687
15414316 7056116 2784468 46297
15617467 7148575 2813466 46909
15820839 7241034 2857584 47521
16024193 7333474 2894089 48131
16227084 7425897 2923053 48743
16428834 7518320 2959910 49355
16628132 7610708 2967367 49959
16828512 7701914 3004077 50562
17028943 7793107 3040192 51168
17229853 7884417 3076270 51775
17430822 7975823 3112406 52380
17631627 8067301 3148523 52987
17832676 8158856 3184748 53594
18034132 8250472 3220944 54201
18235428 8342174 3257287 54806
18436686 8433936 3293604 55415
18638347 8525761 3329930 56025
18840028 8617623 3366295 56633
19041411 8709525 3402610 57242
19243095 8801471 3439020 57853
19446531 8894023 3475337 58464
19648486 8986110 3511845 59073
19850314 9078173 3577300 59685
20051257 9170264 3584902 60297
20253444 9262911 3621611 60907
20455479 9355050 3658147 61517
20657682 9447122 3694744 62129
20861358 9539765 3731217 62741
21064694 9632428 3767614 63351
21266653 9724561 3833197 63964
21467560 9816654 3840894 64578
21671145 9909308 3877607 65190
21874634 10001969 3914292 65802
22077079 10094601 3950932 66415
22280829 10187207 3987501 67028
22484194 10279772 4024048 67639
22687408 10372299 4089851 68252
22888447 10464819 4097586 68865
23092112 10557314 4134301 69477
23295736 10649782 4170932 70086
23499541 10742211 4207670 70698
23703366 10834645 4244436 71310
23906689 10927043 4280954 71920
24109960 11019421 4346685 72530
24313143 11112253 4354372 73144
24517126 11205034 4391482 73144
24517126 11205034 4428073 73758
24717119 11388228 4464094 74352
25114534 11479657 4499933 74955
25316534 11572194 4535884 76183
25520929 11665782 4601755 76806
25727671 11760303 4639215 77436
25936105 11855671 4676759 78070
26146024 11951790 4714629 78700
26359320 12048585 4753163 79346
26572774 12145978 4791720 79996
26786989 12243909 4830300 80648
27002138 12342276 4869119 81294
27220082 12441076 4908500 81944
27438995 12540242 4948019 82607
27657056 12639752 4987320 83274
27875401 12739556 5026681 83934
28095987 12839615 5066523 84595
28317481 12939924 5106577 85264
28539235 13040458 5146354 85934
28761044 13141168 5186080 86601
28983112 13242028 5226206 87268
29205744 13343049 5266529 87943
29428535 13444202 5306584 88620
29651222 13545480 5346583 89297
29873847 13646823 5386587 89969
30096845 13748257 5427005 90640
30320206 13849773 5467576 91315
30543678 13951365 5507994 91991
30766961 14053020 5548312 92667
30990353 14154713 5588679 93342
31214077 14256448 5629182 94017
31437995 14358235 5669723 94695
31661639 14460057 5710136 95373
31885183 14561923 5750437 96051
32108762 14663791 5790831 96728
32332769 14765704 5831369 97405
32556895 14867647 5871858 98084
32780761 14969607 5912267 98763
33004476 15071580 5952585 99442
33228318 15173564 5993032 100118
33452005 15275404 6033499 100785
33672711 15375997 6073315 101454
33893156 15476570 6113089 102123
34113935 15577293 6152888 102792
34335340 15678173 6192901 103461
34557226 15779217 6233058 104132
34779153 15880389 6273140 104804
35001168 15981668 6313171 105476
35223604 16083047 6353301 106148
35446536 16184528 6393607 106819
35669573 16286073 6433828 107493
35892498 16387699 6474078 108169
36115511 16489385 6514251 108846
36338888 16591121 6554590 109522
36562553 16692917 6595070 110193
36786269 16794776 6635495 110870
37009883 16896691 6675853 111548
37233524 16998608 6716163 112226
37457631 17100560 6756634 112226
37681789 17202539 6797127 113575
37905737 17304535 6837620 114254
38129570 17406547 6878032 114933
38353504 17508566 6918409 114933
38577789 17610617 6958930 115612
38802110 17712683 6999449 116959
39026217 17814771 7039986 117639
39250263 17916874 7080437 118319
39474524 18018984 7120871 118319
39698948 18121070 7161421 118999
39923227 18223158 7201934 119674
40147329 18325261 7242489 120349
40371446 18427367 7282954 121031
40595850 18529481 7323422 121713
40820370 18631602 7363991 122395
41044703 18733734 7404538 123071
41268905 18835882 7445131 123746
41493228 18938042 7485631 124428
41717804 19040202 7526093 125110
41942454 19142934 7566626 125792
42166856 19245154 7607198 126469
42391108 19347311 7647661 127134
42611601 19447757 7687458 128477
42832269 19548179 7719127 134199
