31844 46418 14660 1986
94035 104819 28433 1986
223354 182830 52669 1986
384967 227123 85604 3429
611986 329289 120153 3429
737600 448060 147851 4761
1014939 513410 192277 4761
1163307 581550 218852 4761
1318112 652828 252971 5995
1479329 803117 282002 5995
1814623 881525 336105 7143
1987786 962080 367442 8219
2165344 1044549 399553 8219
2346605 1128061 432238 9232
2529831 1212443 465302 9232
2716677 1298883 498923 10190
2904688 1473211 532873 11101
3094014 1562018 567274 11101
3286241 1650696 601984 11973
3479211 1740233 636909 12808
3674454 1830644 679553 12808
3870583 1921838 735519 13612
4066863 2012650 771481 14389
4264859 2104089 814795 15147
4463423 2195621 843198 15147
4860906 2287172 879620 15880
5061725 2379358 915926 16595
5262610 2471574 952255 17300
5463121 2563745 988711 17997
5663825 2655867 1025144 18686
5866114 2747964 1061383 18686
6066893 2840605 1097771 19364
6066893 2930974 1105234 20012
6261567 3019470 1140789 20638
6452472 3107872 1203013 21263
6645050 3196579 1238087 21887
7030159 3285592 1273294 22509
7225255 3374871 1308374 23127
7420865 3464427 1343727 23746
7616094 3554239 1379365 24365
7813155 3644280 1414795 24978
8010489 3735086 1450403 25585
8208484 3826075 1486467 26198
8406792 3917189 1522205 26811
8605011 4008360 1557929 27419
8803534 4099613 1594091 28028
9002461 4190937 1630180 28637
9201344 4282323 1666177 29246
9400236 4373757 1702350 29850
9600976 4465233 1738595 30456
9801739 4556741 1774677 30456
10001013 4648275 1810762 31671
10201893 4739840 1847020 32278
10402917 4831441 1883152 32278
10603616 4923074 1919188 32886
10804346 5014729 1955415 33493
11005336 5106396 1991578 34099
11206021 5198075 2027677 34707
11406553 5289767 2063835 35315
11607435 5381481 2100145 35921
11808226 5473224 2136327 36528
12008714 5564985 2172419 37135
12209403 5656763 2208692 37741
12410213 5748544 2244874 38346
12610701 5840324 2280993 38953
12811096 5932122 2317208 39560
13011743 6023932 2353457 40165
13212268 6115749 2389636 40772
13412605 6207584 2425770 41379
13613307 6299437 2462074 41986
13814076 6391297 2498291 42591
14014491 6483154 2534424 43199
14014491 6575023 2541857 43806
14214788 6666811 2577901 44395
14409471 6756304 2613018 44985
14603933 6845805 2676124 45576
14994742 6935541 2683415 46167
15190934 7025487 2747046 46756
15387409 7115635 2782538 47351
15584567 7205947 2818252 47947
15782084 7296412 2854000 48538
15979623 7387019 2889691 49137
16177690 7477766 2925555 49738
16376246 7568641 2961479 50335
16574784 7659634 2997404 50937
16773641 7750731 3033340 51540
16973065 7842475 3069361 52143
17172355 7933773 3105505 52741
17371634 8025070 3141526 53346
17571323 8116962 3177744 53952
17771140 8208388 3213991 54552
17970838 8299824 3250203 55158
18170837 8391298 3286389 55765
18371061 8483356 3322521 56372
18571052 8575449 3358809 56979
18771137 8667017 3395025 57588
18971504 8759105 3431237 58197
19171780 8851222 3467479 58803
19372019 8943314 3496229 59410
19572619 9035392 3539997 60018
19773247 9127438 3576403 60625
19973654 9219467 3605132 61223
20174268 9312053 3641605 61833
20375220 9404105 3685413 62444
20575863 9496112 3721936 63050
20776442 9588679 3750720 63657
20977323 9681227 3787155 64264
21179511 9773709 3823433 64871
21380215 9866128 3859886 65476
21581038 9958496 3896470 66084
21783321 10050813 3932765 66692
21985325 10143085 3969065 67297
21985325 10235308 3976638 67893
22381423 10327412 4012912 68488
22580261 10417547 4076586 69089
22781535 10508595 4112786 69692
22985400 10600779 4149788 70309
23191335 10693999 4194397 70932
23398785 10788149 4231862 71554
23608047 10883126 4262075 72181
23819114 10978856 4308147 72818
24031371 11075256 4346381 73458
24244623 11172257 4384948 74096
24459183 11269785 4424021 74738
24674905 11367795 4463014 75389
24891294 11466245 4501991 76043
25108280 11565085 4541214 76690
25327567 11664261 4580893 77339
25547784 11863508 4620544 78002
25767053 11963512 4659971 78668
25986380 12063720 4699569 79330
26206173 12164095 4739592 79987
26428110 12264618 4779708 80648
26651755 12365291 4819384 81315
26872854 12466085 4859385 81982
27093876 12566995 4899568 82645
27316827 12667994 4939884 83308
27540261 12769086 4980076 83974
27763528 12870274 5020118 84641
27986607 12971531 5060301 85308
28209794 13072855 5100640 85974
28433317 13174224 5141051 86641
28658332 13275647 5181012 87310
28881872 13377125 5221197 87979
29105131 13478655 5261522 88648
29328470 13580197 5301977 89315
29552039 13681754 5342446 89985
29775587 13783340 5382604 90656
29998881 13884958 5422844 91327
30222071 13986579 5463210 91996
30445524 14088222 5503677 92665
30669135 14189890 5544000 93336
30892693 14291423 5584045 94007
31115575 14391446 5624131 94669
31334905 14491499 5663845 95330
31554534 14591720 5703634 95993
31775988 14692112 5743047 96657
31996201 14792650 5782706 97323
32216476 14893341 5822567 97989
32437232 14994147 5862610 98654
32658480 15095055 5902618 99321
32879864 15196057 5942443 99988
33101195 15297143 5982412 100656
33322734 15398307 6022550 101323
33544771 15499550 6062832 101992
33768145 15601266 6102915 102665
33991372 15703066 6143102 103338
34214520 15804888 6183429 104011
34437783 15906732 6223894 104683
34661318 16008568 6264400 105356
34884865 16110428 6304658 106030
35108192 16212286 6344885 106704
35331514 16314144 6385247 107378
35555110 16416004 6425736 108050
35778916 16517858 6466155 108722
36002476 16619712 6506397 109395
36225888 16721582 6546657 110068
36449417 16823438 6587067 110741
36673208 16925295 6627641 111409
36898497 17027168 6659454 112082
37122190 17129042 6708099 112757
37345644 17230902 6748451 113432
37569166 17332771 6788947 114107
37792977 17434646 6829569 114775
38018172 17536492 6861415 115449
38241804 17638361 6901844 116124
38465179 17740767 6950453 116799
38688679 17842657 6990992 117473
38912243 17944478 7031530 118142
39137009 18046275 7063352 118817
39360297 18148078 7103759 119492
39583484 18250427 7144098 120167
39806951 18352690 7184532 120832
40031654 18453145 7224634 121491
40252093 18553540 7264558 122157
40472275 18654065 7304431 122824
40692936 18755302 7344313 123492
40914110 18856644 7384347 123492
41136948 18957515 7424291 124815
41358503 19059024 7464512 125488
41580146 19160617 7504645 126162
41802182 19262242 7544821 126162
42025940 19363897 7584770 126836
42249697 19465589 7624948 128166
42472024 19567309 7665404 128837
42694480 19669619 7705764 131450
42917286 19771942 7737907 136041
