181029 43405 27182 1302
367952 137589 60574 1302
613956 251031 97482 1302
753915 315260 121308 2518
904481 457560 174920 3656
1228438 533552 204669 3656
1400533 613143 260643 4729
1579387 695240 293707 4729
1763403 867041 327783 5748
2146019 956941 369863 6718
2344270 1047763 405590 6718
2545136 1140409 442113 7646
2750233 1234172 478828 8544
2957829 1329492 546265 9410
3166913 1425620 584548 9410
3378899 1522408 622853 10252
3592764 1620376 661619 11017
3792546 1718859 669246 11749
3987010 1811412 705626 11749
4185019 1901575 769454 12470
4385926 1993222 805671 13185
4588941 2086041 841952 13882
4789476 2178139 878075 14572
4990208 2270177 914121 15252
5192440 2362792 950535 15919
5394499 2455432 986920 16581
5596547 2547533 1023149 17236
5800247 2640156 1059588 17236
6002502 2732820 1096163 17889
6204433 2825396 1132570 18539
6406653 2917958 1169078 19182
6610199 3010501 1205827 19820
6812212 3103017 1242473 20456
7014280 3195501 1279003 21092
7217891 3287948 1315584 21726
7421180 3380381 1352275 22353
7623059 3473349 1388896 22980
7825109 3566299 1425379 23607
8028441 3659183 1462021 24233
8231555 3752021 1498712 24849
8434804 3844804 1535302 25469
8639597 3937555 1571901 26089
8843958 4030255 1608537 26708
9048167 4122923 1637504 27321
9252430 4215545 1681757 27940
9456436 4308137 1718406 28559
9659962 4400686 1755036 29172
9863500 4493198 1784002 29785
10067078 4585670 1820743 30403
10270222 4678134 1864822 31021
10473051 4770564 1893737 31633
10676016 4862968 1930398 32251
10878841 4955365 1967014 32870
11081254 5047769 2011008 33488
11283837 5140172 2039937 34101
11486616 5232576 2076646 34720
11688952 5324959 2113074 34720
11891165 5417333 2120616 35338
12090552 5509693 2157062 35940
12288892 5600365 2192904 36546
12487204 5691014 2228628 37153
12684236 5780942 2264603 37755
12881697 5871034 2300369 38352
13079343 5961371 2336047 38958
13277588 6051929 2372004 39565
13476453 6142668 2408025 40168
13675342 6233564 2472760 40777
13874424 6324616 2508877 41387
14074149 6415802 2545393 41993
14274079 6507115 2582169 42596
14475075 6598955 2618569 43212
14676643 6690888 2655281 43826
14878321 6782863 2692219 44434
15079755 6874879 2728897 45046
15281286 6966899 2765493 45659
15483214 7058961 2802224 46272
15684948 7151040 2839117 46879
15886530 7243133 2875691 47493
16088429 7335237 2912262 48107
16290263 7427342 2948981 48719
16491812 7519469 2985613 49328
16693523 7611611 3022056 49942
16895533 7704319 3058640 50556
17097315 7797037 3095490 51164
17299053 7889228 3132037 51778
17501121 7981920 3168540 52392
17703199 8074624 3205220 53005
17905010 8167289 3241910 53610
18106995 8259895 3278379 54227
18310552 8352463 3315024 54844
18512641 8445007 3351817 55455
18714598 8538080 3388434 56066
18916865 8631139 3424915 56678
19120431 8724119 3461621 57290
19322548 8817033 3498243 57900
19524807 8909894 3534784 58512
19728583 9002687 3571347 59124
19931823 9095434 3578823 59727
20132246 9188036 3607900 60330
20331555 9279413 3644035 60936
20532111 9370712 3687473 61542
20732629 9462057 3716166 62146
20933625 9553494 3752296 62753
21134790 9644996 3788439 63361
21335763 9736570 3832180 63969
21536954 9828232 3860945 64574
21739996 9919980 3897247 65185
21941676 10011782 3933485 65796
22143192 10103654 3969919 66401
22346643 10195587 4035174 67008
22550143 10287564 4042714 67617
22753277 10379589 4079156 68226
22956349 10471643 4144427 68835
23159513 10563710 4180970 69446
23362363 10655787 4188425 70057
23565075 10747905 4224982 70666
23768129 10840062 4290425 71277
23971171 10932252 4297992 71889
24173738 11024422 4334498 72501
24376305 11116598 4399841 73113
24578995 11208794 4436432 73727
24781387 11301001 4443913 74342
24983624 11393225 4480456 74954
25186210 11485477 4545884 75568
25388703 11577745 4553466 76182
25590830 11670019 4589938 76796
25793160 11762304 4655298 77408
25995802 11854607 4691920 78022
26198124 11946915 4699429 78636
26400359 12039227 4764898 79248
26602932 12131548 4801456 79860
26805417 12223875 4838109 80473
27007602 12316203 4874626 80473
27210002 12408539 4911156 81691
27412684 12500876 4947906 82303
27615144 12593216 4984522 82303
27817421 12685544 4992007 82915
28019894 12777873 5028725 83526
28218756 12870169 5065239 84124
28417240 12960854 5101056 84728
28616239 13051534 5136997 85333
28815710 13142377 5173247 85933
29015210 13233386 5209253 86532
29213493 13323676 5245040 87138
29414361 13415017 5310400 88365
29617453 13507512 5347652 88991
29822644 13601078 5384892 89622
30030245 13791605 5422637 90251
30239560 13887725 5461110 90892
30662562 13984505 5499580 91537
30876518 14082461 5538024 92185
31091575 14180421 5576875 92830
31307329 14278783 5616303 93479
31524086 14377566 5655812 94136
31741958 14477315 5695031 94795
31960597 14577395 5742671 95450
32179603 14677188 5774357 96106
32399185 14777201 5814471 96766
32619689 14878043 5854388 97433
32840684 14979117 5902335 98098
33061649 15080297 5942583 98762
33282774 15181041 5974555 99434
33504454 15281901 6014626 100108
33726612 15383469 6054599 100783
33950346 15485176 6094563 101454
34172768 15586944 6134998 102125
34395280 15688756 6175569 102804
34618308 15790629 6215812 103480
34843071 15892544 6256141 104156
35067756 15994489 6296562 104831
35291012 16096463 6337192 105506
35514393 16198460 6377817 106183
35738132 16300489 6418354 106860
35963367 16402534 6458748 107537
36188461 16504579 6499245 108213
36412107 16606627 6539927 108889
36635828 16708662 6580508 109565
36859219 16810454 6620912 110232
37080590 16910887 6660655 110899
37301830 17011349 6700529 111562
37522120 17112560 6740655 112226
37743102 17213953 6780705 112897
37966021 17314927 6820728 113569
38189126 17415993 6860791 114238
38412309 17517758 6901054 114905
38635839 17619651 6941365 115574
38859727 17721586 6981656 116245
39083697 17823558 7021914 116917
39307507 17925564 7062206 117588
39531436 18027623 7102655 118257
39755522 18129683 7143028 118929
39979849 18231715 7183439 119602
40204140 18333755 7223787 120275
40428233 18435802 7264209 120947
40652453 18537875 7304765 121618
40877000 18639958 7345215 122292
41101655 18742044 7385699 122967
41326156 18844139 7426110 123642
41550514 18946255 7466621 124316
41775046 19048394 7507180 124986
42001270 19150541 7547693 125663
42226220 19252689 7588225 126340
42450758 19354845 7628675 127017
42675145 19457002 7669227 127689
42901187 19559165 7701382 133981
