52697 73225 19140 0
169834 116056 43405 1189
416778 210487 73504 1189
536457 322628 107682 2321
803047 386808 150503 3382
951861 528239 183426 3382
1278731 604700 236211 4387
1435657 684651 266759 4387
1590653 760199 295695 5248
1755043 834679 330728 6061
1925159 992357 360919 6061
2101276 1074904 392441 6850
2462455 1158306 424936 7611
2646419 1242629 483852 8349
2832010 1327788 517203 8349
3019532 1414282 551054 9072
3209803 1501450 585134 9778
3401150 1589167 619568 10471
3593853 1677363 654388 11156
3787413 1766007 689177 11830
3981491 1855612 724129 12493
4176720 1945547 759631 13150
4374072 2035747 795098 13802
4571802 2126164 830618 13802
4770274 2216797 866499 14447
4969312 2307613 902369 15086
5168404 2398594 938196 15722
5367875 2489707 974278 16357
5567960 2580945 1010365 16990
5767975 2672302 1046442 17617
5968075 2764333 1082585 18239
6168836 2856461 1119125 18865
6369749 2948614 1155428 19487
6570447 3040778 1191815 20103
6772862 3132950 1228403 20719
6975678 3225149 1264940 21335
7178140 3317366 1301440 21950
7380514 3409592 1337959 22563
7583110 3501821 1374574 23178
7785549 3594068 1411102 23793
7987753 3686326 1447528 24406
8190184 3778586 1484125 25019
8392666 3870835 1520640 25633
8594744 3963054 1557106 26247
8796753 4055276 1593595 26859
8999064 4147514 1630136 27473
9201308 4239763 1666655 28087
9403347 4332028 1703083 28700
9605391 4424217 1739476 29304
9804379 4515077 1775391 29911
10003020 4605935 1811293 30519
10201943 4696936 1847264 31126
10401501 4788080 1883293 31735
10601142 4879355 1919400 32345
10800927 4970759 1955436 32955
11001221 5062815 1991733 33565
11201680 5154441 2027988 34176
11402032 5246081 2064245 34787
11602775 5337785 2100511 35396
11803864 5430118 2136812 36006
12004767 5521988 2173213 36616
12205787 5613854 2209532 37226
12407087 5706303 2245915 37835
12608316 5798785 2282361 38447
12809437 5890759 2318808 39062
13012007 5983173 2355422 39675
13214656 6076129 2392032 40291
13418013 6168972 2428918 40908
13621424 6261709 2465721 41524
13824996 6354938 2502479 42137
14028243 6448122 2539290 42752
14231248 6540721 2576146 43367
14434445 6633218 2612813 43367
14638928 6726235 2649682 44595
14841868 6819239 2686472 45210
15044602 6912186 2723233 45210
15247534 7005072 2759782 45825
15451593 7097907 2796589 46438
15654271 7190680 2833559 47051
15857117 7283410 2870209 47664
16061299 7376077 2906889 48276
16265162 7468681 2943746 48882
16467733 7561807 2980669 49494
16670397 7654403 3017366 50107
16874301 7746912 3054053 50715
17077958 7839964 3090839 51323
17281763 7932990 3127623 51937
17485494 8025423 3164168 52551
17688627 8117754 3200665 53151
17888528 8209161 3229321 53753
18088451 8300519 3272742 54357
18288439 8391945 3308737 54960
18488475 8483457 3344920 55563
18689031 8575048 3373682 56169
18889789 8666711 3417218 56775
19090344 8758443 3453438 57380
19291179 8850233 3482259 57987
19492478 8942079 3525923 58595
19693515 9033963 3562182 59201
19894635 9125877 3598621 59804
20096150 9217821 3627753 60413
20297597 9309802 3671545 61022
20498872 9401788 3707955 61626
20700462 9493797 3737109 62236
20902314 9585833 3773566 62847
21103911 9677895 3817424 63454
21305538 9769979 3846606 64057
21508948 9862097 3883452 64671
21711088 9954229 3919920 65283
21912909 10046384 3964099 65890
22116437 10138554 3993328 66499
22321333 10230744 4029841 67113
22523696 10322959 4066443 67723
22727262 10415195 4103223 68332
22931049 10507434 4140125 68944
23135784 10599672 4176625 69560
23337911 10691918 4213249 70171
23541480 10784189 4250050 70783
23746589 10876477 4286594 71395
23950067 10968759 4323229 72007
24153231 11061034 4359967 72617
24356549 11153303 4396824 73230
24559723 11245580 4433510 73843
24762584 11337872 4470092 74454
24965638 11430156 4506818 75065
25170037 11522427 4543282 75677
25372816 11614708 4579872 76289
25575435 11707009 4616538 76899
25778168 11799289 4653141 77501
25976991 11889925 4689090 78103
26175539 11980543 4724937 78103
26374771 12071295 4761022 79301
26573339 12162224 4796606 79906
26772675 12252837 4832753 80519
26974623 12344544 4869512 81136
27179294 12531307 4906742 81762
27387354 12626146 4951757 82394
27806563 12721826 4989706 83030
28020178 12818234 5028130 83668
28234828 12915291 5066402 84313
28449246 13012947 5135811 84962
28665011 13111110 5143850 85613
28883163 13209719 5183197 86264
29101925 13308751 5253457 86920
29319986 13408126 5292963 87579
29538883 13508400 5332796 88240
29759969 13608421 5372506 88901
29981285 13708631 5412279 89565
30202752 13809050 5452053 90232
30423441 13909680 5492133 90901
30644638 14011059 5532443 91570
30867553 14112062 5572514 92239
31090510 14213122 5612627 92912
31313615 14314319 5652657 93586
31535913 14416206 5693064 94261
31759881 14518217 5733393 94935
31983875 14619738 5773717 95609
32207743 14721282 5814044 96285
32430561 14822904 5854545 96961
32653720 14925160 5895186 97637
32878346 15027452 5935608 98312
33102866 15129194 5976062 98988
33327303 15230932 6016461 99665
33550704 15333276 6057078 100343
33774369 15435689 6097815 101021
33999526 15538091 6138346 101698
34224565 15639957 6178914 102375
34448946 15741807 6210995 103052
34670396 15843959 6259129 103720
34891843 15944751 6298974 104388
35113358 16045543 6338873 105055
35335028 16146466 6378949 105724
35557163 16247014 6419009 106394
35778560 16348261 6459347 107066
36001523 16449659 6499475 107738
36224590 16551153 6539706 108408
36447807 16652698 6580026 109080
36671483 16754334 6620319 109754
36895452 16856044 6660711 110428
37119428 16957807 6701037 111097
37343232 17060191 6741448 111765
37567142 17162605 6781937 112441
37792544 17264880 6822529 113121
38018147 17367134 6863146 113801
38243509 17469377 6903759 114476
38468591 17572207 6944410 115150
38693718 17675021 6976705 115826
38919167 17777789 7025672 116503
39145994 17880514 7066205 117180
39371190 17983167 7106821 117856
39596070 18085762 7147493 118531
39819855 18188323 7180007 119209
40043823 18290858 7229191 119888
40270708 18393356 7269753 120567
40496191 18495825 7310384 121244
40721401 18598254 7351066 121920
40946798 18700662 7383379 122599
41172418 18803060 7424140 123278
41399339 18905442 7473133 123957
41624687 19007808 7513816 124635
41849804 19110158 7546041 125307
42075127 19212495 7586887 125986
42300581 19314830 7627661 126666
42527181 19417175 7668246 127346
42753436 19519468 7708905 129861
