53956 70031 18978 1117
159524 113134 34126 1117
391448 205640 71818 2297
505134 259716 105980 2297
763960 381711 134017 3392
909932 449701 179688 3392
1063200 521367 206925 4317
1352798 658592 233179 4317
1505765 730196 265388 5188
1660987 803970 315724 6018
1822324 879693 344984 6816
2159298 1037445 375059 6816
2334254 1118461 405944 7585
2511734 1201266 437544 8328
2691940 1285136 469656 9053
2875355 1369921 528599 9053
3059548 1456099 562175 9761
3248607 1543003 603141 10450
3438823 1630493 630421 11132
3630441 1718518 665007 11808
3823168 1807009 706939 12475
4016412 1896501 742083 13128
4212051 1986365 777184 13772
4408655 2076490 812678 14415
4605409 2166859 848330 15056
4802666 2257432 884227 15056
5000517 2348200 919890 15693
5198542 2439139 955717 16325
5396810 2530225 991721 16957
5595693 2621446 1027770 17588
5794662 2804229 1063681 18216
5993636 2896323 1099753 18838
6193054 2988500 1135953 19460
6592171 3080701 1171963 20081
6793341 3172923 1208049 20696
6994997 3265157 1244295 21306
7196379 3357399 1280739 21920
7397637 3449634 1316891 22534
7599224 3541889 1353162 23142
7800702 3634147 1389732 23751
8001843 3726413 1426034 24361
8203113 3818684 1462441 24971
8404495 3910930 1498972 25579
8605487 4003176 1535426 26189
8806466 4095434 1571727 26799
9007745 4187698 1600611 27407
9007745 4187698 1637080 28006
9208556 4279839 1673204 28607
9405517 4370401 1708701 29208
9602776 4460978 1744395 29809
9800455 4551740 1780177 30412
9998189 4642672 1823199 31016
10196347 4733746 1851640 31615
10395094 4824957 1887744 32221
10593774 4916289 1923634 32828
10792603 5007723 1959533 33434
10991935 5099256 1995647 34040
11191356 5190885 2031677 34648
11390776 5282590 2075103 35256
11590656 5374361 2103803 35858
11790655 5466197 2140072 36467
11990433 5558082 2176165 37077
12190458 5650015 2212301 37685
12390881 5742000 2248620 38290
12591097 5926091 2284882 38900
12791384 6018192 2321023 39510
12992095 6110324 2357352 40114
13192784 6202487 2393684 40725
13393270 6294682 2429931 41337
13594051 6386887 2466210 41948
13794936 6479092 2502608 42555
13995544 6571296 2538972 43167
14196164 6664073 2575153 43167
14397113 6756352 2611561 44385
14798561 6848594 2647966 44997
14798561 6940837 2684305 45610
14999567 7033621 2720618 45610
15401219 7125917 2757015 46834
15602107 7218178 2793402 46834
15602107 7310980 2829648 47448
15804568 7403786 2866061 48062
16005486 7496044 2902473 48673
16407501 7588804 2938852 49285
16407501 7681566 2975170 49897
16609905 7774272 3011487 50508
17012039 7867498 3047901 51114
17012039 7867498 3084252 51726
17214300 7960079 3120494 52330
17413152 8051217 3155933 52922
17608439 8141631 3191430 53514
17804218 8232148 3226929 54109
18001704 8322847 3262463 54704
18199658 8413725 3298245 55299
18397008 8504748 3333985 55898
18595945 8595917 3369943 56498
18794926 8687201 3405891 57093
18995823 8778581 3441899 57695
19195810 8870074 3477858 58298
19395516 8961663 3514079 58897
19596834 9053333 3550251 59496
19798493 9145060 3586320 60097
19999891 9236851 3622535 60698
20201229 9328682 3658946 61297
20402782 9420551 3695160 61899
20604264 9512465 3731357 62502
20805428 9604419 3767685 63104
21006722 9696414 3796563 63707
21208177 9788433 3840465 64311
21409363 9880476 3876746 64915
21610472 9972534 3913134 65517
21811864 10064614 3942034 66122
22013183 10156716 3985747 66727
22214143 10248818 4022060 67331
22415360 10340934 4050934 67935
22616643 10433062 4087385 68539
22817618 10525213 4131063 69143
23018530 10617372 4159867 69742
23219679 10709516 4196518 70348
23420620 10801670 4240228 70955
23621379 10893835 4276542 71557
23822423 10986004 4305615 72159
24023489 11078194 4342217 72767
24224231 11170396 4385890 73375
24425060 11262603 4414699 73979
24626154 11354838 4451355 74589
24827032 11447097 4487647 75199
25027852 11539368 4523876 75796
25228784 11631592 4560271 76399
25426231 11722306 4595992 76997
25620912 11813020 4631223 77597
25818259 11903461 4667289 78202
26220722 12087721 4703988 78821
26425273 12181468 4748286 79442
26632255 12276176 4785697 80065
26840782 12371723 4823588 80694
27050742 12468026 4861454 81328
27262548 12564998 4899666 81966
27475712 12662575 4938274 82605
27689708 12760687 4977170 83249
27904561 12859256 5046854 83897
28120589 12958232 5085989 84547
28337474 13057591 5125395 85197
28554844 13157289 5164797 85851
28772812 13257289 5204247 86507
28991632 13357553 5243772 87165
29211093 13458013 5283521 87823
29430742 13558680 5323335 88483
29650552 13659531 5363114 89146
29870879 13760540 5402809 89811
30091809 13862264 5442776 90476
30312942 13963575 5482905 91140
30534070 14064950 5522916 91807
30755395 14166415 5562914 92476
30977174 14267957 5602860 93146
31199135 14370128 5643031 93815
31421038 14471850 5683234 94485
31642878 14573581 5723388 95156
31864982 14675372 5763438 95828
32087435 14777780 5803546 96500
32309897 14880233 5843777 97171
32532179 14982666 5883979 97845
32754476 15084570 5924203 98520
32977161 15186449 5964305 99195
33199969 15288909 6004515 99869
33422642 15391409 6044815 100542
33645120 15493882 6085078 101218
33867319 15595821 6116909 101893
34086716 15698033 6164687 102560
34307501 15798888 6204373 103226
34527152 15899737 6244046 103891
34746964 16000708 6283830 104560
34967416 16101826 6323635 105231
35188232 16203074 6363450 105902
35410433 16304426 6403437 106572
35631397 16405868 6443405 107244
35852526 16507388 6483411 107918
36074051 16608970 6523350 108592
36297096 16710622 6563374 109265
36520151 16812343 6603419 109936
36741917 16914114 6643562 110610
36963897 17015953 6675379 111285
37186221 17117840 6723834 111960
37409980 17219792 6764065 112633
37633687 17321775 6804238 113304
37857490 17423793 6844548 113977
38080420 17525851 6876534 114650
38304759 17627938 6925102 115323
38528874 17730045 6965329 115995
38752753 17832168 7005598 116662
38976700 17934854 7045932 117336
39200869 18037031 7077982 118010
39424996 18139165 7126597 118684
39648811 18241302 7166835 119353
39872605 18344021 7207178 120021
40096527 18446749 7239190 120691
40320641 18549432 7279668 121362
40544589 18652074 7320044 122033
40768261 18754669 7368545 122703
40991939 18857222 7408907 123373
41215880 18959745 7440957 124045
41439824 19062243 7481418 124718
41663451 19164709 7521637 125391
41886857 19267158 7570155 126063
42110352 19369583 7602138 126735
42334082 19471970 7642568 127408
42557832 19574348 7683023 128082
42781201 19676718 7723295 130574
