56656 34929 12469 1018
188194 116599 42600 1018
351655 209162 67303 2000
566996 261554 104811 2000
689479 376839 126018 2920
960360 440679 174118 3790
1106810 507477 200214 3790
1258461 650037 227637 4623
1579293 725242 279183 5423
1747614 802324 309039 5423
1919068 881651 346415 6198
2095506 962431 377916 6947
2274480 1044441 410083 7676
2455824 1212822 442711 8394
2641000 1298319 475962 9096
2827723 1384555 536428 9096
3016169 1472026 570461 9786
3398743 1560106 605212 10464
3591012 1648630 640160 11130
3787395 1737555 675130 11789
3984428 1826844 710424 12444
4180858 1916457 745849 13095
4379405 2006330 781324 13734
4578130 2096464 817381 14370
4777145 2187413 853362 15006
4975517 2278556 889448 15641
5175483 2369836 925485 16272
5375725 2460733 961953 16900
5576464 2552300 998209 17528
5777193 2643967 1034416 17528
5977757 2735676 1070681 18155
6180067 2827439 1106929 18775
6382843 2919252 1143335 19391
6586348 3011025 1179909 20015
6785892 3103227 1215954 20635
6981434 3194492 1251263 21238
7177149 3283941 1286553 21846
7373242 3372994 1322203 22455
7570238 3462869 1357816 23061
7767794 3553059 1393560 23666
7965508 3642969 1429504 24278
8163936 3733628 1465387 24887
8362996 3824521 1501424 25491
8563031 3915435 1537946 26095
8763374 4006982 1574637 26709
8964244 4098669 1611043 27320
9165071 4190984 1647460 27926
9365784 4283349 1683937 28543
9566916 4376244 1720558 29158
9768114 4468601 1757091 29767
9969178 4560903 1793769 30376
10170443 4653759 1830372 30986
10371974 4746595 1867071 31596
10573412 4838874 1903829 32204
10774795 4930597 1940616 32819
10976586 5023478 1977375 33432
11178425 5116406 2014344 34044
11380108 5208772 2051064 34655
11581868 5301608 2087763 35271
11783845 5394392 2124523 35884
11985470 5487109 2161343 36495
12187038 5579762 2198057 37111
12388919 5672369 2234606 37727
12590680 5764930 2271318 38339
12792175 5857450 2308105 38948
12993947 5949938 2344654 39563
13195954 6042410 2381255 40175
13397676 6134855 2417985 40786
13599390 6227275 2447088 41397
13801427 6319674 2491155 42013
14003340 6412050 2527770 42626
14205019 6504413 2556837 43237
14407019 6596756 2593497 43853
14610409 6689091 2629897 43853
14813362 6781388 2666393 44468
15013469 6873630 2702628 45667
15213674 6964632 2738665 45667
15415228 7055618 2774586 46273
15616766 7146721 2810794 47479
15817478 7237934 2847023 48087
16019550 7329252 2883130 48087
16221459 7420654 2919375 48696
16422350 7512165 2955927 49301
16624933 7603773 2992309 49904
16827297 7695439 3028584 50514
17029518 7787151 3065034 51124
17232057 7878898 3101466 51729
17434549 7970693 3137832 52339
17636727 8062528 3174267 52950
17838995 8154402 3210813 53558
18041426 8246305 3247309 54164
18243529 8338245 3283689 54777
18445585 8430212 3320229 55390
18647901 8522193 3356744 55998
18850075 8614206 3393185 56611
19052091 8706253 3429658 57225
19254255 8798342 3466097 57839
19456623 8890471 3502662 58447
19658575 8982596 3539123 59061
19860484 9074717 3575685 59676
20062684 9166844 3612231 60286
20264883 9259002 3648821 60896
20466762 9351165 3685306 61511
20668893 9443870 3721767 62126
20871093 9536070 3758382 62735
21073032 9628215 3794963 63349
21274953 9720360 3831489 63963
21477106 9813052 3868005 64576
21679112 9905243 3904655 65184
21880860 9997384 3941133 65799
22082952 10090062 3977708 66414
22285018 10182734 4014605 67024
22486835 10274863 4051263 67640
22688692 10367523 4087787 68257
22890841 10460202 4124231 68873
23088845 10552745 4152728 69474
23286555 10643887 4188721 70081
23483118 10734472 4224233 70684
23680062 10824338 4259839 71273
23875528 10914932 4295408 71869
24073819 11005497 4338689 72479
24274941 11097184 4374938 73091
24478216 11190005 4412047 73704
24683731 11283842 4449427 74330
24891530 11378574 4487026 74963
25100996 11570414 4525066 75598
25311901 11667356 4563497 76237
25524588 11764878 4601903 76881
25740257 11862915 4671501 77528
25955475 11961409 4710766 78176
26171363 12060297 4750210 78823
26606630 12159544 4789532 79478
26826619 12259116 4828951 80136
27045781 12358971 4868713 80795
27265596 12459079 4908714 81450
27486150 12559433 4948557 82113
27708533 12659992 4988336 82778
27931026 12760725 5028310 83443
28152460 12861606 5068531 84108
28374342 12962623 5108661 84774
28598002 13063766 5148738 85443
28821654 13165024 5188802 86113
29045228 13266380 5229066 86783
29267777 13367814 5269523 87452
29490633 13469328 5309866 88121
29715070 13570910 5350109 88791
29939416 13672528 5390385 89461
30163682 13774190 5430795 90131
30388116 13875905 5471239 90800
30612771 13977686 5511609 91472
30837350 14079514 5551916 92144
31061726 14181374 5592306 92816
31286148 14283277 5632831 93488
31512325 14385205 5673267 94155
31736495 14486848 5713593 94827
31956000 14587208 5753059 95488
32175205 14686824 5792654 96149
32395051 14786552 5832428 96810
32617087 14886518 5872162 97467
32839638 14986731 5911961 98128
33060813 15087172 5951817 98795
33282209 15187749 5991859 99463
33505741 15288509 6031886 100127
33729782 15389442 6072021 100792
33953730 15490512 6112135 101459
34176291 15591719 6152348 102131
34400455 15693044 6192700 102799
34625122 15794464 6232984 103465
34849825 15895975 6273312 104135
35074237 15997564 6313582 104807
35298612 16099215 6353966 105479
35523185 16200942 6394379 106150
35748010 16302718 6434788 106821
35972726 16404533 6475214 107495
36197115 16506375 6515575 108170
36421420 16608224 6556052 108845
36645958 16710104 6596451 109519
36870699 16812012 6636906 110193
37095319 16913951 6677350 110869
37319645 17015907 6717772 111545
37543997 17117888 6758303 112221
37768739 17219893 6798760 112896
37993675 17321919 6839273 113571
38218331 17423980 6879776 114248
38442797 17526055 6920266 114926
38667363 17628159 6960791 115604
38892285 17730267 7001297 116280
39117233 17832394 7041855 116956
39341870 17934520 7082398 117633
39566352 18036647 7122908 118310
39790885 18138733 7163377 118987
40015738 18240814 7203891 119663
40240603 18342918 7244477 120339
40465263 18445021 7276717 121016
40689747 18547106 7325401 121693
40911033 18648185 7365295 122360
41132531 18748728 7405360 123022
41354325 18849384 7437129 123685
41576127 18950214 7485640 124355
41798252 19051758 7525812 125026
42020968 19153419 7565993 125697
42243976 19254620 7606350 126363
42466828 19355879 7638325 127036
42689780 19457241 7687014 127711
42689780 19559274 7718984 132271
