103220 86537 16454 0
319106 187172 45091 1271
564427 245411 95479 1271
704346 377777 121198 2462
1021480 451927 178796 2462
1194659 613979 210565 3589
1376557 700802 251240 4657
1764593 790519 314472 4657
1968173 883412 351594 5680
2176875 978539 389388 6669
2391228 1175578 428152 6669
2608962 1277016 468011 7619
2829915 1379740 508388 8535
3285473 1483527 549303 9433
3517094 1588237 623701 10312
3750304 1694374 665764 10312
3986627 1801270 708535 11167
4224507 1908754 751575 12010
4463553 2016770 794595 12839
4703337 2125837 837674 13612
4928292 2229168 845988 14358
5146775 2329659 917727 14358
5368975 2430907 957930 15094
5594152 2533290 966372 15813
5594152 2634265 1006815 16522
5814327 2734254 1046398 17222
6032126 2833392 1085715 17913
6248270 2931770 1124865 18593
6463197 3030001 1163781 18593
6676890 3127653 1202168 19265
6889073 3224708 1240443 19929
7100088 3321248 1278661 20590
7310474 3321248 1308910 21247
7520009 3417318 1354426 21901
7728455 3512987 1392048 22549
7936207 3608283 1429706 23189
8143666 3703250 1459733 23831
8350549 3797925 1497120 24468
8556637 3892338 1534496 25098
8763809 3986522 1571966 25724
8970842 4080505 1609391 26352
9177172 4174310 1646563 26979
9382872 4267948 1683629 27603
9588453 4361439 1720814 28225
9795177 4454784 1757663 28848
10000061 4547998 1794585 29471
10204507 4641104 1831548 30091
10408973 4734112 1868619 30711
10613210 4827026 1905503 31331
10816947 4919874 1942207 31331
11020551 5013213 1979102 32563
11224243 5105979 2016022 33181
11427470 5198628 2052754 33800
11630464 5291246 2089408 33800
11833700 5384367 2126260 34418
12038209 5476941 2162883 35030
12241082 5569413 2199516 35649
12443894 5662423 2236279 36268
12646870 5755415 2273119 36885
12849592 5847828 2309858 37502
13052449 5940274 2346425 38111
13252325 6031829 2382653 38720
13453350 6123281 2418723 39320
13653103 6214767 2454922 39931
13853219 6306337 2491242 40543
14055297 6397992 2527392 41150
14256059 6490294 2563859 41754
14456801 6582653 2600255 42364
14657903 6674988 2636794 42974
14860429 6767309 2673163 43578
15061648 6859622 2709672 44188
15263138 6951944 2746212 44799
15466184 7044277 2782541 45410
15667722 7136621 2819127 46021
15869147 7228934 2855662 46634
16070730 7321228 2892265 47247
16273565 7413506 2928653 47858
16475022 7505794 2965232 48470
16676700 7598063 3001792 49083
16879745 7690323 3038124 49695
17081389 7782581 3074742 50305
17283055 7874838 3111359 50917
17485037 7967094 3147950 51529
17688170 8059354 3184373 52140
17889973 8151626 3213445 52752
18092005 8243883 3257630 53365
18296883 8336142 3294046 53978
18500305 8428421 3330537 54588
18702365 8520699 3367256 55200
18904513 8612957 3403898 55812
19107892 8705210 3440397 56423
19309943 8797481 3469535 57034
19512272 8889755 3513792 57646
19717395 8982025 3550473 58258
19921026 9074309 3579385 58864
20123338 9166568 3616342 59476
20325731 9258827 3653291 60089
20530805 9351098 3697453 60701
20734541 9443376 3726778 61308
20937152 9535653 3763796 61922
21141896 9627876 3771354 62527
21342766 9718594 3807791 63130
21542258 9809266 3843808 63734
21742148 9900069 3880109 64338
21943476 9991025 3916287 64942
22143722 10082108 3981221 65539
22345743 10173327 3988775 66148
22547961 10264665 4025419 66758
22749878 10356104 4090383 67360
22952055 10447637 4097944 67972
23154469 10539249 4134827 68585
23356667 10630941 4200049 69191
23558838 10722692 4236980 69795
23761296 10814503 4244562 70406
23965115 10906367 4281537 71018
24168648 10998272 4318014 71625
24372278 11090213 4354573 72232
24575932 11182185 4391439 72845
24779076 11274180 4428015 72845
24982003 11366754 4493522 74068
25183899 11458860 4501138 74684
25387017 11550948 4538184 75300
25589960 11643058 4574726 75300
25794117 11735609 4611394 76528
25998399 11828173 4648548 76528
26202194 11920703 4685429 77143
26405892 12013753 4722375 77757
26609859 12106266 4759496 78365
26813636 12198715 4796570 78978
27017064 12291135 4833329 79591
27220534 12384095 4870177 80203
27424087 12477032 4907244 80809
27627184 12569391 4944069 81422
27830104 12662219 4980767 82036
28033192 12755035 5017566 82648
28236186 12847793 5054425 83260
28438829 12940483 5090975 83873
28641527 13033132 5127634 84486
28844343 13125727 5164417 85097
29046776 13218276 5201128 85710
29046776 13310765 5237509 86313
29249167 13401534 5273453 86911
29447811 13492806 5309445 87507
29843152 13583696 5345024 88111
30044817 13675633 5381188 88722
30248896 13768689 5417988 89338
30454663 13862745 5484565 89969
30662369 13957117 5522159 91244
30872085 14052283 5560227 91885
31083248 14245978 5598447 92531
31295530 14343702 5636852 93181
31509296 14441911 5675515 93831
31724471 14540566 5714532 94483
31940597 14639630 5753606 95139
32157411 14739035 5792802 95797
32375252 14838756 5832134 96455
32594139 14938751 5871737 97113
32813581 15038985 5911371 97775
33033309 15139446 5951118 98439
33253658 15240090 5990861 99104
33474734 15340904 6030805 99768
33696156 15441861 6070834 100433
33917686 15542971 6110881 101100
34139546 15644189 6150951 101768
34361936 15745524 6191058 102436
34584704 15846946 6231330 103103
34807563 15948459 6271546 103772
35030484 16050066 6311850 104443
35253607 16151728 6352120 105115
35477182 16253460 6392444 105787
35701015 16355261 6432886 106457
35924712 16457125 6473282 107128
36148361 16559014 6513719 107801
36372346 16660945 6554113 108475
36596610 16762910 6594560 109148
36820923 16864866 6635006 109819
37044952 16966861 6675463 110493
37269054 17068891 6715975 111168
37493471 17170948 6756422 111843
37718032 17273023 6796950 112516
37942020 17374917 6837307 113179
38162822 17475437 6877159 113845
38383594 17575998 6917038 114512
38605073 17676726 6956902 115180
38828431 17777637 6997006 115180
39050588 17878692 7037086 116510
39272763 17979875 7077323 117181
39495374 18081177 7117552 117854
39718403 18182566 7157744 118527
39943035 18284063 7197991 118527
40166277 18385606 7238322 119868
40389602 18487240 7278787 120543
40613321 18588942 7319208 121219
40837347 18690702 7359600 121219
41062594 18792516 7399966 121895
41286481 18894379 7440523 123238
41510503 18996287 7481156 123916
41734952 19098235 7521689 124595
41960894 19200227 7562204 124595
42186596 19302223 7602632 125274
42412025 19404243 7643219 126631
42636228 19506295 7675392 129360
42860562 19608361 7675392 137097
42860562 19710761 7683868 140588
