55945 53214 26443 0
120155 126957 40274 0
302606 166931 65005 1219
505677 261230 100334 1219
621556 372552 138179 2353
885994 434765 167873 2353
1030422 570075 214375 3411
1339667 641940 242698 4407
1504580 717209 272284 4407
1673108 794397 303015 5354
1847064 873852 334410 5354
2023735 1038127 392487 6254
2204474 1122496 425581 7114
2387766 1207791 459303 7114
2558565 1287339 490504 7872
2725823 1365352 521009 8589
2898147 1444526 552144 9289
3246222 1524464 590150 9980
3428821 1607228 622968 10662
3616059 1692144 683226 10662
3808790 1867354 718285 11338
4004608 1957879 753946 12012
4202337 2049747 790012 12687
4608374 2142742 826657 13363
4814535 2236717 863827 14032
5022945 2331583 901330 14700
5234306 2427271 946983 15371
5446974 2523690 985281 16043
5661201 2620725 1015550 16716
5876592 2718311 1054141 17389
6092633 2816408 1100923 18060
6309317 2914949 1140262 18738
6527061 3013898 1179436 19414
6745709 3113189 1218861 20090
6964814 3212790 1258445 20762
7184241 3313245 1298266 21436
7404328 3413957 1338065 22111
7625100 3514834 1409631 22786
7846317 3615848 1449618 23461
8067647 3716983 1457852 24134
8289300 3818216 1529799 24809
8511508 3919555 1569999 25485
8734108 4020995 1610231 26161
8956712 4122486 1650473 26836
9179349 4224053 1690665 27510
9402335 4325688 1730974 28186
9625701 4427382 1771361 28863
9849178 4529124 1811752 29540
10072551 4630917 1852148 30217
10296024 4732757 1892478 30892
10519912 4834630 1932938 31568
10744168 4936552 1973460 32245
10968332 5038500 2013945 32922
11192341 5140478 2046097 33596
11415784 5242476 2054338 34248
11633564 5344212 2094350 34907
11850075 5443541 2133466 35569
12066783 5542928 2172656 36232
12284036 5642525 2211886 36891
12503721 5742394 2251163 37552
12724256 5842506 2290671 38216
12945140 5942854 2330370 38882
13166175 6043388 2370092 39548
13387696 6144109 2409829 40214
13609727 6244984 2449653 40884
13831990 6346017 2489611 41556
14054196 6447165 2529658 42228
14276555 6548442 2569634 42899
14499381 6650362 2618242 43569
14722612 6751845 2650062 44242
14945880 6853357 2690370 44916
15169004 6954937 2730698 45590
15392246 7056535 2770818 46263
15615965 7158738 2811280 46935
15839900 7260488 2883760 47610
16063715 7362212 2924333 48286
16287343 7463973 2964766 48962
16511222 7565775 3005158 49637
16735353 7668184 3013499 50314
16959501 7770103 3086296 50992
17183444 7872019 3126908 51670
17407392 7973943 3167363 52348
17631646 8076441 3207802 53025
17856005 8178953 3248350 53703
18080299 8281438 3289101 54382
18304394 8383396 3329840 55062
18528514 8485315 3370263 55742
18752873 8587799 3410693 56420
18977364 8690315 3451261 57098
19201716 8792808 3491993 57778
19425957 8894811 3500454 58458
19650226 8996684 3573070 59137
19874719 9099133 3613522 59814
20099274 9201617 3654102 60491
20323317 9304067 3662491 61161
20544439 9406358 3702988 61831
20765554 9507358 3742786 62501
20987082 9608325 3782649 63171
21208901 9709390 3822670 63843
21430742 9810575 3862860 64516
21652798 9911854 3903066 65189
21875428 10013219 3943058 65861
22098343 10114658 4015138 66528
22321259 10216169 4055733 67196
22544215 10317751 4064101 67870
22767513 10419403 4104599 68545
22991158 10521099 4176796 68545
23214967 10622852 4217407 69885
23438582 10724646 4225788 70562
23662256 10826472 4266548 71240
23886234 10928354 4338875 71240
24110515 11030262 4379440 71914
24334807 11132208 4420187 72583
24558950 11234738 4428585 73251
24783195 11337285 4469429 73922
25007821 11439789 4509912 74594
25233939 11542250 4582838 75271
25459569 11644572 4623790 75946
25684835 11747411 4664788 76620
25910065 11850224 4705580 77297
26135577 11952959 4746200 77975
26362463 12055641 4786877 78653
26589033 12158277 4827741 79330
26814055 12260877 4836219 80005
27039010 12363428 4877128 80682
27264231 12465934 4917678 81359
27490868 12568409 4990610 82036
27717244 12670849 4999052 82712
27942067 12773255 5039923 83386
28166853 12875627 5080699 84063
28391855 12977988 5121198 84741
28618209 13080324 5161749 85419
28844214 13182626 5202411 86096
29069892 13284905 5243183 86771
29294445 13387169 5283692 87435
29514560 13489406 5323961 88099
29736016 13589660 5363668 88764
29957630 13689909 5403427 89422
30176989 13790338 5443478 90086
30397712 13891030 5483067 90761
30622642 13992875 5555356 91443
30849909 14198749 5596611 92131
31079205 14303180 5638279 92822
31310607 14409093 5680003 93518
31544057 14515220 5722196 94928
31779095 14621946 5764621 95638
32252580 14729276 5807420 95638
32490962 14837120 5850511 96350
32732183 14945428 5893718 97766
32974465 15054192 5937115 98490
33217023 15163333 5980620 99221
33459785 15273230 6024329 99954
33702812 15383408 6068205 100688
33946246 15493793 6112237 101418
34191698 15604362 6156331 102144
34437868 15715705 6200306 102871
34684308 15826663 6244567 103607
34930919 15937719 6288853 104344
35177411 16048891 6333116 105081
35423810 16160153 6377419 105818
35670181 16271503 6421827 106555
35916549 16382934 6466284 107292
36163165 16495006 6510451 108029
36409980 16607144 6554652 108768
36656904 16718742 6599128 109509
36903744 16830319 6643584 110250
37150393 16941944 6688015 110991
37396874 17053608 6732508 111732
37643423 17165325 6777087 112473
37890159 17277065 6821618 113210
38137129 17389424 6865985 113947
38384254 17501824 6910385 114691
38631442 17613663 6954999 115436
38878524 17725469 6999592 115436
39124902 17837067 7044040 116179
39367960 17947232 7087951 116912
39611104 18057424 7131927 117645
39854809 18168382 7175719 118375
40099111 18279535 7219620 119105
40343814 18390265 7263837 120573
40588690 18501089 7308057 121313
40833611 18612075 7352289 122054
41078730 18723193 7396560 122796
41324102 18834444 7440953 122796
41569851 18946396 7485075 123538
41816065 19058442 7529361 124275
42062542 19169978 7573925 125011
42309024 19281526 7618543 125746
42555381 19393140 7663141 126484
42801671 19504778 7707633 130274
