58836 69025 12846 0
178394 113345 35680 1288
334639 206565 63179 1288
548484 317373 94814 2502
813545 380943 134499 2502
961937 519217 186667 3639
1121376 593845 215626 3639
1460462 671422 245723 4708
1641749 753088 303180 5723
1828131 922617 344063 5723
2017978 1011178 378726 6694
2213101 1101315 414356 7622
2614294 1192784 450354 7622
2819335 1286709 487135 8511
3028215 1381108 524467 9370
3238690 1476323 592477 10203
3450410 1573549 630700 10203
3663697 1671465 669330 11019
3879824 1868140 708452 11815
4096712 1967998 747578 12593
4300034 1967998 755139 13315
4497652 2062534 820125 14011
4697212 2154349 856320 14011
4900430 2246356 892755 14700
5105924 2339978 929849 15385
5309898 2434589 966727 16057
5513512 2528224 1003526 16715
5716704 2621632 1040126 17374
5919877 2715437 1076908 18025
6123038 2809107 1113679 18672
6325769 2902625 1150306 19314
6528347 2996034 1186897 19956
6731122 3089340 1223621 20597
6933625 3182544 1260209 21236
7135781 3275660 1296691 21870
7338191 3368704 1333304 21870
7542126 3461677 1369952 22501
7745668 3554587 1406495 23131
7949049 3647433 1443169 23756
8152596 3740219 1480000 24378
8355813 3832947 1516701 25002
8558690 3925627 1553324 25626
8761703 4018252 1590009 26248
8964759 4110841 1626708 26868
9167369 4203394 1663338 27489
9369883 4295906 1699868 28110
9572620 4388394 1736545 28729
9775214 4480871 1773139 29348
9977492 4573344 1809680 29967
10179946 4665781 1846245 30586
10382534 4758204 1882849 31202
10584836 4850617 1919437 31819
10787147 4943031 1955924 32436
10989677 5035435 1992568 33049
11192031 5128378 2029123 33660
11394081 5221309 2065642 34273
11596443 5314164 2102188 34886
11798897 5406960 2138771 35497
12001000 5499693 2175321 36108
12203124 5592384 2204316 36719
12405395 5684997 2219172 37330
12604483 5777552 2248215 37931
12803132 5868737 2284177 38536
13002429 5959871 2320096 39141
13202044 6051110 2363545 39745
13401614 6142459 2392075 40350
13601615 6233923 2428198 40957
13802081 6325483 2471778 41564
14002500 6417119 2500600 42169
14203053 6508831 2536861 42778
14404014 6600612 2573130 43389
14604902 6692455 2616962 43999
14805594 6784344 2645696 44611
15006759 6876261 2682040 45224
15209523 6968230 2718321 45837
15410847 7060236 2754722 46449
15612154 7152287 2820026 47064
15813857 7244373 2827582 47679
16016772 7336487 2864001 48292
16218276 7428604 2929283 48905
16420091 7520744 2936924 49519
16623316 7612907 2973357 50133
16826403 7705101 3038656 50745
17028283 7797329 3075309 51359
17230307 7889560 3111990 51973
17433450 7981799 3148515 52585
17636509 8074045 3185041 53197
17838522 8166302 3221750 53811
18041681 8258550 3258300 54425
18244580 8350802 3265810 55036
18447488 8443053 3331503 55648
18650502 8535310 3368181 56260
18853176 8627567 3404693 56260
19055751 8719814 3441333 57476
19259991 8812056 3478120 58088
19462819 8904303 3514671 58088
19665188 8996542 3551180 58701
19869053 9088775 3587858 59308
20073158 9181016 3624612 59915
20276862 9273257 3661077 60523
20480109 9365505 3668606 61131
20680276 9457734 3705084 61726
20880149 9548534 3741256 62328
21078627 9639313 3777030 62936
21278960 9730210 3812969 63539
21479807 9821256 3849111 64140
21680502 9912435 3885306 64748
21881268 10004291 3921422 65356
22082387 10095730 3957684 65959
22283526 10187213 3994191 66570
22484532 10278772 4030316 67181
22685938 10370963 4066629 67787
22887458 10462714 4103306 68394
23088715 10554470 4139718 69002
23290110 10646828 4176186 69610
23491787 10739228 4212853 70216
23693326 10831119 4249485 70830
23894772 10923546 4285729 71441
24096656 11016003 4322291 72050
24298442 11108440 4359054 72660
24499989 11200365 4395481 73271
24701672 11292818 4431992 73882
24903620 11385287 4468652 74491
25105286 11477732 4505335 75103
25306934 11570159 4541751 75715
25509009 11662571 4578291 76325
25711124 11754983 4614983 76935
25912942 11847389 4651420 77547
26114902 11939766 4687891 78159
26317065 12032126 4724571 78769
26519953 12124881 4761314 79385
26722801 12217616 4797891 80001
26925792 12310300 4834567 80616
27128638 12402949 4871378 81226
27331130 12496117 4937023 81842
27534782 12589121 4973820 82461
27738689 12682047 4981442 83075
27942228 12775471 5018417 83689
28145585 12868863 5055074 84304
28349123 12962144 5084241 84919
28349123 13055325 5121041 85532
28552313 13148309 5157503 86131
28749607 13238713 5193110 86731
28946802 13329048 5228579 87325
29339026 13418624 5263997 87928
29539039 13509330 5307242 88540
29741876 13601255 5343585 89158
29946778 13694306 5409869 89779
30153644 13788362 5447338 90409
30362778 13883330 5485159 91044
30573527 14075609 5523303 91681
30785486 14172758 5561673 92323
30998740 14270483 5600236 92970
31213469 14368708 5639021 93620
31429230 14467374 5678018 94270
31645687 14566438 5717171 94921
31863028 14665865 5756460 95577
32081503 14765607 5795883 96235
32300668 14865635 5835500 96894
32520129 14965919 5875157 97553
32740054 15066424 5914949 98217
32960736 15167132 5954726 98884
33183392 15268028 5994683 99553
33404953 15369077 6034625 100222
33626543 15470264 6074703 100891
33848568 15571563 6114842 101563
34071074 15672964 6154935 102236
34295222 15774472 6195145 102909
34518043 15876063 6235387 103581
34740900 15977738 6275716 104256
34964136 16079480 6316065 104933
35187725 16181292 6356371 105611
35412708 16283153 6396607 106289
35637625 16385070 6437029 106965
35861289 16487017 6477525 107643
36085135 16588985 6517978 108321
36310568 16690987 6558408 108999
36535854 16793018 6598763 109676
36760930 16895091 6639290 110351
36984847 16997184 6679892 111027
37208963 17099024 6720397 111704
37433731 17199694 6760596 112374
37655507 17300376 6800593 113043
37877196 17401203 6840608 113711
38098095 17502197 6880687 114382
38320935 17603333 6920729 115054
38544176 17704598 6960865 115726
38767342 17805977 7001212 116397
38990750 17907444 7041500 117067
39214582 18008994 7081873 117740
39438569 18110600 7122119 118413
39662437 18212264 7162464 119087
39886157 18313986 7202994 119756
40111562 18415762 7243439 120424
40337340 18517583 7283878 121100
40561734 18619460 7324331 121777
40785752 18721355 7364797 122454
41009672 18823293 7405370 123126
41235347 18925272 7446035 123798
41461270 19027289 7486685 124472
41687091 19129328 7527102 125146
41912553 19231392 7567597 125820
42137986 19333486 7608212 126493
42363597 19435597 7648913 127166
42589315 19537707 7689583 127840
