188082 86826 26307 0
379610 135509 56487 1184
502894 249457 100587 1184
780312 383337 125363 2296
934054 457024 174413 2296
1263538 533821 210577 3344
1439956 614023 241732 4339
1621118 782056 300046 4339
1790917 861154 331040 5197
1958869 940099 361685 6012
2312843 1020565 393301 6012
2498800 1103895 426257 6802
2689142 1189343 460128 7573
2884540 1276606 494496 8318
3076989 1364112 529246 8318
3270386 1452106 564109 9050
3467634 1540566 606424 9768
3664155 1719137 662369 10472
3862445 1809712 698389 11163
4062815 1900549 741889 11845
4263217 1991549 778038 12518
4462653 2082702 806677 13179
4663915 2173973 850503 13840
4866482 2265906 886569 13840
5069040 2357423 915317 14493
5272018 2449537 952059 15134
5474923 2541720 996302 15769
5677450 2633903 1032928 16404
5880103 2726084 1061974 17038
6082945 2818259 1098716 17669
6285393 2910996 1142559 18296
6487743 3003673 1171594 18927
6691529 3096291 1208565 19557
6895186 3188865 1253031 20185
7098407 3281866 1289849 20812
7302693 3374808 1319169 21439
7507127 3467681 1356261 22066
7711024 3561634 1392954 22691
7914684 3655029 1429649 23309
8120020 3747777 1466680 23933
8323967 3840431 1503755 24557
8527237 3933587 1540601 25175
8731859 4026725 1577524 25791
8936662 4119256 1614500 26408
9140949 4212856 1651179 27025
9344946 4306449 1687783 27640
9549105 4399426 1724718 28256
9753032 4491789 1761805 28872
9956510 4585014 1798548 29479
10157026 4676898 1834799 30086
10358597 4768678 1871342 30697
10560073 4860498 1907779 31308
10761511 4952931 1943932 31917
10963383 5044895 1980451 32526
11165390 5136857 2017142 33137
11367176 5229373 2053395 33748
11569017 5321811 2089938 34359
11772198 5414217 2126847 34973
11975117 5507137 2163421 35587
12177921 5599924 2200103 36201
12382018 5692649 2237096 36811
12585995 5785331 2274389 37426
12789556 5878517 2311105 37426
12993149 5971670 2347771 38041
13196815 6064741 2385033 39262
13400245 6157242 2422059 39262
13603532 6250234 2458689 39878
13807105 6343211 2495440 40493
14010608 6436141 2532760 41099
14213678 6529551 2569528 41712
14416841 6622917 2606218 42326
14620265 6715683 2643489 42935
14823363 6808754 2680781 43546
15027120 6902285 2717603 44162
15231225 6995755 2754649 44775
15435237 7088622 2792042 45386
15638856 7181892 2828921 46003
15842397 7275107 2865630 46620
16045956 7368228 2902662 47232
16249215 7461283 2939803 47842
16452209 7554254 2976663 48455
16655388 7647146 3013460 49069
16858477 7739982 3050395 49682
17061163 7832754 3058023 50295
17263834 7925481 3123668 50914
17466665 8018156 3160447 51529
17669251 8110798 3168075 52142
17871578 8203381 3204925 52756
18074193 8203381 3241416 53370
18273482 8295910 3277980 53973
18472437 8386986 3314180 54576
18671769 8569202 3350175 55181
18871686 8660502 3386233 55786
19071489 8751921 3422474 56389
19271472 8843438 3458762 56996
19471915 8935035 3494858 57604
19672475 9026711 3531109 58211
19872946 9118454 3559957 58818
20073837 9210257 3603637 59426
20276406 9302128 3639962 60034
20477620 9394064 3676484 60640
20678891 9486045 3705418 61249
20880407 9578017 3749249 61858
21083163 9670033 3785717 62466
21284542 9762070 3814680 63073
21486250 9854153 3851147 63682
21689428 9946273 3895025 64292
21892349 10038411 3931679 64900
22093989 10130549 3960618 65511
22295808 10222702 3997118 66123
22498755 10314878 4041080 66734
22701620 10407074 4070098 67344
22904782 10499300 4106588 67956
23107928 10591545 4143037 68568
23310669 10683786 4179581 69178
23513410 10776028 4216112 69790
23716325 10868275 4252637 70402
23919021 10960535 4289090 71014
24121500 11052783 4325704 71620
24325664 11145025 4362232 72233
24528435 11237267 4398714 72847
24730693 11329504 4435223 73456
24934406 11421753 4471673 74065
25138415 11514003 4508212 74680
25340791 11606262 4544671 75295
25542886 11698529 4581282 75905
25746687 11790811 4617811 76517
25950449 11883105 4654313 76517
26153483 11883105 4690836 77129
26353109 11975368 4727145 78331
26552670 12066088 4763014 78935
26752096 12156794 4798777 78935
26951640 12248172 4834792 79539
27151755 12339204 4870799 80742
27349535 12520853 4906775 81350
27549196 12613041 4942604 81962
27751728 12705824 4978859 82582
27956645 12799571 5045089 83208
28163370 12894833 5090139 83839
28372036 12990933 5128032 84472
28582622 13087176 5158243 85112
28794651 13184026 5204658 85756
29007837 13282047 5243196 86403
29438177 13380597 5282117 87050
29654900 13479045 5313080 87703
29872243 13577859 5352469 88359
30090489 13677598 5399904 89017
30309620 13777668 5439603 89675
30529344 13877992 5479302 90336
30749321 13978523 5519038 91000
30969782 14079233 5558882 91666
31191013 14180108 5598840 92332
31412763 14281132 5639031 92998
31634564 14382303 5679173 93667
31856465 14483590 5719222 94338
32078751 14584971 5759312 95010
32301418 14686446 5799543 95682
32524319 14788006 5839917 96354
32747079 14889640 5872019 97029
32969926 14991345 5920632 97705
33193178 15093099 5960874 98381
33416748 15194899 6001247 99056
33640235 15296755 6041744 99732
33863604 15398634 6073912 100409
34087257 15500549 6122507 101086
34311258 15602499 6162864 101763
34535335 15704493 6203336 102435
34759148 15807085 6235523 103109
34982220 15909700 6275981 103788
35202393 16011454 6315700 104459
35422941 16111832 6363558 105126
35643897 16212823 6403526 105792
35865015 16314001 6435339 106461
36086491 16415297 6475460 107132
36308603 16516701 6515426 107804
36531081 16618180 6563736 108475
36753639 16719757 6604042 109143
36976246 16821418 6636295 109819
37199260 16923142 6676581 110496
37422709 17024915 6725013 111173
37646281 17126742 6765392 111845
37869726 17228613 6806115 112517
38093321 17330530 6838503 113195
38317309 17432494 6878892 113873
38541549 17534486 6927493 114547
38765650 17636501 6968194 115220
38989514 17738556 7000608 115895
39213512 17840637 7041317 116576
39437777 17942735 7081696 117257
39661977 18044837 7121989 117933
39885948 18146906 7171003 118607
40109841 18248985 7203384 119282
40333972 18351084 7244039 119958
40558407 18453196 7284579 120634
40782859 18555334 7325076 121310
41007089 18657488 7374117 121985
41231302 18759661 7406474 122663
41455781 18861842 7447069 123341
41680521 18964029 7487575 124019
41905117 19066214 7528070 124696
42129458 19168399 7568708 125371
42353942 19270590 7609466 126048
42578683 19372790 7650046 126727
42804865 19474993 7690477 130990
