55744 63752 17188 1046
165554 100744 39194 1046
407224 185000 64559 2077
521684 289135 97191 2077
773018 346984 142803 3041
912211 474898 168127 3041
1057162 543596 194391 3952
1366813 615422 244247 4822
1530269 689465 279975 4822
1697444 844393 310552 5655
1869678 924845 341663 6455
2046724 1006640 373563 7232
2224868 1089554 406298 7232
2407115 1174064 465654 7983
2778954 1259471 499753 8715
2970101 1345625 533937 9429
3162327 1432422 568348 10131
3354312 1520375 603236 10824
3548954 1608858 638068 11506
3744093 1697762 673214 11506
3941375 1787028 708791 12174
4139622 1876631 744368 12830
4338111 2057793 779951 13483
4536815 2148670 815786 14133
4736069 2239700 851697 14781
4935452 2330879 887480 15424
5134801 2422177 923406 16045
5325837 2422177 958046 16651
5512316 2510253 991740 17253
5699345 2596261 1025710 17854
5887944 2683198 1060207 18455
6079496 2857739 1094775 19058
6271922 2946337 1129441 19661
6465501 3034867 1164545 20262
6660105 3123740 1199747 20869
6855134 3213538 1234916 21476
7051005 3303156 1270464 22075
7247876 3393577 1306109 22681
7444997 3484841 1341691 23289
7642609 3576302 1377514 23893
7841052 3667365 1413499 24497
8039691 3759039 1449484 25107
8238450 3850812 1485474 25714
8437787 3942624 1521649 26320
8637427 4034508 1557821 26933
8837011 4126462 1593918 27547
9037028 4218461 1630167 27547
9237491 4310509 1666460 28765
9437830 4402557 1702786 29380
9638348 4494623 1739075 29380
9839234 4586700 1775319 30604
10040110 4678817 1811732 31218
10240932 4770958 1848110 31218
10442285 4863123 1884553 31833
10643737 4955297 1921019 32444
10845029 5047479 1957549 33052
11046474 5139667 1993957 33667
11248251 5231852 2030553 34282
11449765 5324057 2067134 34892
11651278 5416290 2103727 35502
11853199 5508538 2140194 36117
12055088 5600783 2176860 36732
12256643 5693039 2213491 37339
12458411 5785315 2250154 37958
12661858 5877595 2286751 38578
12863724 5969860 2323516 39189
13065470 6062122 2360508 39800
13267307 6154304 2397159 40419
13466190 6244764 2433552 41027
13664734 6335225 2469586 41626
13862562 6425866 2505751 42232
14062225 6516694 2541789 42840
14261905 6607661 2578001 43444
14463300 6698773 2614409 44045
14665215 6790003 2650605 44652
14866935 6881339 2686849 45259
15068548 6972744 2723310 45861
15270271 7064171 2752197 46468
15471865 7155502 2795895 47075
15672767 7246833 2832160 47681
15873876 7338246 2860979 48287
16075359 7429757 2904652 48895
16276621 7521896 2940955 49503
16477940 7613598 2977503 50106
16679641 7705319 3006436 50715
16881398 7797094 3050289 51324
17082936 7889473 3086758 51933
17284665 7981379 3115700 52543
17486535 8073271 3152148 53154
17688098 8165746 3188459 53765
17889627 8258255 3224921 54374
18091550 8350238 3261497 54985
18293346 8442191 3297974 55596
18494977 8534736 3334374 56206
18697030 8627323 3370947 56815
18899172 8719387 3407482 57426
19101091 8811972 3443937 58037
19303088 8904585 3480477 58646
19505310 8997176 3517014 59256
19707442 9089751 3553545 59866
19909394 9182286 3590004 60476
20111723 9274777 3626624 61084
20313989 9367241 3663156 61695
20515920 9459684 3699649 62307
20717878 9552114 3736159 62917
20920037 9644533 3772615 63528
21122009 9736940 3809137 64140
21323782 9829236 3845576 64744
21523098 9920334 3882019 65342
21722332 10011973 3918022 65943
21921459 10103697 3954003 66550
22121102 10195348 3990104 67155
22322273 10287599 4026330 67760
22523361 10379923 4062682 68366
22724603 10472257 4099000 68972
22926265 10564607 4135422 69577
23127910 10656942 4171846 70185
23329424 10749273 4208272 70793
23531300 10841600 4244718 71399
23733176 10933897 4281102 72005
23934757 11026203 4317571 72612
24136525 11118518 4354007 73219
24338654 11210838 4390483 73825
24540586 11303151 4426974 74434
24742341 11395454 4463480 75043
24944459 11487750 4499974 75650
25146601 11580047 4536413 76257
25348472 11672349 4572939 76865
25550443 11764646 4609434 76865
25752650 11856925 4645859 78079
25954648 11949193 4682369 78688
26156529 12041475 4718927 78688
26358786 12133773 4755385 79298
26562502 12226089 4792097 79907
26764763 12318391 4828738 80516
26967014 12410689 4865306 81127
27169613 12502995 4901898 81738
27371899 12595305 4938680 82347
27574009 12687616 4975342 82958
27776416 12779908 5011840 83569
27980098 12872198 5048436 84180
28183438 12964480 5085195 84790
28385668 13056765 5121947 85403
28589429 13149075 5158476 86016
28792934 13241395 5195122 86627
28996237 13333696 5231918 87239
29198426 13425945 5261098 87851
29401626 13518198 5304956 88463
29600413 13608620 5333384 89061
29798055 13698117 5369394 89657
29996391 13788735 5412437 90261
30196871 13880569 5448662 90870
30399828 13973525 5485486 91487
30605265 14067478 5522543 92110
31021754 14162328 5589869 93365
31232776 14257994 5628294 94004
31445464 14354391 5666661 94648
31659214 14451433 5705126 95295
31874022 14549048 5743944 95940
32090132 14647167 5783313 96595
32307199 14745724 5822510 97252
32524838 14844670 5861723 97911
32743088 14943972 5901156 98563
32963756 15043600 5941092 99218
33185251 15143524 5981112 99886
33405752 15243704 6020877 100557
33626393 15344110 6060655 101220
33849055 15444719 6100890 101882
34072323 15545485 6141307 102547
34297215 15646406 6181435 103213
34520753 15747473 6221690 103880
34744264 15848671 6262045 104547
34968067 15949986 6302559 105214
35192188 16051400 6343125 105883
35417802 16254457 6383398 106553
35641948 16254457 6423731 107223
35865986 16356647 6464259 107892
36090365 16458360 6504928 108562
36314926 16560080 6545534 109233
36539284 16763649 6586043 109904
36763468 16866055 6626439 110575
36987804 16866055 6666985 111244
37212494 16968483 6707713 111916
37438635 17070376 6748131 112589
37664552 17274143 6788498 113262
37888988 17376650 6829003 113934
38113447 17376650 6869675 114604
38337592 17479182 6910363 115267
38559758 17580964 6950222 115931
38780400 17681328 6990183 116596
39001134 17782280 7030170 117261
39222467 17883407 7070358 117926
39444320 17984654 7110655 118594
39667813 18085492 7150762 119263
39891447 18186443 7190780 119932
40113942 18288091 7231106 120600
40336823 18389852 7271599 121268
40561360 18491660 7311893 121943
40786904 18695593 7352402 122622
41012019 18798373 7393210 123301
41237226 18901167 7434148 123978
41462628 19003900 7475163 124655
41689369 19106567 7515849 125333
41915804 19209180 7556508 126011
42141931 19311739 7597051 126690
42366767 19414273 7637912 127367
42591715 19516770 7678869 128044
42818068 19619229 7711075 133178
