52018 64453 11001 1120
83429 104809 24799 1120
283648 190339 58260 1120
474757 238194 87155 2230
587249 345172 111637 3264
841154 404513 151177 3264
979541 534478 176064 4237
1125674 604322 229410 4237
1437035 677258 257696 5158
1600872 752299 287033 6037
1768811 908922 317200 6037
1941282 989436 373045 6880
2117216 1071805 405335 7690
2477716 1155318 438040 7690
2663814 1240354 478333 8470
2850074 1326236 505083 9228
3039506 1412785 539187 9964
3231811 1500520 580682 10683
3423716 1588797 608281 10683
3618258 1677520 650674 11384
3815242 1766631 685857 12076
4012537 1856080 721410 12758
4209196 1946381 749386 13430
4407803 2036949 792515 14096
4606629 2127699 828479 14754
4805850 2218619 856889 15401
5007005 2309661 900372 16049
5208112 2400818 936551 16691
5409192 2492096 972869 16691
5610685 2674943 1001460 17329
5804550 2674943 1037430 17942
5994276 2764482 1072468 18546
6184745 2852265 1106836 19147
6376376 2940285 1141589 19747
6568716 3028704 1183764 20348
6762152 3118080 1211491 20951
6956663 3296784 1253997 21554
7151716 3387148 1289552 22156
7347600 3477268 1345995 22762
7544475 3567576 1381908 23369
7741615 3658110 1425154 23975
7939264 3749393 1461329 24581
8137661 3840315 1489843 25188
8336229 3930790 1526265 25795
8534936 4022547 1562366 26397
8735692 4114474 1598609 27007
8935442 4206459 1635036 27618
9135106 4298516 1671291 28225
9336586 4390599 1707549 28833
9538508 4482709 1744016 29441
9740248 4574328 1780735 30049
9942014 4666514 1817027 30656
10144058 4758771 1853458 31266
10346062 4850949 1890308 31879
10548869 4943643 1926909 32490
10752018 5036346 1963469 33101
10955127 5129011 2000175 33714
11157771 5221642 2036870 34327
11360389 5314241 2073330 34938
11563195 5406807 2109900 35552
11765834 5499219 2146884 36169
11969223 5592142 2183626 36784
12172826 5685063 2220276 37399
12376381 5777919 2257077 38014
12579593 5870729 2293893 38629
12782758 5963503 2330507 39242
12986101 6056237 2367147 39856
13189181 6148928 2403936 40471
13391927 6241588 2440580 41086
13594920 6334211 2477062 41699
13799268 6426728 2513721 42307
14001939 6518008 2549907 42915
14201549 6609269 2585918 43521
14401388 6700609 2621974 44128
14601338 6792041 2658227 44736
14801257 6883543 2694402 45344
15001747 6975129 2730464 45951
15203722 7066778 2766787 46561
15404323 7158488 2803104 47171
15605059 7250263 2839374 47780
15806229 7342106 2875651 48389
16008572 7433990 2912174 48999
16209732 7525896 2948577 49609
16411073 7617815 2984830 50211
16613784 7710335 3021487 50824
16816356 7802398 3057998 51439
17017883 7894466 3094439 52046
17220994 7987091 3131088 52652
17423813 8079718 3167896 53264
17626564 8172300 3204468 53876
17828265 8264825 3240887 54483
18031221 8357332 3277655 55096
18233914 8449787 3314198 55710
18436761 8542217 3350718 56320
18639735 8634630 3387430 56930
18842411 8726931 3424531 57542
19046064 8819773 3461497 57542
19250051 8912615 3498349 58154
19453745 9005377 3535234 58764
19657071 9098099 3572048 59374
19860557 9190790 3608888 59984
20064180 9283452 3645652 60594
20267448 9376066 3682522 61202
20470485 9468647 3719279 61812
20673731 9561205 3755987 62422
20876851 9653735 3792698 63031
21079599 9746234 3829326 63640
21282433 9838718 3866014 64251
21485374 9931172 3902619 64862
21687954 10023612 3939338 65471
21890501 10116008 3946804 66081
22093205 10206812 3975823 66675
22290380 10297021 4018697 67274
22489248 10388307 4083572 67878
22690989 10480763 4120417 68491
22895254 10574290 4157558 69111
23309418 10669388 4195253 70364
23519549 10764783 4233203 70999
23731089 10860883 4271443 71638
23943723 10957653 4309832 72278
24157716 11055638 4348530 72924
24373120 11153609 4387437 73573
24589299 11251999 4426558 74224
24806173 11350805 4465725 74875
25023933 11450567 4505022 75528
25242752 11550669 4544532 76184
25462203 11650479 4584234 76843
25681921 11750495 4623995 77502
25902168 11851318 4663803 78161
26123231 11952350 4703608 78824
26344753 12053525 4743656 79489
26566300 12154281 4783818 80154
26787995 12255137 4823883 80818
27010210 12356700 4864043 81485
27232883 12458380 4904372 82154
27455670 12560133 4944638 82824
27678459 12661938 4984986 83494
27901404 12763794 5025225 84159
28126314 12865671 5065568 84832
28350185 12967596 5106098 85507
28573755 13069564 5146531 86183
28797128 13171551 5186988 86854
29022159 13273541 5227274 87524
29247555 13375558 5267711 88197
29472844 13477604 5308272 88874
29696672 13579672 5348965 89551
29920302 13681751 5389426 90223
30145676 13783831 5429891 90895
30371331 13885923 5470390 91570
30596912 13988028 5511002 92244
30821630 14090134 5551669 92910
31043257 14192079 5592120 93575
31265070 14292730 5631919 94242
31487264 14393403 5671828 94911
31709497 14494226 5711897 95581
31931772 14595192 5752124 96251
32154390 14696300 5792304 96920
32377405 14797528 5832337 97591
32600558 14898850 5872497 98264
32823644 15000272 5912813 98937
33046754 15101775 5953210 99610
33270248 15203347 5993397 100282
33493982 15304966 6033606 100956
33717776 15406646 6073957 101630
33941399 15508395 6114426 102304
34165092 15610194 6154919 102977
34389239 15712036 6195157 103648
34613657 15813919 6235520 104322
34837890 15915851 6276013 104997
35061935 16017821 6316609 105672
35286128 16119819 6357160 106346
35510604 16221845 6397474 107019
35735150 16323890 6437897 107694
35959560 16425965 6478458 108369
36183856 16528069 6519113 109044
36408373 16630195 6559628 109044
36633083 16732308 6599942 110393
36859190 16834438 6640434 111069
37083841 16936581 6681070 111745
37308346 17038747 6721781 111745
37533100 17140928 6762243 112421
37758043 17243101 6802619 113096
37984321 17345282 6843180 113769
38209156 17447466 6883910 114445
38433937 17549672 6924692 115121
38658915 17651873 6965197 115797
38885052 17754070 7005647 116474
39112322 17856686 7046424 117824
39337958 17959853 7087390 117824
39564494 18062880 7128505 118506
39790949 18165759 7169157 119188
40014417 18268487 7209705 119855
40237436 18369868 7249704 120520
40456571 18471175 7289913 121184
40678071 18571795 7330020 121856
40902388 18776287 7370189 122536
41130686 18880122 7410825 123911
41360845 18984885 7452001 124609
41592687 19090451 7493721 125312
41824905 19196761 7568992 126019
42058836 19303719 7611289 126728
42295711 19411235 7653800 127438
42533631 19519241 7696648 128153
42772393 19627722 7730890 133847
