182378 148680 28474 1256
438081 212197 71594 1256
744985 353823 118592 2436
916603 432428 155098 2436
1094827 514806 212375 3551
1478055 690454 246683 4613
1680603 782994 282176 4613
1887624 877805 326874 5628
2100424 975213 394966 6606
2317309 1074334 434255 7555
2537409 1174903 474249 7555
2761650 1277406 514639 8473
2988465 1381053 555096 9297
3199021 1477739 593128 10087
3615814 1669341 630514 10087
3615814 1669341 668565 10870
3829368 1767472 706687 11632
4040713 1864833 744696 12379
4250936 1961631 782495 13109
4459928 2058469 820074 13824
4669412 2154871 857682 13824
4878528 2250816 887388 14524
5086785 2346356 925091 15210
5294022 2441547 970309 15890
5500727 2536419 999902 16565
5707136 2630999 1037282 17234
5912952 2725323 1074562 17897
6118237 2819426 1111695 18549
6323446 2913875 1148765 19195
6529871 3008151 1185897 19839
6735575 3102201 1222879 20480
6940826 3196067 1259810 21117
7145995 3289758 1296833 21753
7350869 3383301 1333793 22389
7555163 3476714 1370546 22389
7759397 3570012 1407386 23023
7963641 3663183 1444633 23647
8167485 3756276 1481685 24274
8370965 3849275 1518535 24901
8574689 3942210 1555488 25527
8778284 4035084 1592580 26146
8981382 4127886 1629350 26769
9184450 4220616 1666090 27392
9387642 4313284 1703017 28011
9590431 4405910 1739904 28627
9792871 4498474 1776477 29249
9995589 4591004 1813156 29871
10198313 4683508 1850051 30487
10400758 4775994 1886743 31101
10603229 4868467 1923314 31721
10805900 4960933 1960102 32338
11008375 5053393 1996927 32953
11210918 5145846 2004514 33568
11409528 5238373 2040933 34176
11607810 5329037 2076904 34780
11806053 5419665 2112958 35382
12004856 5510452 2148739 35992
12204241 5601388 2184696 36603
12403566 5692464 2220923 37210
12603048 5783650 2256955 37822
12803014 5874942 2292987 38434
13003096 5966333 2329277 39042
13203202 6057828 2358066 39645
13403940 6149977 2401745 40255
13606355 6242774 2438167 40863
13807436 6335087 2474787 41467
14010003 6427374 2532378 42072
14212971 6520198 2547478 42686
14415604 6613012 2584077 43297
14616904 6705782 2612989 43903
14819852 6798008 2678526 44516
15024226 6890734 2693629 45130
15228281 6983476 2730354 45739
15432392 7076187 2788157 46348
15636577 7168832 2824868 46963
15840189 7261439 2832391 47578
16043520 7353997 2868940 48187
16247023 7446518 2934494 48802
16450351 7539000 2942088 49418
16653213 7631467 2978639 49418
16856103 7723920 3044033 50644
17059169 7816354 3051726 51261
17261801 7908771 3088241 51261
17464272 8001168 3124698 51878
17667011 8093554 3190277 52489
17869741 8185938 3226961 53104
18072124 8278315 3234433 53720
18274647 8370678 3300079 54335
18477452 8463037 3336833 54944
18679926 8555384 3373459 55559
18882330 8647738 3410093 56174
19084985 8740075 3446869 56788
19287525 8832401 3454581 57394
19487173 8924702 3491199 58000
19686931 9015815 3527370 58606
19887140 9106910 3563696 59204
20087270 9198115 3600259 59808
20287702 9289450 3636633 60413
20488641 9380895 3702200 61018
20689633 9472445 3709858 61619
20890478 9564067 3746438 62227
21091767 9655758 3782913 62836
21293271 9747518 3819520 63443
21494549 9839349 3856180 64052
21696052 9931225 3892592 64662
21897920 10023149 3929124 65272
22099516 10115121 3965790 65881
22301024 10207132 4002391 66492
22502835 10299174 4038830 67104
22704658 10391254 4075386 67714
22906256 10483366 4112041 68325
23108012 10575487 4148411 68936
23310016 10667600 4184890 69547
23511652 10759733 4221499 70157
23713136 10851869 4258026 70771
23914989 10944038 4294394 71385
24116895 11036230 4330914 71997
24318599 11128435 4367555 72610
24520479 11220631 4403867 73224
24722627 11313382 4440363 73837
24924518 11405641 4477036 74447
25126385 11497872 4513594 75059
25328578 11590103 4549980 75671
25530717 11682874 4586579 76282
25732690 11775142 4615649 76888
25934942 11867369 4659755 77501
26138660 11960142 4696281 78114
26340819 12052918 4733056 78725
26542933 12145146 4762063 79337
26745304 12237327 4798695 79949
26948944 12330065 4842756 80561
27152265 12422799 4871834 81170
27354552 12515486 4908402 81782
27553738 12608054 4944765 82384
27752162 12698735 4980540 82979
27949272 12788759 5015913 83583
28149196 12879895 5051723 84195
28351467 12972235 5095614 84808
28556050 13066268 5162031 85421
28764646 13161275 5199541 86047
28973908 13257088 5237442 86678
29184456 13353623 5275577 87309
29398106 13450792 5314043 87944
29613348 13548521 5352691 88590
29828302 13646752 5391603 89240
30262129 13745447 5430622 89888
30481383 13943993 5469871 90538
30701249 14043729 5509253 91192
30920107 14143740 5548740 91852
31139400 14243988 5588287 92514
31360948 14344458 5628001 93173
31583066 14445104 5667842 93835
31803979 14545924 5707699 94504
32025067 14646915 5747720 95174
32248228 14748056 5787735 95840
32471987 14849332 5827866 96506
32695834 14950725 5868053 97176
32919477 15052211 5908248 97847
33143210 15153781 5948398 98518
33367266 15255428 5988649 99189
33591614 15357144 6028998 99861
33815751 15458925 6069371 100535
34039778 15560739 6109744 101209
34263945 15662568 6150041 101882
34488417 15764436 6190447 102554
34712962 15866347 6230931 103229
34937217 15968287 6271371 103906
35161349 16070253 6311780 104583
35385694 16172233 6352151 105260
35610248 16274238 6392616 105935
35834853 16376266 6433146 106611
36059170 16478302 6473606 107289
36282902 16580144 6513975 107967
36503433 16680567 6554170 108634
36724231 16780987 6593968 109299
36945293 16881576 6633832 109967
37166434 16982316 6673639 110636
37387953 17083202 6713675 111306
37610139 17184217 6753704 111975
37832691 17285368 6793907 112640
38055178 17386643 6834104 113313
38277741 17488023 6874157 113987
38500615 17589484 6914493 114661
38723941 17691036 6954792 115334
38947459 17792669 6995248 116005
39170929 17894367 7035602 116681
39394515 17996124 7075975 117357
39618469 18097935 7116456 118033
39842628 18199778 7157170 118704
40066734 18301677 7197787 119375
40290684 18403623 7238243 120052
40514739 18505566 7278690 120729
40739108 18607530 7319236 121406
40963501 18709498 7359948 122077
41188668 18811903 7400919 122753
41413749 18914325 7441903 123434
41638894 19016725 7482541 124115
41864201 19119092 7523221 124796
42089418 19221430 7563987 125471
42314299 19323757 7605008 126152
42539095 19426073 7645648 126833
42764119 19528382 7677873 131111
