127329 40764 22942 0
293266 129964 55022 1297
522800 239662 91281 1297
653858 369908 114753 2507
946227 441682 167595 2507
1105368 517405 196523 3637
1272530 596015 251974 4707
1628775 761127 284703 4707
1813324 847157 318341 5723
2004748 935551 360102 5723
2199540 1025490 387929 6691
2399222 1117354 431429 7616
2601422 1210397 497286 8512
2805529 1304434 534850 8512
3013476 1399961 534850 9308
3206467 1489220 569729 10069
3394853 1576453 610958 10069
3582911 1663686 637953 10803
3772305 1751371 699475 11519
3962539 1839511 741639 12219
4153894 1928052 776714 12905
4347951 2017528 811880 13584
4737752 2107340 847220 14257
4935198 2197402 882660 14257
5131630 2377649 918213 14920
5328284 2468370 954037 15573
5526742 2559248 989918 16223
5726817 2650110 1026095 16873
5928409 2741642 1062282 17513
6130485 2833269 1098480 18148
6332297 2924928 1134695 18781
6532552 3017183 1163418 19414
6732894 3109490 1207151 20046
6934693 3201798 1243594 20677
7135975 3294483 1272447 21307
7337116 3387139 1316455 21936
7539993 3479222 1352926 22564
7743923 3571671 1389585 23191
7946141 3664656 1418579 23818
8148250 3757597 1455280 24445
8351775 3849942 1499363 25070
8553755 3942760 1528435 25685
8755544 4035552 1565317 26310
8958898 4127740 1601873 26935
9162085 4219853 1645965 27555
9363601 4312517 1675214 28169
9565069 4405181 1712163 28788
9769700 4497793 1748683 29407
9971627 4590335 1785418 30020
10173191 4682820 1822343 30637
10374999 4775272 1858981 31255
10578010 4868236 1895459 31255
10779540 4960653 1932198 32483
10981168 5052996 1969082 32483
11185306 5052996 2005547 33099
11384163 5145262 2041270 33704
11582741 5326889 2077117 34308
11782950 5418260 2113085 34905
11983304 5510302 2149103 35513
12183485 5601872 2185318 36127
12385460 5693987 2221619 36729
12587518 5786155 2257770 37337
12788942 5878325 2293979 37950
12991711 5970896 2330509 38561
13194668 6063461 2366923 39172
13397197 6155971 2403210 39783
13599404 6248443 2439664 40394
13801782 6340852 2476032 41002
14003908 6433231 2512361 41613
14205589 6525570 2548686 42224
14407421 6617886 2585148 42833
14609514 6710186 2621585 43437
14811178 6802460 2657892 44048
15012642 6894678 2694295 44659
15214164 6986868 2730633 45268
15415527 7078989 2766951 45878
15616622 7171112 2803246 46488
15817888 7263229 2839592 47098
16019273 7355343 2875908 47706
16220238 7447451 2912167 48317
16421190 7539549 2948507 48928
16622398 7631643 2984784 49536
16823468 7723735 3021105 50146
17024319 7815834 3057399 50756
17225494 7907928 3093675 51365
17426675 8000030 3130051 51968
17627517 8092132 3166351 52578
17828524 8184239 3202725 53189
18029800 8276333 3239032 53798
18230709 8368394 3275374 54407
18431478 8460452 3311665 55017
18632618 8552522 3347897 55627
18833684 8644593 3384216 56234
19034466 8736651 3413057 56844
19034466 8736651 3449390 57448
19235390 8828691 3492529 58049
19433732 8919556 3520940 58647
19631783 9010408 3556990 59251
19830099 9101362 3600378 59855
20028980 9192421 3628874 60454
20426775 9283570 3665053 61060
20626228 9374808 3701129 61667
20825748 9557543 3737275 62272
21025110 9648988 3773461 62877
21224814 9740504 3809687 63483
21424820 9832082 3845820 64089
21624604 9923693 3882088 64686
21824456 10015349 3918625 65296
22024674 10107039 3954837 65907
22224860 10198755 3991092 66512
22424969 10290502 4027735 67117
22625492 10382282 4064336 67727
22827504 10474654 4100487 67727
23028140 10566549 4137112 68934
23228797 10658408 4173936 69546
23429877 10750277 4210298 70159
23632080 10842738 4246575 70159
23832936 10934692 4283355 71375
24033942 11026592 4320066 71375
24236315 11119060 4356487 71984
24438405 11211533 4393031 73200
24640278 11303872 4429812 73813
24843684 11396702 4466453 73813
25046704 11489505 4503042 74426
25249493 11582237 4539779 75037
25452345 11674876 4576427 75648
25654888 11767461 4612884 76261
25857027 11859993 4649410 76874
26059290 11953034 4686087 77481
26261709 12045540 4722585 78094
26463666 12137948 4758975 78708
26665587 12230867 4795530 79317
26869043 12323750 4831998 79922
27071964 12416436 4868402 80539
27071964 12416436 4904951 81158
27274248 12508935 4912357 81759
27473486 12600027 4976256 82359
27867657 12781516 5011923 82965
28069800 12873866 5048239 83572
28274625 12967267 5084894 84184
28481069 13061597 5121838 84805
28689145 13156769 5159253 85431
28899217 13252688 5197066 86059
29110751 13349266 5235054 87331
29323194 13446425 5273166 87973
29536790 13544116 5311670 88616
29751658 13642260 5350371 89264
29967335 13740799 5389184 89915
30183553 13839687 5428039 90568
30400460 13938911 5467200 91221
30618303 14038437 5506499 91877
30836811 14138238 5545862 92536
31055588 14238283 5585259 93197
31274793 14338552 5624816 93858
31494694 14439010 5664561 94519
31715216 14539656 5704289 95184
31935803 14640432 5744061 95849
32156427 14741329 5783818 96515
32377409 14842341 5823752 97180
32598922 14943473 5863650 97846
32820643 15044685 5903635 98513
33042297 15145960 5943623 99180
33264107 15247302 5983665 99847
33486420 15348725 6023827 100513
33708987 15450202 6063935 101183
33931461 15551757 6104094 101854
34153857 15653362 6144207 102525
34376526 15755026 6184420 103195
34599574 15856743 6224567 103863
34822829 15958502 6264817 104533
35045840 16060281 6305094 105204
35268825 16162094 6345334 105876
35492098 16263930 6385700 106547
35715623 16365799 6425981 107216
35939133 16467684 6466282 107216
36162005 16569374 6506355 107879
36380197 16668996 6545726 108537
36598665 16768649 6585125 109196
36817652 16868522 6624609 109855
37036851 16968631 6664232 111178
37256373 17068951 6703889 111178
37476503 17169457 6743673 111843
37697201 17270113 6783421 112508
37918203 17370922 6823363 113168
38139249 17471865 6863332 113836
38360609 17572930 6903294 114504
38582614 17674092 6943272 115172
38804785 17775331 6983393 115836
39026893 17876652 7023604 116499
39249070 17978040 7063802 117169
39471477 18079480 7103987 117841
39694130 18180947 7144072 118514
39916759 18282464 7184259 119186
40139267 18384033 7224577 119856
40361861 18485661 7264826 120532
40584873 18587336 7304992 121209
40808022 18689051 7345164 121886
41031021 18790795 7385507 122558
41253941 18892578 7425941 123230
41477093 18994375 7466233 123908
41700558 19096183 7506562 124586
41924012 19198004 7547048 125263
42147266 19299841 7587505 125934
42370597 19401713 7628015 126605
42594203 19503609 7668356 128674
42818019 19605503 7700482 134555
