53624 72091 14607 0
170230 116044 36749 0
332433 209173 68697 1493
552166 321676 104591 1493
828068 385075 153920 2872
981813 526137 181489 2872
1142843 602131 216668 4152
1488485 681651 272249 4152
1669894 764403 304786 5347
1857802 936857 338564 5347
2049495 1026063 373292 6474
2245967 1117345 408659 6474
2445771 1209895 473663 7541
2855545 1304121 511027 8554
3065226 1399310 556477 8554
3276648 1495870 594510 9525
3490538 1593128 633078 10456
3705691 1690939 671821 10456
3922192 1789838 710798 11356
4140942 1889160 750147 12223
4360117 1988818 789694 13066
4579649 2089313 829372 13886
4799873 2290975 869297 13886
5022089 2392021 909208 14687
5244462 2493189 949281 15475
5466882 2493189 981118 16214
5678659 2590861 1027140 16929
5885061 2686126 1064565 17640
6092540 2781762 1102205 18342
6301334 2878055 1140433 19037
6513339 3072473 1178825 19729
6727084 3170470 1217506 19729
6941704 3170470 1256382 20421
7153165 3268929 1286773 21098
7363585 3366322 1325014 21768
7573281 3463103 1362958 22432
7781978 3559367 1400758 23089
7989780 3655209 1438567 23744
8197202 3750663 1476331 24396
8405544 3845784 1513670 25045
8611823 3940609 1550984 25689
8817459 4035164 1588373 26331
9023044 4129454 1625731 26971
9229511 4223547 1662682 26971
9435417 4317415 1699893 27605
9639792 4411082 1737347 28232
9843941 4504596 1774530 28858
10049025 4597961 1811488 29488
10253653 4691201 1848520 30117
10458246 4784314 1885731 30736
10664145 4877353 1922610 31358
10869458 4970306 1959418 31980
11074414 5063175 1996411 32597
11279328 5155970 2033361 33211
11483895 5248710 2070036 33831
11687879 5341401 2106765 34451
11891848 5434026 2143690 35066
12095869 5526614 2180440 35680
12299249 5619141 2217009 36299
12502442 5711588 2253722 36918
12705794 5804003 2290487 37531
12908987 5896403 2327118 38144
13111743 5988783 2363642 38762
13314601 6081699 2400441 39376
13517615 6174104 2437124 39988
13517615 6266440 2437124 40607
13720448 6359356 2481053 41215
13919138 6450473 2517162 41818
14117900 6541024 2545583 42427
14316729 6631667 2581500 43038
14515674 6723046 2624868 43649
14715264 6814586 2653516 44253
14915207 6906636 2689717 44864
15116050 6999224 2733494 45476
15317059 7091823 2762354 46083
15518500 7184404 2798769 46694
15719733 7276959 2835176 47306
15920946 7369492 2871554 47918
16324176 7461997 2936833 48527
16526433 7554456 2973504 49143
16728875 7647294 2981074 49760
16931593 7740124 3025313 50375
17133987 7832915 3083245 50986
17336379 7925664 3120032 51600
17539112 8018374 3127538 52214
17741693 8111037 3193126 52823
17943959 8203664 3229864 53438
18146380 8296275 3237483 54053
18349050 8388848 3303042 54667
18551277 8481384 3339611 55275
18753482 8573836 3347307 55890
18955903 8666267 3383921 56506
19158291 8758696 3420472 57120
19360424 8851123 3486048 57734
19562802 8943542 3522767 58349
19765308 9035939 3530219 58963
19967531 9128320 3595890 59572
20169723 9220701 3632668 60187
20372201 9313088 3669428 60803
20574579 9405475 3706047 61418
20776649 9497834 3713630 62032
20979048 9590169 3750472 62648
20979048 9682502 3816007 63264
21182769 9774807 3852624 63878
21384860 9867095 3889401 63878
21586723 9959362 3896998 64493
21788752 10051603 3933366 65099
21987902 10142210 3969229 65705
22186745 10232816 4005262 66308
22385012 10323590 4041485 66918
22584874 10414507 4077461 67529
22784737 10505549 4113643 68135
22983678 10596727 4150097 68748
23184533 10688024 4186162 69362
23385248 10779416 4222353 69971
23586051 10870894 4258920 70580
23787227 10962456 4295417 71191
23988478 11054077 4331816 71802
24392366 11145756 4368358 72407
24392366 11237518 4404966 73013
24595494 11329339 4441322 73620
25000925 11421197 4477797 74227
25000925 11513095 4514496 74829
25203880 11605039 4551016 75439
25406636 11697002 4587464 76049
25609105 11788994 4624044 76658
25811734 11881017 4660705 77267
26014463 11973057 4697043 77877
26216829 12065658 4733563 78487
26419205 12157764 4770237 79095
26621819 12249849 4806783 79705
26824233 12341940 4843179 80315
27026424 12434592 4879776 80924
27228896 12526752 4908847 81533
27431367 12618877 4952847 82143
27633478 12711548 4989321 82753
27835599 12804234 5026018 83361
28037908 12896376 5054979 83972
28240036 12989036 5098924 84583
28441938 13081699 5135456 85193
28644167 13174324 5164492 85803
28846314 13266399 5201039 86414
29048222 13358980 5244990 87025
29250246 13451594 5274008 87634
29452502 13544161 5310535 88246
29654555 13636707 5347020 88859
29856354 13729129 5383335 89461
30054838 13819976 5419269 90062
30253242 13910776 5455115 90665
30451622 14001707 5490924 91269
30650543 14092792 5526913 91862
30850062 14183307 5562824 92464
31048088 14275072 5598617 93073
31451748 14367970 5642490 93687
31657127 14461891 5700922 94306
31864275 14556711 5746100 94933
32073609 14652345 5783952 95566
32284611 14748702 5822015 96201
32496676 14845697 5860378 96841
32709950 14943220 5898884 97486
32924706 15041263 5937717 98135
33140463 15139766 5976648 98784
33356847 15238651 6015796 99436
33574042 15337897 6055050 100091
33792350 15537303 6094481 100749
34011438 15637418 6133943 101407
34230800 15737778 6173577 102065
34450452 15838320 6213300 102727
34670871 15939051 6253072 103390
34891909 16039948 6292864 104053
35113257 16140993 6332808 104716
35334646 16242132 6372865 105381
35556470 16343398 6412954 106048
35778910 16444775 6453089 106716
36001697 16546246 6493199 107384
36224448 16647783 6533440 108051
36447301 16749406 6573775 108722
36670579 16851093 6614051 109394
36894270 16952857 6654335 110066
37117999 17054665 6694647 110738
37341573 17156525 6735067 111409
37565336 17258435 6775552 112083
37789456 17360373 6815929 112759
38013736 17462342 6856453 113435
38237879 17564335 6896915 114109
38461850 17666067 6937393 114781
38685350 17766374 6977685 115446
38905678 17866653 7017347 116111
39127355 17967123 7057240 116776
39347988 18067761 7097148 117440
39568768 18168522 7137226 118100
39790238 18269442 7177262 118768
40012126 18370495 7217317 119438
40235530 18471667 7257528 120108
40457656 18572921 7297938 120776
40680094 18674279 7338280 121445
40903048 18775716 7378488 122115
41127637 18877242 7418722 122786
41351979 18978808 7459128 123457
41574940 19080413 7499657 124127
41798117 19182072 7540254 124800
42021588 19283782 7580664 125475
42246589 19385566 7620982 126151
42471384 19487391 7661407 126826
42696146 19589207 7693555 129163
42919842 19691058 7693555 135269
42919842 19792711 7693555 141986
42919842 19894959 7725967 145756
