49341 58765 6938 978
75955 128597 19506 978
183571 167677 41423 2136
415467 255300 79574 2136
522693 360127 112836 3212
766327 418956 134540 3212
900248 481966 183117 4218
1191154 617507 209571 4218
1345434 689416 237342 5166
1506482 764126 289485 6069
1671248 840766 319623 6069
1841669 1000125 357600 6931
2193008 1082432 389367 7760
2373650 1165881 421818 7760
2556072 1250877 454873 8558
2742389 1336718 488220 9330
2930263 1423263 522330 10078
3119498 1511015 583738 10078
3311731 1599900 590477 10758
3490864 1683056 622682 11411
3665677 1764233 679610 12061
3842787 1846792 712237 12702
4021967 1930395 745208 13337
4204964 2014924 778409 13964
4390319 2100867 812442 14591
4765435 2187003 846665 15218
4765435 2273747 880958 15843
5147633 2361657 915788 16462
5339796 2537893 950784 17087
5534388 2627209 985738 17087
5729549 2717473 1021011 17709
5925623 2807487 1056542 18323
6123948 2898262 1092080 18937
6322511 2989253 1127734 19557
6521494 3080393 1163481 20173
6721023 3171649 1199359 20787
6920548 3263025 1235230 21408
7120317 3354522 1271162 22026
7320578 3446105 1307263 22639
7520952 3537752 1343640 23252
7721254 3629462 1379863 23871
7922044 3721244 1416453 24487
8123024 3813079 1452988 25101
8323787 3904952 1489362 25720
8524685 3996866 1525893 26336
8727055 4088812 1562612 26954
8929310 4181199 1599520 27569
9131376 4273615 1636198 28191
9334787 4366018 1672985 28813
9539481 4458265 1710011 29433
9742498 4551038 1746999 30053
9945437 4643811 1783711 30678
10148581 4736557 1820567 31300
10351438 4829265 1857521 31919
10553941 4921929 1894211 32544
10756659 5014560 1930862 33170
10959321 5107165 1967689 33792
11161660 5199738 2004545 34411
11363820 5292149 2041061 35034
11562903 5383148 2077536 35645
11761655 5474096 2113649 36254
11960522 5565158 2149617 36863
12160114 5656352 2185557 37474
12359886 5747667 2221704 38085
12559650 5839101 2257982 38695
12759903 5930639 2293979 39312
12960567 6022278 2330191 39926
13161061 6113986 2366610 40538
13361786 6205752 2402810 41144
13564284 6298119 2439060 41751
13766851 6390542 2475518 42363
13968036 6482964 2504437 42970
14172447 6574867 2548222 43584
14378259 6667297 2584745 44198
14581080 6759754 2621476 44810
14784983 6852609 2658134 45421
14989099 6945451 2694684 46034
15194198 7038794 2731511 46647
15397751 7131577 2760560 47258
15601276 7224245 2797304 47874
15806063 7317419 2841391 48491
16010417 7410574 2878323 49103
16213435 7503138 2907268 49713
16416483 7595626 2944089 50330
16620593 7688651 2980744 50947
16824402 7781657 3017391 51559
17028295 7874592 3054083 52171
17232112 7967449 3090772 52789
17435412 8060240 3127392 52789
17638586 8152981 3163927 54019
17841937 8245670 3200594 54638
18045065 8338318 3237219 55257
18247883 8430943 3273698 55257
18450892 8523529 3310466 55874
18653945 8616088 3347199 56487
18856581 8708626 3383759 57106
19059164 8801125 3420416 57725
19261946 8893595 3457303 58335
19464542 8986033 3494113 58954
19663806 9077122 3530610 59565
19863261 9168145 3566708 60172
20062993 9259276 3603159 60774
20262674 9350513 3639561 61384
20462693 9441849 3675853 61995
20663061 9533275 3712276 62605
20863230 9624765 3748750 63221
21063410 9716333 3784801 63835
21264153 9807975 3821177 64449
21465027 9899677 3857789 65057
21665740 9991445 3894314 65672
21866649 10083276 3930695 66288
22067858 10175150 3967188 66901
22268875 10267069 4003824 67511
22470052 10359045 4040165 68126
22671624 10451064 4076635 68741
22873167 10543108 4113305 69350
23074518 10635179 4149888 69965
23276130 10727263 4186285 70580
23477830 10819379 4222802 71194
23679301 10911511 4259489 71804
23880838 11003666 4295844 72420
24082669 11095829 4332309 73036
24284368 11188009 4368996 73646
24485951 11280201 4405541 74262
24687920 11372409 4441938 74878
24889895 11464635 4478483 75494
25091514 11556860 4507516 76104
25293372 11649087 4551563 76720
25495505 11741870 4588059 77336
25697427 11834157 4624807 77947
25899297 11926402 4653800 78558
26101538 12018648 4690424 79174
26305088 12111441 4734473 79790
26507204 12204244 4763541 80400
26709322 12296487 4800260 81016
26913102 12389220 4836825 81632
27116539 12481959 4881070 82247
27318605 12574644 4910037 82855
27520798 12667224 4946747 83460
27719878 12758019 4983170 84065
27918546 12848760 5019090 84065
28117855 12940209 5054959 85261
28315335 13030853 5090847 85864
28514754 13122521 5126587 86469
28718229 13215302 5162695 87081
28924331 13309111 5199346 87705
29130940 13403830 5236384 88335
29339039 13499365 5311483 88964
29550678 13595634 5341588 89600
29764045 13692566 5387859 90246
29977010 13790088 5426500 90896
30191002 13888135 5465284 91543
30407923 13986650 5504337 92195
30625932 14085572 5543481 92850
30844397 14184866 5582778 93506
31063464 14284488 5622326 94162
31283416 14384406 5662148 94821
31504058 14484593 5701857 95483
31724905 14585005 5741669 96152
31944672 14685617 5781555 96818
32166291 14786407 5821612 97483
32388655 14887354 5861868 98151
32611257 14988418 5901903 98821
33056541 15089603 5941937 99491
33279744 15190899 5982112 100160
33503197 15292297 6022437 100829
33726606 15393778 6062864 101501
33949970 15495328 6103213 102174
34173391 15596947 6143427 102848
34397213 15698634 6183742 103522
34621140 15800389 6224168 104197
34844711 15902198 6264655 104875
35068097 16004052 6304886 105554
35291692 16105943 6345136 106232
35515605 16207874 6385508 106908
35739612 16309826 6425999 107586
35963427 16411801 6466509 108264
36187217 16513803 6498528 108943
36187217 16615829 6546945 109620
36410755 16717636 6587191 110286
36631283 16818068 6618822 110954
36851783 16918529 6658763 111623
37072452 17019156 6706688 112292
37293581 17119953 6746579 112961
37515382 17220915 6786680 113626
37737563 17322020 6818778 114300
37959703 17423243 6858903 114976
38404600 17524574 6907154 115653
38627662 17626003 6947354 116329
38627662 17727530 6987718 117002
39073708 17829107 7019995 117681
39296760 17930741 7060264 118361
39520288 18032443 7108706 119041
39744097 18134213 7149111 119716
39967800 18236043 7189842 120392
40191424 18337926 7222135 121069
40415273 18439855 7270903 121747
40639448 18541810 7311443 122425
40863641 18643807 7352108 123101
41087670 18745818 7392835 123778
41311664 18847855 7425073 124456
41535913 18949913 7465571 125134
41760456 19051974 7514359 125812
41984958 19154077 7555038 126488
42209219 19256189 7587357 127165
42433516 19358319 7627911 127843
42658098 19460462 7668379 128521
42882912 19562601 7708842 133025
42882912 19664763 7708842 138959
42882912 19868410 7708842 142587
43107413 19971039 7708842 150583
