46336 57493 10557 1043
71037 91370 24270 2312
235125 171965 44341 2312
398403 264138 73320 2312
616687 316790 105025 3512
742165 434204 143751 3512
1018833 497647 174053 4626
1169867 564620 221841 4626
1324571 707635 250146 5668
1654084 783030 279649 6653
1826314 860264 310090 6653
2001263 939701 366166 7589
2180757 1021175 398805 7589
2362591 1188172 438644 8480
2547675 1273981 465129 9330
2733645 1360021 498888 9330
2908671 1441103 536946 10083
3079700 1520657 561456 10799
3253431 1600714 599781 11500
3611134 1682570 631921 12187
3795033 1766704 665263 12187
3980693 1851832 698671 12862
4169885 1937751 759780 13523
4360492 2024375 794387 14181
4552173 2111613 829100 14831
4745115 2199961 864158 15477
4938836 2288809 899345 16114
5133235 2378042 934600 16749
5328792 2467611 970109 17384
5524917 2557467 1005667 18018
5721313 2647600 1041300 18642
5919983 2828576 1077244 19266
6119210 2919352 1113217 19890
6318430 3010288 1149319 20513
6517916 3101369 1185383 21133
6717934 3192589 1221548 21754
6917940 3283942 1257763 22375
7118168 3375405 1294010 22990
7318794 3467513 1330285 23604
7519481 3559698 1366531 24220
7720061 3651898 1402877 24836
7921123 3744122 1439156 25450
8123794 3836364 1475474 26064
8325044 3928581 1511910 26679
8526315 4020798 1548373 26679
8727944 4113029 1584768 27907
8930811 4205286 1621411 28523
9132371 4297547 1657978 28523
9334223 4389826 1694431 29140
9537414 4482093 1730944 29755
9740368 4574368 1767728 30370
9942109 4666650 1804336 30986
10145343 4758957 1840811 31602
10348222 4851249 1877366 32215
10550856 4943528 1914017 32829
10753827 4943528 1943133 33442
10956371 5035740 1986946 34042
11154227 5126049 2022685 34642
11352028 5216327 2051071 35244
11550479 5306755 2086950 35847
11748918 5488139 2130084 36449
11947667 5579091 2158587 37053
12147129 5670181 2194725 37658
12346789 5761405 2238099 38262
12546483 5852752 2274241 38866
12746757 5944209 2302997 39472
12947245 6035756 2346506 40079
13147550 6127930 2382715 40684
13348095 6219657 2411512 41292
13549048 6311397 2447937 41901
13749811 6403756 2491545 42509
13950535 6496169 2527942 43118
14151624 6588050 2556820 43728
14352726 6679920 2593141 44338
14553661 6772385 2636890 44946
14754928 6864889 2665798 45556
14956521 6956887 2702317 46167
15157794 7049403 2738625 46777
15359128 7141941 2775006 47387
15560789 7233965 2811623 47997
15762479 7325965 2848119 48607
15964019 7418537 2884485 49212
16167360 7511139 2921025 49820
16370738 7603711 2957503 50432
16572593 7696251 2993944 51040
16775778 7788782 3030426 51644
16979298 7881282 3067272 52255
17182516 7973743 3103834 52866
17385412 8066158 3140255 53471
17588601 8158559 3177073 54083
17791717 8250973 3213655 54696
17994451 8343371 3250186 55304
18197270 8435764 3286931 55910
18400375 8528155 3323844 56518
18603278 8620547 3360635 57127
18806004 8620547 3397308 57735
19008782 8712864 3433925 58340
19208659 8804007 3469953 58946
19408087 8986202 3505946 59549
19607765 9077473 3542167 60152
19807955 9168867 3578590 60763
20008095 9260361 3614777 61372
20208373 9351934 3651071 61980
20409094 9443572 3687538 62590
20609936 9535299 3723966 63201
20810564 9627080 3760374 63812
21011495 9718919 3796780 64423
21212678 9810812 3833271 65037
21413515 9902758 3869700 65651
21614483 9994753 3906057 66263
21815961 10086791 3942576 66877
22017351 10178856 3979031 67491
22218497 10270936 4015459 68104
22420031 10363045 4051904 68716
22621703 10455178 4088401 69330
22823189 10547321 4124882 69944
23024806 10639478 4161297 70556
23226646 10731637 4197835 71169
23428315 10823809 4234316 71782
23629919 10915996 4270806 72392
23831908 11008752 4307281 73000
24033942 11101535 4343780 73611
24235676 11194275 4380297 74223
24437607 11286986 4416771 74833
24639862 11379668 4453342 75443
24841861 11472318 4489864 76053
25043889 11564946 4526427 76663
25246299 11657564 4562923 77271
25449982 11750146 4599425 77882
25652124 11842692 4636006 78494
25854335 11935219 4672529 79104
26058135 12027719 4709101 79714
26261649 12120196 4745663 80325
26463730 12212661 4782274 80325
26666026 12305109 4818806 80936
26869668 12305109 4855266 81545
27072821 12397512 4891706 82146
27271490 12488358 4927584 82747
27471507 12579145 4963464 83348
27671571 12670034 4999415 83949
27870641 12761068 5027955 84553
28070179 12852242 5071490 85152
28269400 13034515 5107597 85755
28470719 13126548 5144049 86988
28674865 13219688 5180939 87612
28881153 13313844 5218073 88241
29089067 13408864 5255835 88877
29298856 13504678 5293833 89518
29723365 13601202 5332007 90160
29937267 13698356 5370460 90805
30152536 13796070 5409265 91455
30369145 13894297 5448380 92108
30586508 13992987 5487645 92761
30804418 14092062 5526843 93414
31023233 14191496 5566278 94072
31242959 14291241 5605959 94732
31463264 14391275 5645771 95393
31683735 14491548 5685437 96054
31904536 14592607 5725257 96718
32126047 14693328 5765257 97385
32347939 14794150 5805413 98053
32569808 14895108 5845572 98720
32791782 14996207 5885498 99386
33014213 15097987 5925622 100056
33237086 15199372 5965930 100727
33460177 15300808 6006327 101398
33683182 15402346 6046537 102068
33906299 15504515 6118679 102739
34129854 15606749 6159125 103412
34353799 15708482 6167553 104085
34577586 15810220 6240123 104758
34801292 15912004 6280395 105430
35025124 16014395 6320763 106103
35249338 16116828 6361298 106777
35473684 16219255 6401973 107451
35697793 16321130 6410358 108124
35921177 16422715 6450465 108787
36141791 16523506 6490252 109452
36362728 16624360 6530184 110120
36584003 16725364 6570287 110790
36805340 16826498 6610317 111459
37026997 16927764 6650230 112127
37249314 17029135 6722235 112798
37472059 17130601 6730591 113470
37694864 17232164 6770988 114142
37917674 17333785 6843095 114809
38142272 17435464 6883348 115476
38367345 17537207 6923767 116151
38591062 17639000 6932158 116827
38814485 17740845 7004673 117503
39037940 17842717 7044989 118174
39263159 17944631 7085360 118845
39488699 18046580 7125880 119518
39714148 18148569 7166366 120192
39939215 18250585 7206828 120866
40164232 18352633 7247196 121539
40389457 18454688 7287657 122213
40614675 18556752 7328235 122888
40839669 18658836 7368701 123563
41064340 18760926 7409166 124238
41289018 18863034 7449537 124912
41514088 18965166 7490072 125588
41739178 19067335 7530697 126265
41964011 19169508 7571200 126942
42188645 19271681 7611688 127618
42413377 19373859 7652109 128293
42638335 19476044 7692673 128969
42863287 19578255 7724874 133799
