23486 57398 6791 1692
72956 126231 19299 1692
174841 167907 41170 1692
314903 254382 74750 2722
520463 359784 92612 2722
767908 418902 133840 3680
903566 481427 177084 4585
1046521 615926 203102 4585
1353076 687365 236613 5445
1515133 761629 265204 6271
1680841 837860 318331 6271
1850502 996565 349239 7067
2024744 1078620 380858 7835
2201951 1161820 412987 8584
2565059 1246003 445659 9313
2750606 1331057 478825 9313
2750606 1417470 511883 9975
3092799 1498536 549354 10612
3265439 1578012 580138 11240
3440701 1658521 637041 11867
3618759 1740221 669404 12491
3799326 1823668 702337 13111
3981484 1908131 735524 13725
4167453 1993445 769067 14341
4355051 2166226 802879 14954
4543990 2253548 837183 15566
4734559 2341407 871770 16177
4926208 2429730 906520 16790
5312553 2518481 941475 17403
5508545 2607618 976552 18011
5703867 2697676 1011804 18620
5900149 2788039 1047275 19230
6098414 2878621 1082773 19840
6295695 2969384 1118440 20448
6493574 3060305 1154237 21059
6693374 3151377 1190045 21672
6893218 3242578 1225984 22284
7092080 3333915 1261990 22897
7291471 3425361 1298071 23510
7492252 3516903 1334145 23510
7693148 3608526 1370200 24727
7894489 3700214 1406508 25343
8095864 3791943 1442719 25343
8297055 3883743 1479102 25960
8499967 3975597 1515504 27176
8703246 4067489 1551982 27176
8906181 4159433 1588357 27789
9108933 4251403 1624846 28402
9311843 4343408 1661548 29007
9514657 4435461 1698192 29623
9717103 4527526 1734637 30239
9919628 4619606 1771188 30850
10122391 4711713 1808106 31458
10324876 4803834 1844891 32075
10527351 4895982 1881434 32692
10730083 4988144 1918136 33300
10932333 5080223 1954996 33912
11130446 5170613 1991426 34514
11328723 5260992 2027382 35116
11527609 5351547 2063525 35713
11726560 5442281 2099619 36319
11925885 5533191 2135664 36926
12125804 5624264 2171885 37531
12325711 5715473 2208182 38138
12525698 5806795 2244270 38746
12726233 5898218 2280517 39354
12926972 5989732 2316991 39958
13127536 6081337 2353218 40569
13328473 6173594 2389524 41181
13529753 6265431 2426012 41791
13730798 6357283 2462548 42402
13931833 6449128 2498798 43013
14133325 6541570 2535227 43624
14334798 6633560 2571882 44230
14536141 6725554 2608230 44844
14737925 6818146 2644612 45459
14939876 6910777 2681241 46071
15141604 7002873 2717950 46683
15343423 7094946 2754333 47296
15545529 7187589 2790839 47909
15747536 7280269 2827503 48516
15949349 7373459 2863966 49129
16151486 7466102 2900395 49743
16353600 7558657 2936996 50356
16555506 7651185 2973668 50965
16757615 7744264 3010101 51579
16960999 7837186 3046645 52196
17164173 7929991 3083514 52807
17367141 8023305 3112587 53419
17570411 8116586 3156805 54031
17773604 8209770 3193560 54643
17976474 8302862 3222733 55253
18179294 8395876 3259414 55866
18382218 8488820 3303544 56479
18584790 8581700 3340278 57091
18787227 8674532 3369259 57703
18989856 8767224 3405862 58309
19190762 8858689 3442275 58914
19390040 8950079 3478428 59518
19589604 9041537 3514542 60126
19791001 9133079 3550630 60735
19992267 9224686 3586782 61342
20192355 9316351 3622964 61950
20392857 9408085 3659255 62559
20594855 9499885 3695497 63168
20796850 9591749 3731750 63775
20997955 9683662 3768169 64385
21200530 9775613 3804576 64995
21402846 9867591 3841011 65604
21605196 9959587 3877385 66213
21807787 10051622 3913849 66824
22010249 10143688 3950240 66824
22212442 10235763 3986819 68041
22416292 10327847 4023341 68649
22620183 10419955 4059865 69262
22822429 10512073 4096333 69262
23025963 10604211 4132981 70477
23229830 10696362 4169552 71087
23433347 10788519 4206034 71087
23635238 10880693 4242582 71701
23838703 10972883 4279307 72309
24042110 11065074 4315892 72919
24245089 11157269 4352322 73530
24448002 11249465 4388887 74141
24651086 11341666 4425557 74752
24853916 11433869 4462214 75364
25056467 11526087 4498686 75976
25259300 11618301 4535280 76585
25462137 11710526 4571973 77194
25664629 11802749 4608498 77804
25867128 11894982 4645014 78414
26069889 11987230 4681652 79019
26272474 12079499 4718511 79630
26474820 12171759 4754995 80241
26677542 12264030 4791583 80847
26880139 12356297 4828496 81453
27082345 12448521 4865211 82061
27280543 12539016 4901685 82658
27280543 12629483 4937680 83254
27675640 12719107 4973649 83852
27874613 12809857 5009196 84458
28076633 12901827 5045318 85066
28280949 12994918 5082300 85681
28487143 13089005 5119386 86303
28695525 13184587 5187044 86930
28905848 13280416 5225399 88195
29117426 13376912 5263811 88836
29330229 13474016 5302310 89480
29544679 13572271 5341241 90124
29760316 13670517 5380508 90774
29976614 13769141 5419745 91427
30193667 13868144 5458948 92082
30411878 13968077 5498435 92737
30631026 14068335 5538263 93395
30850585 14168308 5578055 94056
31070487 14368842 5617873 94718
31291106 14470008 5657701 95381
31512389 14571360 5697764 96043
31734053 14672278 5738060 96709
31955794 14773291 5778232 97376
32177756 14874990 5818292 98044
32400255 14976819 5858453 98712
32623180 15078720 5898798 99380
32846166 15180156 5939162 100051
33069223 15281613 5979554 100722
33292681 15383716 6019845 101393
33516462 15485908 6060266 102063
33740431 15588121 6100831 102734
33964228 15690345 6141290 103406
34188128 15792586 6181758 104078
34412392 15894833 6222144 104750
34636846 15997085 6262676 105420
34861153 16099337 6303302 106091
35085133 16201575 6343775 106764
35309167 16303801 6384234 107437
35533608 16406040 6424649 108109
35758229 16508062 6465178 108771
35982165 16608784 6505540 109435
36203005 16709531 6545438 110102
36423986 16810417 6585312 110771
36645521 16911454 6625229 111440
36867408 17012620 6665345 112108
37089377 17113896 6705432 112779
37311590 17215293 6745600 113452
37534325 17316787 6785734 114125
37757449 17418373 6825969 114797
37980589 17520034 6866305 115469
38203668 17621772 6906603 116142
38426957 17723517 6946951 116815
38650760 17825306 6987216 117488
38876110 17927145 7027658 118156
39100099 18029589 7068079 118824
39323916 18132069 7108533 119494
39772258 18234525 7148999 120169
39999223 18336829 7189418 120847
39999223 18439102 7230110 121521
40225947 18541949 7270776 122195
40451175 18644797 7311488 122870
40901857 18747581 7352185 123545
41128634 18850323 7392810 124220
41128634 18953025 7433531 124894
41355138 19055690 7474206 125569
41805363 19158303 7514921 126246
42032000 19260853 7555578 126923
42032000 19363387 7596194 126923
42258536 19465895 7636881 127600
42484661 19568381 7677537 128951
42709390 19670826 7709753 131831
