101223 43603 21557 0
336191 139070 54356 1557
585599 257023 97690 1557
728639 397533 143514 2997
1052863 474812 172827 2997
1228129 555811 210872 4340
1413810 729790 270619 4340
1807978 821313 305779 5600
2013896 915795 342211 5600
2224089 1012307 378962 6672
2419728 1102840 413489 6672
2608115 1190409 447222 7673
2797723 1278634 481189 8624
2987455 1367278 515421 8624
3179354 1456852 549977 9532
3373337 1546753 584778 9532
3568509 1637435 619961 10397
3765551 1728337 655293 11228
3962888 1819396 690724 12029
4160870 1911128 726463 12029
4360638 2002964 790814 12806
4560299 2094845 826948 13560
4760150 2186735 863140 14295
4960340 2279206 899459 14295
5161567 2371682 935626 15014
5362742 2464111 972045 15715
5564163 2556495 1008612 16405
5765502 2648863 1045209 17085
5966495 2741201 1081645 17754
6167445 2834074 1118168 18419
6368493 2926914 1154644 19079
6569053 3019653 1190937 19730
6770906 3112316 1227305 20375
6973013 3204921 1263830 20375
7174725 3297469 1300200 21019
7376097 3389970 1336610 21657
7577672 3482436 1373214 22289
7779137 3574858 1409912 22917
7980211 3667243 1446269 23549
8181292 3759606 1482709 24176
8382580 3851946 1519310 24800
8583520 3944258 1555714 25420
8784261 4036548 1592004 26041
8985316 4128829 1628440 26661
9186272 4221082 1664985 27276
9386915 4313866 1701284 27887
9587720 4406647 1737577 28500
9788749 4499368 1774031 29113
9989431 4592026 1810350 29724
10190001 4684627 1817765 30335
10390719 4777064 1853827 30935
10587020 4867570 1889409 31534
10783040 4958026 1924896 32131
10979779 5048634 1960322 32731
11176888 5139406 1995967 33332
11374009 5230315 2031717 33932
11571632 5321353 2067240 34531
11771189 5413063 2103020 35135
11969459 5504348 2138983 35736
12169150 5595654 2174658 36336
12369252 5687600 2210556 36939
12569330 5779112 2246658 37542
12769241 5870642 2282658 38143
12969485 5962239 2318532 38746
13169743 6054448 2354636 39350
13369678 6146170 2390853 39953
13569744 6237871 2426748 40556
13770067 6330163 2462775 41161
13970050 6422478 2499029 41766
14170011 6514259 2535031 42369
14370310 6606585 2571042 42974
14570522 6698943 2607248 43579
14770509 6791266 2635899 44183
14970785 6883554 2679373 44787
15172352 6975779 2715524 45392
15372425 7067973 2751820 45392
15572491 7160163 2809039 45997
15772900 7252351 2823975 46597
15972964 7344515 2860456 47204
16172901 7436646 2917730 47811
16373156 7528741 2954212 48413
16574749 7620833 2969091 49015
16774884 7712920 2998062 49623
16975060 7805031 3063176 50228
17176848 7897120 3070632 50831
17378335 7989203 3114593 51436
17578395 8081262 3172227 52041
17778522 8173304 3179805 52645
17979930 8265346 3216096 53249
18180868 8357379 3252399 53854
18378186 8449386 3288695 54452
18576669 8540165 3324423 55048
18775034 8630914 3360164 55648
18973731 8721786 3395882 56249
19172904 8812789 3431711 56849
19371845 8903910 3467545 57451
19570921 8995142 3503352 58053
19770411 9086449 3539289 58655
19969885 9177827 3575227 59256
20169184 9269290 3611175 59861
20368906 9360827 3647173 60466
20568685 9452437 3683210 61069
20768256 9544099 3719249 61674
20967936 9635802 3755245 62280
21167937 9727552 3791326 62885
21367635 9819343 3827342 63490
21567257 9911133 3863531 64097
21767208 10002958 3899662 64704
21967179 10094815 3935802 65309
22166876 10186709 3971831 65917
22366866 10278635 4008119 66525
22566942 10370583 4044329 67131
22766765 10462558 4080417 67737
22966679 10554521 4116626 68344
23166945 10646484 4153011 68951
23367006 10738463 4189194 69556
23567042 10830457 4225362 70164
23767415 10922469 4261654 70772
23967769 11014475 4298060 71375
24167879 11107054 4334357 71978
24368131 11199632 4370589 72586
24569628 11292038 4406960 73193
24770811 11384911 4443495 73798
24971882 11477752 4479821 74405
25173292 11570512 4516257 75012
25374570 11663212 4552808 75618
25575600 11755854 4589209 76224
25776844 11848423 4625556 76831
25978013 11940935 4662005 77438
26178646 12033410 4698431 78043
26375206 12125787 4734464 78639
26571708 12216290 4769995 79235
26768178 12306738 4798219 79831
26964896 12397327 4841069 80429
27162171 12488621 4876580 81025
27358493 12579004 4912039 81627
27556904 12670387 4947850 82233
27758177 12763500 5012905 82849
27961661 12857652 5050016 83471
28166858 12952120 5087334 84096
28374005 13047365 5124811 84726
28583016 13143945 5162728 85362
28793225 13241199 5201016 86002
29004512 13436137 5239383 86639
29218797 13534911 5277813 87286
29432963 13634101 5316589 87937
29647697 13733075 5355618 88590
30081030 13832307 5394709 89240
30299759 13932431 5433761 89892
30299759 14032823 5473067 90548
30736433 14133393 5512545 91210
30956212 14234121 5552003 91869
31176672 14334982 5591494 92528
31398531 14435959 5630970 93196
31617942 14537049 5670738 93866
31837460 14638235 5710470 94536
32059011 14739515 5750278 95201
32282294 14840870 5789964 95873
32505360 14942294 5829834 96543
32727042 15043780 5869803 97213
32948838 15145319 5909788 97882
33170883 15246877 5949779 98550
33394345 15348461 5989689 99225
33617605 15450077 6029785 99897
33839670 15551751 6069882 100569
34061904 15653453 6110048 101239
34285769 15755198 6150167 101909
34509425 15856974 6190218 102585
34732796 15958765 6230356 103258
34732796 16060304 6270504 103928
35172462 16160295 6310495 104586
35392041 16260301 6349891 105241
35611767 16360488 6389512 105903
35831832 16460884 6428949 106566
36052342 16561402 6468518 107229
36273242 16662085 6508188 107887
36494017 16762882 6548041 108552
36714847 16863813 6587711 109217
36936068 16964834 6627503 109880
37157785 17065964 6667615 110542
37379551 17167187 6707780 111203
37601168 17268496 6747895 111867
37822853 17369877 6787942 112531
38044966 17471323 6828096 113196
38267184 17572815 6868310 113860
38489259 17674371 6908444 114525
38711232 17775969 6948547 115191
38933375 17877613 6988658 115857
39155806 17979267 7028854 116523
39378252 18080960 7069087 117188
39600404 18182669 7109206 117856
39822549 18284384 7149472 118525
40044992 18386104 7189649 119194
40267621 18487865 7229890 119862
40490128 18589640 7270134 120529
40712397 18691439 7310257 121199
40934724 18793235 7350554 121869
41157427 18895049 7390773 122539
41380144 18996885 7431053 123208
41602650 19098749 7471236 123877
41825097 19200650 7511426 124548
42047744 19302551 7551768 125219
42270637 19404473 7592016 125890
42493396 19506418 7632316 126560
42715883 19608376 7672475 127230
42715883 19710317 7704451 132258
