146167 49304 24252 0
354172 161667 55620 1456
603547 222616 98841 1456
742999 353559 122780 2798
889947 423749 169204 2798
1203105 496324 197162 2798
1368237 571633 225963 4042
1536822 728920 262618 4042
1710533 810354 318399 5202
1888396 893642 350497 5202
2068889 977955 383199 6289
2439044 1063707 416753 7311
2628351 1150250 450597 7311
2819112 1237994 484868 8280
3012094 1325766 519849 8280
3206456 1414523 554737 9205
3403115 1503711 590105 10090
3600171 1593244 625950 10935
3798034 1684251 661805 10935
3997937 1775008 697826 11754
4199300 1865893 734088 12540
4399749 1958080 799343 13309
4601566 2050316 836214 13309
4806160 2234722 843719 14059
5010639 2234722 909424 14791
5215272 2420240 946493 15505
5419667 2512990 954087 16208
5623435 2606236 991105 16208
5827059 2606236 1056938 16901
6032198 2699435 1094037 17580
6236955 2884552 1101553 18258
6441252 2977573 1138503 18928
6645511 2977573 1204497 19585
6849624 3164073 1212162 20235
7053199 3257443 1249236 20882
7256658 3257443 1315229 21527
7460257 3350766 1352348 22170
7661864 3443495 1359862 22170
7858882 3535712 1396366 22807
8054663 3626308 1432035 23426
8251007 3716906 1467564 24045
8447594 3807678 1503061 24664
8646379 3899147 1538838 25277
8845956 3990753 1574706 25889
9045428 4081933 1610522 26503
9245140 4173716 1646538 27117
9445417 4265586 1682630 27729
9645790 4357006 1718789 28343
9846169 4448469 1754904 28957
10047031 4540585 1791231 29570
10248062 4632779 1827637 30178
10450014 4724895 1864089 30796
10652186 4817541 1929670 31414
10854542 5002762 1966915 32021
11056712 5002762 1974584 32635
11259810 5188749 2011622 33259
11463265 5188749 2077620 33879
11666673 5375076 2085340 34490
11869635 5468378 2122621 35106
12072595 5561630 2159503 35722
12275646 5561630 2196435 36337
12478398 5654758 2233492 36946
12681034 5747794 2270383 37561
12883913 5840732 2307143 38176
13086647 5933594 2344049 38785
13288928 6026386 2380936 39398
13491353 6119101 2417520 40011
13694052 6211765 2454205 40623
13896464 6304374 2491064 41229
14098792 6396947 2527841 41842
14301293 6489488 2564415 42455
14503765 6582015 2601091 43067
14706018 6674517 2637950 43676
14908381 6767001 2674456 44290
15110872 6859456 2711052 44904
15312993 6951858 2747840 45513
15515088 7044250 2776967 46127
15717408 7136640 2813537 46741
15916988 7228984 2849872 47344
16114953 7319697 2885877 47942
16313435 7410404 2921852 48547
16513814 7501255 2957723 49153
16714101 7592248 2993759 49757
16913369 7683368 3029975 50362
17113034 7774591 3066116 50968
17314010 7865913 3102195 51574
17515015 7957346 3138459 52180
17715231 8048876 3174721 52789
17916838 8140485 3210892 53399
18118161 8232166 3247193 54007
18319637 8323876 3283443 54618
18521451 8415645 3319738 55230
18723009 8507478 3356015 55841
18924617 8599370 3392450 56452
19126489 8691321 3428818 57066
19328168 8783290 3465118 57680
19529568 8875277 3501487 58291
19731308 8967286 3537831 58903
19933363 9059340 3574255 59516
20135092 9151448 3610645 59516
20336843 9243568 3647074 60736
20540294 9335701 3683514 61346
20743572 9427842 3719937 61346
20945263 9519995 3756392 61961
21148535 9612155 3792788 62571
21351847 9704329 3829258 63183
21554754 9796503 3865636 63795
21757472 9889225 3902089 64407
21960372 9981447 3938571 65634
22163024 10073632 3975052 65634
22364155 10165825 4011506 66253
22567022 10258581 4047962 66866
22769951 10350841 4084495 67480
22972477 10443043 4120902 68094
23175046 10535796 4157478 68707
23377829 10628559 4194074 69317
23580352 10720782 4230672 69930
23782452 10812952 4267153 70544
23981258 10905584 4303591 71146
24179823 10996615 4339506 71748
24376752 11087485 4375449 72349
24576194 11178238 4411338 72956
24778586 11363040 4447881 73568
24983069 11457011 4484707 74819
25190753 11552336 4551953 75452
25400654 11648459 4590048 76089
25612089 11745241 4628537 76732
25824577 11842623 4667033 77380
26038393 11940537 4705682 78029
26253516 12038925 4744654 78682
26469658 12137747 4783934 79338
26686418 12236920 4823178 79996
27122707 12336428 4862453 80654
27342006 12436232 4901971 81312
27561615 12536304 4941769 81975
27781641 12636603 4981635 82639
28002367 12737082 5021320 83304
28223685 12837766 5061131 83968
28445099 12938619 5101166 84634
28666701 13039620 5141357 85302
28888740 13140747 5181391 85971
29111330 13241988 5221382 86640
29334215 13343339 5261549 87305
29556988 13445386 5301900 87978
29779859 13546986 5342300 88653
30003202 13648603 5382515 89329
30226811 13750279 5422691 90000
30450234 13852587 5463020 90671
30673664 13954938 5503507 91345
30897322 14057282 5543907 92019
31121360 14159607 5584201 92693
31345521 14261918 5624517 93365
31569599 14364224 5665009 94034
31793581 14466529 5705835 94711
32017865 14568828 5746324 95388
32242353 14671133 5786698 96065
32466889 14773435 5827128 96737
32690833 14875741 5867911 97401
32911368 14977843 5908535 98071
33132167 15078462 5948400 98742
33353443 15179079 5988131 99413
33574880 15279835 6028051 100079
33796387 15380731 6068380 100747
34018326 15481765 6108723 101420
34240772 15582922 6148772 102094
34463422 15684179 6188790 102764
34686041 15785540 6229208 103433
34908846 15887002 6269788 104105
35132120 15988558 6310241 104778
35355683 16090200 6350612 105452
35579224 16191881 6390985 106125
35802658 16293628 6431528 106797
36026261 16395421 6472170 107472
36250336 16497267 6512660 108147
36475928 16599159 6553008 108822
36700123 16701059 6593489 109496
36924051 16802996 6634121 110170
37148105 16904948 6674759 110847
37372420 17006931 6715267 111524
37598241 17108937 6755628 112201
37823833 17210957 6796114 112877
38047977 17313008 6836790 113553
38272185 17415078 6877398 114231
38496650 17517163 6917928 114909
38722435 17619252 6958324 115587
38947967 17721355 6998854 116264
39172065 17823473 7039550 116942
39396298 17925604 7080100 117622
39622016 18027745 7120571 117622
39847738 18129897 7160978 118302
40073200 18232076 7201550 118982
40297308 18334260 7242293 119660
40521682 18436445 7282895 120339
40747617 18538639 7323414 121019
40973360 18640825 7363877 121699
41198839 18743025 7404491 122379
41424216 18845221 7445179 123057
41648517 18947425 7485749 123736
41870917 19049597 7525719 124407
42093100 19150440 7565649 125078
42315343 19251289 7605767 125749
42538040 19352274 7645919 126419
42761191 19453404 7677746 129817
