179077 141025 22082 1622
290558 219954 42418 3181
549767 302855 62572 4828
687664 484130 82907 6517
828869 581001 115934 6517
1136452 680756 137857 8157
1301885 783746 170364 8157
1474011 996277 194337 9734
1835525 1105239 232892 9734
2025028 1216347 258311 11214
2219376 1329444 284103 11214
2417906 1443119 310563 12597
2622428 1558351 348568 12597
2828295 1674431 375890 13900
3252212 1791826 403755 13900
3467407 1909851 431597 15113
3687325 2028941 460230 15113
3907259 2148459 488664 16251
4130800 2268878 517794 16251
4354403 2390154 546724 17316
4580672 2511634 576099 18326
4807239 2633227 622503 18326
5034293 2755481 634901 19294
5263351 2877806 681632 19294
5493437 3000719 694048 20213
5725131 3123644 741323 21093
5956420 3246517 771543 21093
6189218 3369886 784223 21921
6413336 3489720 813167 22736
6632678 3607185 841820 22736
6852710 3725435 870124 23514
7075486 3844137 898997 24259
7299062 3963208 927798 24998
7523213 4082632 956767 25714
7748631 4202970 1002709 25714
7974204 4323590 1032174 26423
8203165 4444408 1061608 27106
8431739 4686495 1091287 27783
8661724 4808345 1120818 27783
8890959 4930258 1150719 29085
9122535 5052183 1180466 29744
9353556 5174172 1210502 30399
9584920 5296218 1240342 30399
9816114 5418263 1270349 31053
10047161 5540890 1300176 31685
10278300 5663008 1330075 32349
10508732 5785072 1359878 33015
10740446 5907148 1389745 33675
10970944 6029809 1402216 34307
11204209 6152474 1449451 34975
11435225 6274584 1461963 35663
11666678 6396664 1509080 36345
11897119 6519329 1521555 37021
12128026 6642004 1551513 37692
12357862 6764112 1581094 38387
12587715 6886772 1610934 39067
12817311 7009427 1640486 39753
13046701 7132020 1670270 40420
13276370 7254581 1699922 41110
13505365 7377133 1729602 41781
13737406 7499649 1759332 42471
13967886 7622102 1788889 43140
14199449 7744512 1818694 43827
14430709 7866942 1848241 44497
14661519 7989368 1878241 44497
14892394 8111770 1907793 45859
15122552 8234155 1937844 46556
15352997 8356549 1967423 47246
15583479 8356549 1997242 47246
15810897 8478902 2026429 47930
16037923 8599706 2055986 48595
16265345 8720394 2085254 49273
16492400 8841218 2114702 49952
16720004 9083411 2144235 50626
16947798 9205290 2173809 51284
17177046 9327256 2203481 51942
17405540 9449269 2233025 52590
17635346 9571336 2262870 52590
17864613 9694007 2292376 53855
18096027 9816695 2322575 53855
18327364 9939344 2352357 54507
18558931 10061442 2382694 55145
18791001 10184068 2412645 55789
19022592 10306693 2443093 56408
19256535 10429852 2473240 57045
19488496 10552455 2503696 57663
19723199 10675542 2534008 58286
19956838 10798570 2564395 58894
20191225 10921513 2594648 58894
20424402 11044395 2624927 60129
20658352 11167207 2655147 60129
20891281 11289924 2685306 60748
21124864 11413149 2715502 61347
21358015 11536341 2745623 61953
21591638 11659455 2775935 62547
21824935 11782449 2806066 63141
22058176 11905338 2836409 63722
22292922 12028149 2866586 64310
22527237 12150908 2896943 64889
22762675 12273615 2927116 65471
22996660 12396255 2957519 66042
23231741 12518805 2987712 66042
23465560 12641330 3018089 67191
23700436 12763828 3048278 67191
23934122 12886276 3078608 67769
24168324 13008667 3108699 68337
24402712 13131049 3139006 68915
24636539 13253422 3169095 69484
24870502 13253422 3198921 70063
25099347 13375757 3228359 70621
25328954 13496255 3257915 71192
25557925 13616199 3287578 71750
25787514 13736928 3317096 72322
26018255 13978653 3347019 72878
26490141 14102597 3377389 73469
26736193 14229829 3409123 74054
26987934 14360042 3454985 74668
27245890 14492884 3508045 75275
27506895 14628012 3542489 75901
27772815 14765191 3577133 76527
28040864 15044626 3612252 77152
28312865 15186503 3647504 77782
28586434 15329643 3683072 78413
28862935 15473867 3719048 79680
29420938 15619681 3754953 79680
29702665 15765752 3791452 80336
29985288 15913141 3827783 81644
30269928 16061168 3864697 82303
30554643 16209698 3901437 82965
30841295 16358673 3938351 82965
31127650 16507474 3975399 84295
31415109 16657199 4012355 84971
31703372 16807288 4049632 84971
31991998 16957668 4102411 85643
32283467 17108224 4124382 86292
32574821 17258951 4161958 86963
32867721 17409844 4215233 87629
33159673 17560893 4252938 88290
33451838 17712071 4290416 88952
33744260 17863389 4312363 89621
34036108 18014836 4365659 90300
34329061 18166381 4387515 90965
34621232 18317994 4425280 91647
34914069 18469689 4478553 92328
35206655 18621436 4500630 92994
35498997 18773219 4554177 93670
35792164 18925055 4592290 94337
36084721 19076951 4630048 95002
36377099 19228224 4651605 95656
36665468 19377936 4689164 96306
36954115 19527754 4726269 96972
37243568 19677798 4763786 97626
37532881 19828070 4801158 98301
37823666 19978576 4838609 98971
38113767 20129282 4876246 99627
38404820 20280758 4913654 100296
38695878 20431801 4951395 100958
38987018 20583538 5004696 101629
39278950 20734825 5026645 102294
39570524 20886757 5064370 102958
39863181 21038797 5101891 103628
40155083 21190870 5139697 104287
40447374 21342943 5193087 104949
40740164 21495005 5215141 104949
41032620 21647088 5268758 105610
41327551 21799150 5290599 106252
41621902 21951222 5328582 106915
41916892 22103322 5382050 107576
42210944 22255440 5404103 108235
42504752 22407554 5457702 108894
42799067 22559683 5479580 109543
43092516 22711832 5533391 110214
43387170 22863961 5571083 110873
43681049 23016084 5593151 111534
43974906 23168232 5646819 112200
44268834 23320378 5668777 112851
44562384 23472518 5722669 113519
44857256 23624690 5760442 114180
45150992 23776816 5782648 114818
45445177 23929532 5836421 115487
45739242 24081702 5858634 116150
46033004 24233821 5912640 116805
46327725 24386525 5934608 116805
46621726 24539235 5972807 117459
46918544 24691903 6026653 118100
47214712 24844525 6048887 118742
47510626 24997087 6102907 119381
47807121 25149611 6124881 120009
48102472 25302053 6162796 120660
48394729 25452724 6200085 121299
48684776 25603951 6237796 121958
48975146 25754787 6275379 122614
49267653 25905710 6312946 123256
49560327 26056759 6350757 123903
49854578 26207958 6388245 124541
50147908 26359876 6426333 125178
50441872 26511325 6464116 125816
50735849 26663398 6502087 126442
51029656 26815007 6540138 127090
51324239 26966639 6577820 127733
51617809 27118931 6616002 128392
51912660 27270715 6653730 129046
52206464 27423084 6691857 129683
52500213 27574922 6729841 130342
52794840 27727356 6767620 130996
53088820 27879824 6805861 131654
53383807 28031698 6843691 132308
53677720 28184117 6881799 132954
53971939 28336575 6919722 133619
54265797 28489017 6957485 134277
54559018 28641421 6973459 134959
54853241 28793826 7033088 135634
55146342 28946205 7049017 136293
55440213 29099144 7087047 136970
55733867 29251507 7146766 137635
56027487 29404398 7162748 138292
56322065 29557246 7222640 138292
56616079 29710021 7238644 139594
56912657 29862719 7298869 139594
57206968 30015369 7336910 140259
57502564 30167957 7352898 140911
57798971 30320513 7412970 141548
58094734 30473035 7429077 142202
58391290 30625501 7467320 142848
58686826 30777927 7505314 143490
58982836 30930353 7543547 144129
59278998 31082732 7603557 144757
59575886 31235079 7619681 145388
59872536 31387384 7657980 146014
60164949 31538298 7695699 146629
60457552 31689778 7733541 147264
60750492 31840840 7771290 147892
61044925 31991997 7808961 148520
61338938 32143254 7846949 149148
61633521 32294600 7884701 149767
61928147 32446677 7922821 150396
62223343 32598857 7960707 150396
62518593 32751039 7998595 151628
62814675 32903210 8036874 151628
63109855 33055394 8074866 152865
63405712 33207536 8113283 153511
63700511 33359671 8151310 154153
63995534 33511836 8189334 154153
64290650 33663992 8227423 154793
64586738 33816135 8265380 156052
64883696 33968292 8303668 156052
65178014 34120458 8341659 156709
65474295 34272613 8379662 157353
65770838 34424784 8417849 157987
66066955 34576977 8455918 158625
66363686 34729155 8494192 159252
66659435 34881335 8532358 159894
66956004 35033492 8570458 160530
67251815 35185613 8608577 161149
67546917 35337649 8646597 161802
67842462 35489707 8684764 162448
68137000 35641793 8722826 163105
68432554 35793854 8760814 163754
68727186 35945926 8798868 164398
69021783 36098026 8836799 165048
69317070 36250138 8874972 165685
69611936 36402244 8913016 166312
69907988 36554971 8951122 166946
70202877 36707698 8989198 167570
