69695 40225 16537 1374
242147 134205 25500 2759
322346 251969 46652 2759
505236 316795 62901 5538
613866 459096 80175 6968
727287 536764 106592 6968
963097 617163 124134 8417
1087860 700575 142642 9664
1221186 786088 160438 9664
1469178 945618 187396 10868
1599566 1026936 205663 10868
1740328 1110474 224159 12002
1879652 1194524 242934 12002
2022084 1278870 270319 13088
2169699 1364529 290207 13088
2473967 1451532 309951 13088
2629624 1539188 330370 14099
2789347 1627955 351412 15039
2950070 1717172 384406 15039
3113046 1807287 393230 15931
3276864 1897689 427377 15931
3442849 1988859 449045 16767
3609677 2080217 471033 16767
3779575 2264387 492979 17552
3948936 2357086 514984 18309
4117957 2449787 537245 18309
4289439 2542452 559350 19028
4460132 2635648 581537 19729
4630728 2728819 603907 19729
4803984 2821892 626149 20399
4976051 2915416 648509 21048
5148036 3008855 670960 21048
5322477 3102182 693355 21666
5496032 3195952 725346 22269
5669702 3289151 738382 22851
5845332 3382760 760904 22851
6019693 3476272 793093 23430
6194243 3569652 806191 23980
6369899 3663475 828933 24526
6545085 3757215 861423 25051
6720835 3850822 874597 25051
6896171 3944273 906846 25575
7070743 4038136 920209 26076
7247274 4131891 942908 26583
7423239 4225498 965666 27106
7597330 4318967 975160 27611
7773481 4412314 1010930 28121
7948669 4505528 1020416 28630
8123080 4505528 1042980 29123
8297802 4598605 1065240 29636
8467814 4689747 1087063 30176
8636439 4780820 1109057 30699
8807579 4872029 1131080 31227
8977660 4963357 1152868 31761
9147552 5055339 1175005 32287
9318427 5146898 1196964 32824
9488071 5239018 1218776 33391
9656695 5331228 1240929 33939
9828061 5422961 1262978 34491
9998044 5515267 1284909 35036
10167955 5607591 1307197 35580
10338658 5699394 1329241 36133
10508271 5791723 1351219 36681
10678042 5884110 1373412 37228
10848534 5976519 1395418 37228
11018038 6068928 1417442 37776
11188040 6161315 1439785 38300
11358390 6254237 1461936 38848
11528119 6347143 1484085 39396
11698713 6440013 1506508 39926
11870738 6532842 1528760 39926
12042162 6625622 1551146 40964
12214449 6718351 1573597 40964
12386613 6811586 1595788 41485
12558356 6904278 1618436 41994
12731050 6997378 1641028 42493
12904799 7090461 1663405 42989
13079517 7183477 1686298 43470
13254002 7276412 1708886 43470
13428694 7369316 1731421 43957
13603161 7555585 1754280 44434
13777608 7555585 1776927 44910
13952365 7648951 1799574 45388
14127085 7742226 1822504 45845
14304184 7835414 1845386 46308
14481303 8021961 1868330 46757
14658516 8021961 1891409 47210
14836723 8115365 1914308 47210
15014696 8208688 1937189 47667
15190973 8301801 1959830 48104
15365529 8394019 1982294 48555
15539305 8486151 2004812 49008
15712585 8578315 2027284 49455
15885821 8670528 2049798 49905
16059869 8762778 2072524 50335
16234855 8855045 2095262 50775
16410717 8947332 2117993 50775
16586525 9039645 2140899 51210
16762253 9131991 2163708 51639
16938539 9224912 2186534 52068
17114682 9317848 2196073 52478
17293007 9410739 2232442 52904
17470565 9503583 2255386 53349
17646698 9596391 2264934 53782
17824708 9689175 2300957 54233
18000490 9781908 2310475 54684
18176085 9874612 2333320 55124
18353596 9967280 2369234 55124
18530168 10059934 2378793 55993
18707063 10152579 2401875 56445
18884118 10245763 2437842 56445
19060294 10338420 2447375 56901
19236694 10430977 2470440 57787
19412656 10524048 2493198 57787
19588166 10616619 2516018 58241
19764182 10709143 2538987 58686
19939761 10802214 2561645 59132
20114887 10895278 2584462 59567
20291945 10988282 2607290 60010
20467310 11081222 2629825 60459
20642495 11174651 2652707 60892
20819880 11267538 2675595 61336
20996436 11360344 2698199 61777
21172799 11453656 2721201 62211
21349865 11546436 2743964 62652
21525957 11639674 2766673 63094
21701980 11732899 2789707 63533
21878146 11825562 2812400 63533
22053635 11918689 2835117 64387
22229407 12011733 2857828 64839
22401126 12102818 2879921 64839
22571986 12193820 2902060 65762
22743662 12284934 2924168 66234
22912824 12374727 2946038 66234
23081848 12465577 2968298 67214
23255362 12557614 2990913 67734
23430370 12745610 3013530 68281
23605515 12840695 3036565 68810
23784948 12936590 3059820 68810
23965124 13033177 3083095 69859
24146200 13130934 3106910 70415
24331019 13229266 3130698 70415
24699446 13328068 3154526 70984
24887581 13427276 3178808 71534
25076323 13526826 3202845 72085
25264814 13626676 3227220 72614
25453206 13727369 3251741 73164
25642705 13827784 3276049 73707
25832800 13928947 3300799 74245
26023326 14030288 3325374 74245
26215765 14131727 3350028 74773
26408016 14233275 3375078 75287
26600677 14334929 3399952 75808
26793249 14436663 3425108 76311
26986638 14539055 3450170 76311
27179939 14640986 3485706 77310
27375739 14743477 3500543 77825
27569673 14846010 3525679 78331
27765318 14948546 3551046 78841
27960713 15051076 3576253 78841
28155553 15153584 3611948 79346
28352282 15256489 3637663 79839
28547896 15359370 3662927 80344
28743530 15462208 3688588 80844
28939213 15564996 3703373 81346
29133983 15667743 3739386 81847
29329801 15770454 3754307 82337
29524645 15873692 3779644 82840
29718850 15976393 3804985 83326
29911115 16079272 3829989 83817
30102067 16180742 3854792 84294
30295368 16282148 3879788 84779
30487378 16383637 3904639 84779
30679458 16485240 3929630 85270
30874270 16586955 3954607 85748
31068361 16688760 3979548 86227
31263029 16790618 4004823 86686
31457445 16893091 4029946 87177
31651376 16995100 4055142 87681
31846363 17097093 4080282 88175
32040465 17199131 4105336 88672
32234891 17301765 4130827 89150
32429803 17404430 4156082 89638
32624115 17507635 4181503 90117
32820627 17610294 4206965 90602
33015498 17712900 4232237 90602
33211465 17816048 4257792 91079
33408437 17918642 4283106 91545
33604398 18021712 4308566 92018
33800930 18124780 4334079 92476
33996883 18228348 4359461 92950
34192456 18331342 4385092 93414
34388793 18434765 4410429 93889
34584060 18537606 4435830 94371
34779650 18640319 4461359 94838
34975137 18743564 4486676 95310
35170118 18846774 4512238 95768
35367299 18949897 4537544 96240
35562713 19052924 4563044 96712
35758367 19155878 4573621 97177
35955324 19258782 4613850 97177
36150392 19361629 4624436 98107
36347464 19464409 4664686 98107
36545113 19567149 4690254 98574
36741720 19669858 4700839 99033
36938727 19772548 4741174 99493
37135915 19875199 4751849 99957
37332407 19977810 4777453 100408
37529083 20080944 4802856 100868
37721945 20183511 4827929 101322
37915530 20284212 4852929 101778
38108236 20384902 4877670 102246
38301427 20485752 4902573 102698
38494409 20587328 4927490 103163
38685791 20687587 4952267 103622
38880519 20789508 4977424 104084
39076495 20892650 5002579 104550
39274725 20996824 5028168 105011
39474649 21101903 5068994 105487
39675593 21207811 5090755 105952
39880646 21314466 5132589 106434
40085155 21421782 5159220 106915
40292132 21529655 5185868 107396
40499950 21746785 5212601 107893
40706938 21855981 5239735 108377
40917161 21965539 5266658 108875
41127107 22075402 5293965 109360
41337905 22185542 5321185 109861
41548851 22295937 5348484 110385
41758734 22406575 5375772 110898
41971257 22517425 5403010 111427
42181761 22628449 5430549 111938
42394627 22739622 5457901 112500
42605540 22850952 5485416 113067
42817104 22962426 5512721 113625
43030148 23074006 5540306 114190
43241745 23185671 5567699 114742
43455832 23297365 5595052 115309
43668538 23409150 5606558 115873
43881760 23521027 5649843 116462
44092634 23633523 5661283 117062
44303601 23745525 5704882 117647
44514704 23858580 5716324 118247
44726246 23971125 5744054 118830
44940738 24084180 5787504 119429
45152841 24197211 5799001 120002
45366858 24310165 5826976 120615
45580213 24423052 5854424 121235
45793422 24535583 5882044 121839
46006219 24647297 5908989 122435
46215658 24758851 5936297 123017
46427247 24871001 5963621 123017
46637940 24983209 5990795 124193
46849234 25095459 6018504 124193
47060234 25208289 6045782 124777
47271566 25320604 6073652 125340
47485272 25433438 6101122 125920
47696900 25546298 6128793 126484
47911005 25658607 6156393 127070
48123061 25771436 6183918 127632
48337002 25884273 6211791 128230
48550453 25997055 6239246 128818
48763769 26109281 6267108 128818
48978324 26222639 6294666 129394
49191815 26335997 6322574 129953
49406203 26448710 6350389 130514
49619799 26561909 6378136 131076
49833766 26674540 6406056 131630
50048801 26787647 6433671 132178
50263587 26900571 6461755 132719
50480360 27013986 6489499 133257
50696059 27127363 6517532 133785
50912689 27241205 6545376 134322
51128081 27354933 6573211 134847
51343608 27467995 6601184 134847
51558357 27581496 6628896 135386
51773207 27694946 6657097 135905
51990450 27808285 6684881 136442
52205485 27921511 6713085 136959
52422739 28034641 6740948 137489
52640295 28147705 6769037 138014
52856981 28260706 6797064 138542
53072989 28373598 6824984 139051
53288810 28486976 6853142 139576
53505046 28599780 6880900 140096
53721778 28713063 6909091 140616
53938452 28826323 6936884 141148
54154933 28938952 6964957 141666
54370317 29052003 6981026 141666
54585779 29163372 7020228 142727
54798646 29275226 7036143 142727
55011782 29386642 7075157 143269
55224346 29498662 7102886 143794
55438023 29610764 7118718 144321
55651149 29722902 7158243 144835
55866600 29835080 7174205 145355
56081601 29947282 7213586 145875
56296325 30059470 7229724 146385
56511377 30171650 7257403 146909
56725741 30283854 7285303 147422
56941175 30396086 7312941 147940
57155628 30508327 7352549 148440
57370771 30621134 7368672 148440
57585484 30733949 7408332 148949
57800392 30846734 7424513 149444
58015721 30959462 7464158 149948
58230368 31072135 7480417 150957
58447058 31184765 7508203 150957
58661636 31297357 7536170 151485
58876629 31409937 7563806 152004
59091210 31522485 7603337 152531
59305565 31634968 7619373 153045
59520035 31747425 7647259 153564
59734239 31859880 7675077 154069
59950967 31972296 7702839 154579
60166643 32084677 7714494 155073
60382593 32197596 7758429 155588
60597800 32310510 7770086 156099
60813119 32422852 7814227 156612
61028825 32535709 7842378 157114
61244043 32648550 7854015 157616
61460063 32761318 7898305 158122
61675214 32874597 7909938 158622
61890937 32987326 7954170 158622
62105760 33100387 7977484 159139
62321631 33213396 7994090 159639
62537613 33326882 8033920 160144
62753366 33440312 8050413 160634
62971761 33553543 8078477 161130
63188699 33665099 8106269 161607
63402843 33776519 8133889 162100
63616103 33888025 8161379 162591
63829779 33999633 8189118 163081
64041234 34110608 8216623 163584
64254018 34222640 8244363 164083
64469946 34335794 8272119 164597
64686936 34450002 8312242 165102
64906698 34565136 8340758 165626
65349427 34681073 8369315 166145
65572933 34797728 8415042 166669
65797328 34915030 8427204 167201
66023962 35032909 8473537 167733
66250091 35151300 8485796 168273
66477937 35270107 8532365 168805
66705651 35389295 8544696 169351
66934990 35508856 8591563 169885
67164204 35629335 8621292 170424
67394347 35750079 8651038 170951
67624675 35870995 8680901 171494
67855424 35992078 8693400 172028
68086778 36113323 8740657 172582
68317504 36234690 8753183 173711
68549202 36356146 8800414 173711
68779744 36477143 8812915 174316
69011614 36598255 8860191 174911
69242606 36719516 8872702 176095
69474621 36840866 8902793 176095
69706734 36962895 8932460 176708
69937999 37084490 8962485 177316
70169882 37206131 8992197 178521
70401022 37327839 9022210 179835
70632590 37450181 9051980 182425
