125473 81465 16633 2730
257998 189854 34392 2730
420146 253610 62679 4133
518195 391834 79559 5514
741921 465977 88276 8289
858831 544713 105324 8289
978109 710524 140564 9751
1238844 796741 159233 11141
1376406 885317 178099 11141
1516845 976108 197405 12494
1663286 1068262 217569 12494
1977236 1162184 249902 12494
2140342 1256938 271427 13770
2310285 1352973 293256 14956
2480847 1449732 324843 14956
2653519 1646252 347728 16097
2830503 1745809 370689 16097
3008745 1845728 393773 17163
3188646 1946486 417564 17163
3371440 2047472 441238 17163
3554634 2149187 465286 18157
3927824 2251028 503993 18157
4115735 2353472 514193 19084
4306585 2455943 539128 19947
4306585 2558953 563901 19947
4663263 2657665 587444 20758
4842641 2753936 610689 20758
4842641 2851080 633585 21523
5023079 2949377 656782 22252
5201276 3046077 679957 22252
5380012 3046077 702776 22945
5558758 3237937 726128 23600
5737782 3237937 749418 23600
5916028 3333859 772354 24241
6094314 3429449 795888 24847
6273063 3524691 819145 24847
6630364 3620155 842269 25447
6630364 3715349 865953 26018
6810671 3809747 889170 26018
6989506 3904987 912353 26587
7167606 4000011 935609 27131
7345890 4094738 958569 27680
7522827 4189204 981686 28215
7701030 4284013 1004815 28736
7879408 4378642 1027711 28736
8056635 4473040 1050794 29257
8233917 4567175 1073759 29758
8410693 4661112 1096638 30263
8586589 4754906 1106225 30757
8764328 4849114 1129295 31249
8941356 4943201 1165215 31755
9116295 5036596 1174753 32240
9293105 5130359 1197680 32737
9468917 5224011 1220215 33243
9644156 5317535 1242989 33733
9820441 5410956 1265752 33733
9995603 5504270 1288222 34227
10170461 5597458 1311167 35212
10347287 5691086 1324351 35212
10521510 5784126 1356222 36284
10695357 5877062 1379080 36826
10869501 5969940 1392044 36826
11042533 6062759 1423865 37371
11215709 6155511 1446767 38439
11388693 6248753 1459773 38439
11561034 6341561 1482011 38999
11730323 6432682 1504223 39535
11899053 6523769 1526178 40091
12067267 6615503 1548374 40631
12236837 6707353 1570770 41167
12405850 6799271 1592855 41727
12574271 6891252 1615106 42288
12743938 6982785 1637379 42832
12913617 7075522 1659542 42832
13084288 7168334 1681986 43369
13256128 7260577 1704286 43887
13427404 7353324 1726545 44413
13598379 7446096 1748921 44931
13770587 7538853 1771243 45443
13942337 7632133 1793645 45443
14114078 7725385 1816366 46433
14288378 7818042 1838814 46433
14463086 7911161 1861257 46925
14637622 8004252 1883952 47407
14811917 8097308 1906484 47893
14986206 8190294 1929013 48382
15160398 8283202 1938389 48848
15336801 8376609 1974305 49336
15511101 8469955 1996955 49830
15685493 8562712 2006411 50307
15862040 8655934 2042323 50307
16037425 8749096 2051780 50784
16213081 8842175 2074547 51720
16388502 8935171 2110357 51720
16563046 9028080 2119802 52210
16737878 9120935 2142508 52685
16912268 9213743 2178154 53173
17086019 9306487 2187571 53639
17261985 9399722 2210491 54112
17437453 9492920 2246236 54596
17611421 9586056 2255711 55061
17787577 9679122 2278666 55061
17962986 9772122 2301259 55537
18137916 9865052 2324018 56003
18313706 9957913 2346852 56464
18488492 10050697 2369241 56921
18660317 10141995 2391621 57359
18834193 10233604 2414077 57815
19006187 10325297 2436336 57815
19176229 10417042 2458639 58705
19348629 10507696 2480761 59152
19520303 10598402 2502743 59609
19691154 10689289 2524977 60058
19864098 10780349 2547133 60058
20036406 10871546 2569212 60508
20209183 10962853 2591696 60938
20382317 11054260 2614077 61394
20555068 11145774 2636362 61865
20728320 11237388 2658986 62319
20901667 11329106 2681437 62792
21074379 11421418 2703896 63262
21247936 11513279 2726626 63718
21421156 11605684 2749175 64185
21594961 11698574 2771838 64645
21769698 11791465 2794750 65106
21943800 11884305 2817404 65106
22117475 11977624 2840127 66015
22293311 12070378 2862892 66476
22468390 12163576 2885408 66961
22641914 12256748 2908032 67429
22817709 12349366 2930717 67917
22991405 12442462 2953126 68409
23164908 12536096 2975856 68887
23340562 12629158 2998341 69387
23513902 12722644 3020663 69923
23686991 12815569 3043374 70437
23862405 12908385 3065842 70976
24035379 13001705 3088192 71529
24208085 13094484 3110929 72060
24382191 13187182 3133412 72603
24554427 13280390 3156058 73142
24728107 13373576 3165460 73676
24901763 13466691 3200977 73676
25075590 13559724 3210352 74211
25248752 13652684 3233017 74720
25421123 13745467 3255474 75239
25589617 13836534 3277238 75780
25757212 13926618 3299225 76299
25927438 14017763 3321175 76850
26098861 14110001 3343118 77420
26271869 14203277 3365936 77970
26447005 14298154 3388639 78550
26623353 14393353 3411482 79134
26802485 14489271 3434846 79706
26981941 14586476 3471688 80280
27162277 14684295 3481425 80831
27346400 14881341 3519203 81395
27530506 14980474 3543285 81947
27715452 15079967 3567402 81947
27902219 15179753 3591579 82499
28088564 15280357 3615979 83036
28276211 15381226 3640338 83567
28465276 15482252 3664836 84107
28653422 15583436 3689586 84630
28844426 15684730 3714150 84630
29225517 15786116 3749345 85667
29417294 15888153 3763793 85667
29608549 15990295 3799090 86190
29800880 16092462 3824270 86706
29992925 16194649 3849150 87222
30186134 16296858 3874237 87730
30380446 16399059 3888772 88226
30575161 16501272 3924208 88726
30769375 16603512 3949602 89209
30963634 16706326 3974765 89209
31157480 16809124 4000023 89691
31353368 16911862 4025346 90157
31549597 17014533 4050446 90636
31744930 17117171 4075858 91115
31940553 17219776 4090376 91592
32136374 17322350 4126245 92069
32331761 17424879 4151681 92531
32527709 17527373 4176806 92531
32723872 17629855 4202313 93445
32920182 17732896 4216930 93445
33112826 17835285 4252594 94376
33305977 17936609 4252594 94846
33498528 18037928 4292039 94846
33691009 18138840 4302522 95805
33886274 18240435 4327650 96300
34079731 18342179 4367281 96300
34273253 18443964 4377781 96799
34467971 18545784 4402981 97287
34662531 18648218 4427865 97777
34858180 18750172 4453082 98253
35052941 18852679 4478253 98734
35247522 18955210 4503330 99208
35442553 19057202 4528718 99686
35636884 19159727 4553809 100171
35831933 19262297 4579017 100647
36026088 19364862 4604187 100647
36220144 19467381 4629205 101590
36416487 19569865 4654721 102084
36610925 19672318 4679903 102580
36805879 19774768 4705175 103067
37000369 19877767 4730438 103067
37194390 19980741 4755536 103557
37390368 20083649 4780923 104029
37585557 20186480 4806059 104529
37779909 20289255 4831435 105028
37975500 20391999 4856861 105520
38171670 20494717 4881965 106017
38367530 20597396 4907502 106498
38563525 20700025 4932872 106986
38759554 20802631 4958287 107467
38955924 20905228 4983708 107950
39151196 21007785 5008875 108447
39346787 21110313 5034345 108932
39541443 21212802 5059490 109428
39735798 21315295 5084795 109930
39931286 21417791 5110081 110426
40125654 21520266 5135143 110925
40320140 21622711 5160382 111413
40320140 21725137 5185372 111932
40513759 21827555 5210327 112474
40705870 21929969 5220771 112994
40895874 22030460 5259386 113555
41083566 22130937 5269557 114117
41271740 22230486 5294065 114668
41458347 22331179 5332334 115246
41645836 22433149 5357054 116428
41836554 22536289 5381848 116428
42222458 22640437 5406973 117026
42420781 22745478 5432317 117603
42619530 22851322 5457847 118196
42819962 22957893 5483828 118772
43021514 23065729 5509793 119366
43224014 23173589 5547183 119939
43428653 23282455 5573729 120527
43633120 23391743 5600210 121113
43839067 23501395 5627112 121697
44045199 23611371 5653735 121697
44251611 23721598 5680683 122849
44461023 23832036 5707588 122849
44669952 23942685 5734481 123430
44880026 24053526 5761818 123994
45089789 24164550 5788844 124564
45300134 24275716 5816361 125115
45510845 24387571 5843620 125675
45722310 24499974 5871213 126219
45936519 24612443 5898748 126219
46149983 24724900 5926232 127303
46364239 24837335 5954148 127303
46577893 24949732 5981636 128389
46791576 25062693 6009662 128389
47005714 25175137 6037262 128935
47219388 25288071 6065365 129454
47435815 25400974 6093294 129994
47650298 25514385 6121162 130528
47866451 25627747 6149110 131063
48082057 25741006 6176822 131595
48297292 25854151 6204886 132123
48512673 25966655 6232549 132661
48727242 26079639 6260470 133185
48942958 26192600 6288207 133185
49156991 26305232 6315738 133708
49368711 26416502 6343088 134215
49579898 26527691 6370335 134727
49791358 26638984 6397857 135234
50003480 26750972 6425112 135757
50215161 26862516 6452820 136259
50429583 26974643 6480325 136772
50642579 27086828 6508085 137273
50857697 27199039 6535855 137780
51072506 27311268 6563488 138290
51286916 27423490 6591324 138792
51501844 27535710 6618915 139301
51716219 27647917 6646755 139799
51931526 27760140 6674408 139799
52147242 27872364 6702340 140297
52362420 27984568 6730158 140781
52578375 28097357 6757913 141278
52794230 28209633 6785885 141766
53009387 28322422 6813582 142267
53224856 28434672 6841740 142753
53440099 28547406 6869575 143249
53655774 28660151 6897558 143747
53872000 28772850 6925389 144245
54087517 28885517 6953230 144743
54302951 28998126 6981100 145229
54519815 29110685 7008837 145727
54735038 29223207 7036899 146211
54952605 29335714 7064687 146703
55169426 29448215 7092783 147179
55386486 29560666 7120704 147681
55602599 29673073 7148757 148179
55818843 29785476 7176730 148686
56035218 29897882 7204572 149193
56250768 30010258 7216233 149688
56467200 30122608 7260469 149688
56682651 30234937 7272113 150696
56898602 30347272 7316461 150696
57113803 30459618 7328217 151201
57329001 30571939 7356397 151690
57544002 30684817 7384259 152197
57758980 30797160 7412239 152687
57972546 30908724 7439878 153179
58185140 31020255 7467367 153666
58398392 31131830 7495197 154158
58611118 31243461 7522706 154653
58824427 31355160 7550559 155144
59038122 31466938 7578107 155643
59251190 31578766 7605841 156128
59466818 31690603 7633489 156622
59681776 31802474 7661093 157110
59897313 31914388 7688960 157604
60112215 32026340 7716480 158087
60326968 32138301 7744441 158579
60541898 32250289 7772031 159074
60756476 32362298 7799858 159561
60972212 32474347 7827648 159561
61186926 32586410 7855314 160539
61402169 32698467 7883347 160539
61616681 32810514 7910954 161535
61831227 32922591 7939060 162052
62045843 33034697 7966618 162569
62259865 33147385 7994527 163078
62474628 33259523 8022231 163078
62688422 33372166 8049879 164123
62902791 33484840 8077771 164123
63117464 33597356 8105402 165158
63332010 33710383 8133653 165723
63546474 33823378 8161311 166308
63759907 33936290 8189228 166308
63974666 34049149 8216875 166879
64188452 34161939 8244720 167440
64402999 34274654 8272668 167986
64616686 34387873 8272668 167986
64616686 34501061 8300259 169078
64826217 34614194 8326758 169680
65025761 34727941 8352298 170315
65223006 34841360 8378294 170931
65423867 34954092 8404178 170931
65829361 35067256 8430501 171538
65829361 35179853 8457262 172114
66037329 35292375 8483646 172682
66241943 35403072 8510196 173229
66448040 35513736 8536312 173787
66859037 35623359 8562901 174334
67068853 35734144 8605925 174334
67281091 35846191 8617349 174881
67498185 36074202 8661499 175414
67717895 36189954 8689941 175953
67939120 36306459 8718286 176484
68162037 36423617 8759337 177016
68385612 36541349 8788397 177540
68611370 36659608 8817519 178076
68838224 36778301 8846987 178601
69067697 36897412 8876246 179143
69295786 37016815 8906103 179671
69525658 37136539 8935607 180220
69754957 37256577 8965748 180756
69985869 37376881 8995551 181304
70217731 37497406 9025721 181836
