24739 29833 0 1683
48297 91343 16880 2689
138543 171233 27295 3793
237539 216631 34315 6035
372424 322679 56414 6035
530743 381938 77978 7233
628381 511058 84844 8360
736044 579454 100307 10939
954625 650987 123817 10939
1067424 801853 139506 12285
1186581 880594 156039 12285
1310091 960855 190019 13556
1567827 1043053 207821 13556
1704144 1125872 226358 14775
1845315 1209681 245181 14775
1987974 1294979 264238 15918
2287522 1381694 284020 15918
2441840 1468566 315876 16975
2599694 1555987 344986 16975
2758876 1733596 365978 17986
2921407 1823614 386846 17986
3084195 1913957 408050 18932
3249471 2005091 429663 18932
3415343 2096444 451102 19815
3582617 2188500 472779 20665
3750709 2280688 494714 20665
3920419 2372918 516466 21468
4091035 2465726 538606 21468
4262157 2558545 560903 22226
4433517 2651880 582976 22226
4605866 2745207 605498 22949
4772191 2836416 614652 23623
4934046 2925243 648264 23623
5096587 3014177 669759 24275
5262089 3104013 691257 24892
5428443 3194188 712735 24892
5594840 3284628 734744 25506
5763695 3375864 756706 26094
5933175 3467302 778617 26681
6102096 3558855 800840 27268
6271691 3650489 822863 27834
6613067 3742211 844861 27834
6784582 3834030 867206 28947
6784582 3926468 889525 28947
7126668 4018939 911762 29497
7126668 4111392 934169 30043
7298178 4203822 956387 31134
7639651 4296666 978627 31134
7639651 4389030 987936 32269
7811491 4481919 1023228 32269
8152743 4575376 1045395 32837
8152743 4668798 1054680 33392
8324320 4761617 1089974 33947
8495014 4854908 1112178 34516
8665070 4948189 1121445 35080
8836308 5041414 1143751 35643
9176604 5134569 1165723 36211
9176604 5227654 1187937 36753
9349196 5320659 1210246 37317
9691240 5413614 1232226 37890
9691240 5506523 1254486 38445
9863894 5599381 1276735 38445
10206923 5692181 1298773 39001
10206923 5785472 1321232 40091
10380775 5878709 1343514 40091
10723881 5971873 1365590 40668
10723881 6064976 1388046 41222
10897530 6158018 1410277 41792
11241713 6250979 1432426 42342
11241713 6343879 1454950 42884
11415117 6437259 1477205 42884
11587610 6530066 1499389 43435
11760036 6621922 1521551 43961
11929839 6713715 1543344 44500
12098880 6805528 1565344 45021
12270150 6897390 1587621 45536
12441692 6989302 1609634 45536
12612947 7081282 1631840 46051
12785270 7173875 1654399 46544
13129275 7266495 1676607 47041
13303450 7359077 1699132 47512
13477317 7452173 1721809 48013
13651079 7544755 1744210 48013
13825701 7637296 1766910 48510
13999821 7730383 1789549 48995
14173640 7823445 1812023 49478
14349504 7916439 1834857 49939
14524718 8009357 1857604 50417
14699802 8102226 1880213 50896
14875853 8195063 1903077 51362
15052130 8287871 1925714 51362
15227457 8381184 1948493 51821
15404925 8474459 1971611 52260
15582838 8567648 1994412 52699
15760706 8660769 2017298 53134
15938685 8753837 2040319 53577
16115444 8846839 2063001 53577
16292463 8939778 2085850 54449
16468919 9033207 2108712 54911
16644791 9126079 2131342 55380
16821174 9218878 2154175 55833
16997106 9312201 2176964 55833
17172596 9405487 2199657 56288
17350139 9498655 2222667 56727
17525963 9591725 2245432 57176
17701366 9684738 2268164 57634
17878961 9777706 2291193 58075
18055753 9870615 2313905 58523
18232160 9963458 2336772 58964
18409184 10056243 2359717 59396
18585373 10149535 2382511 59396
18585373 10242304 2405416 59830
18761723 10333460 2427810 60243
18935465 10424567 2450027 60664
19107249 10515758 2459354 61077
19280774 10607060 2494758 61489
19454639 10697541 2516995 61909
19626167 10789085 2539702 62336
19976008 10881792 2562449 62766
20153336 10975552 2585590 63202
20334750 11070239 2609234 63621
20517376 11166360 2632776 64073
20699861 11263246 2656746 64550
20885857 11360253 2680885 65016
21072027 11457828 2704868 65497
21259645 11556974 2729263 66467
21448944 11656048 2753620 66972
21636379 11756005 2777966 67485
21824720 11856888 2802623 67992
22014796 11957031 2827168 67992
22203623 12058511 2851789 69011
22395125 12160201 2876414 69535
22585902 12261463 2901026 70085
22775587 12464869 2925771 70621
22967776 12567011 2950421 70621
23157774 12567011 2985405 71708
23349816 12770998 2999872 72255
23541464 12873336 3024574 72255
23731593 12975760 3049368 73372
23924202 13078214 3074028 73372
24116029 13180661 3109029 73929
24308287 13283660 3123695 75046
24500590 13386136 3148541 75046
24692191 13488575 3173430 75646
24884606 13591576 3198214 76227
25076045 13694556 3223031 76818
25267466 13797473 3248056 77382
25461368 13900314 3272919 77969
25653133 14003127 3297954 78555
25845240 14105919 3322971 78555
26038485 14208668 3347845 79128
26230910 14208668 3372592 79674
26420842 14311571 3397194 80209
26609759 14412799 3421704 80761
26799143 14513978 3446389 81293
26989331 14615293 3470976 81293
27179303 14818273 3495907 81829
27372044 14818273 3520771 82340
27564597 15022226 3545751 82866
27757202 15124586 3570841 83380
27950999 15227015 3595753 83894
28144928 15329434 3620919 84406
28338168 15431817 3646094 84905
28532432 15534197 3671098 85422
28726277 15636595 3681586 85925
28921042 15739005 3721500 85925
29116151 15841412 3746791 86437
29311630 15944365 3772022 86928
29507246 16046812 3797296 87435
29702337 16149225 3807820 87942
29898181 16252207 3847846 88438
30093243 16355178 3873208 88934
30288328 16458077 3883783 89413
30485306 16560916 3923723 89413
30680360 16663726 3934309 89901
30877484 16767060 3974581 90369
31074108 16869831 4000043 90850
31270350 16973013 4010627 91318
31467355 17076149 4050837 91789
31663438 17179220 4061445 92260
31860142 17282238 4086984 92722
32056373 17385183 4127174 93187
32252195 17488053 4137828 93634
32450338 17590870 4163493 94093
32647576 17693643 4188833 94552
32845008 17796384 4214367 95011
33042218 17899085 4239726 95011
33238748 18001736 4265082 95919
33435833 18104336 4290648 95919
33631915 18206924 4315887 96377
33828325 18310062 4341471 96824
34024642 18310062 4366861 97277
34217791 18412657 4392019 97726
34411483 18513824 4417144 98166
34604695 18615505 4441918 98617
34798402 18717881 4467183 99056
34993040 18819829 4492469 99510
35187854 18922233 4517772 99957
35383488 19127067 4543333 100402
35578615 19127067 4568593 100864
35773495 19332545 4594046 101313
35970786 19435560 4619424 101773
36166121 19435560 4644728 102224
36363098 19640984 4670301 102675
36559838 19743917 4695615 103135
36755216 19846873 4721078 103584
36952687 19949785 4746457 103584
37149308 19949785 4771757 104479
37345931 20052615 4797206 104934
37542200 20258113 4822394 104934
37738092 20258113 4847880 105851
37934766 20360829 4873150 105851
38130557 20463536 4898386 106311
38326379 20566210 4923915 107221
38522219 20668854 4949123 107221
38717464 20771459 4974588 107686
38913525 20874055 4999852 108141
39108966 21079238 5025110 108598
39304445 21182346 5050673 109036
39500524 21182346 5076061 109507
39695563 21387975 5101461 109999
39891336 21491027 5126783 110478
40086508 21594038 5152008 110958
40281278 21594038 5177534 111418
40478397 21696922 5202955 111887
40673674 21902456 5228448 112358
40869286 21902456 5253895 112826
41065783 22005205 5279158 112826
41260729 22107927 5304714 113765
41457952 22210608 5330016 114237
41655427 22313247 5355429 114237
41851650 22415866 5366037 114707
42045233 22518488 5405675 115171
42239267 22619893 5416124 115638
42433330 22721263 5441407 116091
42627803 22823289 5466350 116560
42822033 22924915 5491354 117526
43016841 23026595 5530801 117526
43210704 23128363 5541249 118016
43404084 23230189 5566597 119000
43597682 23332626 5591561 119000
43789943 23434614 5616469 120066
43984613 23536611 5641758 120066
44177015 23638664 5666643 120606
44371084 23740748 5691901 121667
44564959 23843430 5716926 121667
44757284 23945640 5741897 122223
44952053 24047848 5767229 122759
45146088 24150643 5792249 123291
45340535 24253444 5817528 123805
45534980 24356206 5842793 124333
45728548 24458930 5867854 124856
45923090 24664284 5893240 124856
46118326 24767498 5918283 125372
46313726 24870671 5943751 125868
46509822 24974193 5969195 126370
46705669 25078178 5994428 126880
46902261 25181566 6020137 127377
47098144 25285344 6045484 127377
47293766 25388504 6071080 128353
47491649 25492093 6096642 128353
47688504 25492093 6122039 128839
47885812 25698525 6147907 129313
48082613 25801880 6173370 129794
48278815 25905736 6199036 130264
48475866 25905736 6224566 130734
48671937 26112608 6249943 131216
48868242 26216144 6275632 131683
49064304 26216144 6301022 131683
49260008 26319625 6326642 132608
49457990 26422983 6352214 133083
49653798 26526227 6377472 133564
49847216 26629354 6402712 134036
50040602 26731241 6427805 134036
50233540 26833057 6453036 134510
50429030 26934922 6478257 134965
50624188 27037402 6503413 135430
50819629 27139433 6528916 135883
51015907 27242025 6554182 136339
51211318 27344674 6579652 136783
51407399 27447300 6605179 137228
51602883 27549880 6630505 137228
51798367 27652427 6656070 138124
51996303 27754970 6681465 138124
52193378 27857507 6707145 138569
52391051 27960025 6732662 138997
52588098 28063081 6758114 139453
52784957 28165610 6768823 139910
52982959 28268093 6809305 140357
53181045 28371140 6834935 140810
53378217 28473665 6845664 141249
53574956 28576669 6885928 141696
53772563 28679656 6896582 142138
53969908 28782599 6937060 142582
54167477 28885505 6962810 143014
54365310 28988352 6973572 143443
54564186 29091146 7014043 143443
54761603 29193889 7024762 143884
54959704 29296602 7050754 144311
55158173 29399293 7076345 144744
55356789 29501966 7102119 145164
55555249 29605157 7127790 145596
55754006 29708209 7153439 146035
55953571 29811171 7179359 146466
56152053 29914642 7204912 146902
56350359 30018042 7230641 147323
56548823 30121335 7256363 147761
56746551 30224533 7281877 148207
56944865 30327668 7307640 148648
57142280 30430747 7333054 149092
57339679 30533744 7358676 149519
57538406 30636686 7384258 149950
57732480 30739522 7409266 150386
57926793 30840736 7434491 150824
58120576 30941886 7459365 150824
58312497 31043703 7484265 151692
58508822 31144430 7509515 152149
58705143 31246176 7534713 152619
58903927 31453761 7560611 153086
59104230 31559289 7586365 153558
59305835 31665062 7612615 154017
59511455 31771516 7654471 154490
59717511 31879250 7665623 154964
59925060 31987043 7692618 155446
60131858 32095881 7719330 155926
60340590 32205176 7746384 156396
60551117 32315406 7789188 156884
60761453 32425433 7800552 157361
60973096 32536113 7844051 157361
61185486 32647621 7855530 158317
61398460 32759301 7899282 158814
61824815 32871081 7910835 159326
62039145 32982427 7938507 159834
62253904 33093858 7982217 159834
62468507 33205971 7993706 160834
62682520 33318189 8037667 160834
62896971 33430449 8049290 161344
63111694 33542752 8093468 161841
63325824 33655075 8116749 162343
63542456 33767400 8133098 162828
63758341 33879731 8161014 163333
63973273 33992083 8188834 163852
64188574 34104456 8216721 164369
64402969 34216829 8244391 164888
64618707 34329210 8272357 165393
64833941 34441593 8300148 165917
65050238 34553997 8328023 166428
65265575 34666424 8355890 166951
65482546 34778842 8383714 167458
65698766 34891252 8411569 167991
65913950 35003689 8439269 168537
65913950 35115919 8467064 169071
66128436 35226960 8494374 169608
66339784 35337983 8521893 170128
66553374 35449107 8549311 170671
66764881 35560367 8576780 171204
66978556 35671774 8604302 171742
67191770 35783310 8631723 172269
67405365 35895526 8659407 172807
67618843 36007309 8686845 173368
67830694 36119129 8714452 173914
68045078 36231026 8741947 174483
68257268 36342978 8769479 175035
68471229 36455566 8797034 175599
68684850 36567681 8824544 176179
68897385 36679799 8852145 176749
69111319 36791955 8879587 177307
69324802 36904715 8907308 177858
69539430 37017488 8934845 177858
69752981 37130245 8962493 178420
69967100 37242969 8990074 178969
70395056 37355652 9017655 179511
70395056 37468294 9045485 180571
