64221 75764 11053 2406
218942 168455 22035 3660
292907 283001 41083 4952
459573 348378 64328 6234
668450 417035 80980 7490
783982 565156 97688 8852
901007 644759 114421 10251
1019981 727596 131519 11661
1279717 812627 159418 11661
1417112 988150 177766 11661
1559658 1078909 205291 13005
1709289 1170457 225931 14257
2018726 1264420 258527 14257
2178871 1359436 280203 15470
2343920 1454729 302195 15470
2512199 1551337 324705 15470
2683458 1648672 347782 16597
2860848 1746606 370871 16597
3038658 1845032 404273 17652
3401246 1944474 428397 17652
3585051 2044326 452319 18636
3585051 2145044 475882 19518
3759073 2240932 488730 19518
3929645 2334564 511076 19518
4099174 2427165 533626 20349
4269795 2520176 555909 21127
4613511 2613171 578276 21127
4787360 2706667 601045 21869
4961607 2800127 623534 21869
5135447 2893486 646131 22576
5310138 2987272 668950 23245
5485217 3080962 691638 23245
5660171 3174520 714428 23890
5837209 3268511 737278 24506
6013086 3362403 759868 25114
6188512 3456690 782778 25696
6364473 3550827 805674 25696
6539348 3644777 828367 26273
6715504 3739111 851301 26837
6891762 3832803 874027 27387
7067005 3926850 896701 27387
7242308 4020767 919755 27937
7417078 4114515 942534 28465
7591273 4208662 965294 28993
7767528 4302713 988280 29505
7943349 4396115 1011072 30020
8118359 4489894 1033877 30535
8294245 4583578 1043332 31029
8469126 4677670 1079494 31531
8643431 4771646 1089006 32031
8818710 4865463 1111919 32530
8818710 4959131 1147770 32530
9166712 5052657 1157229 33508
9166712 5146043 1180089 34036
9342609 5239304 1202773 34036
9689202 5332488 1225233 35104
9689202 5425602 1248019 35658
9864588 5518652 1270464 35658
10037452 5611619 1292832 36223
10209925 5704515 1315507 37334
10382473 5797338 1337798 37334
10553889 5890126 1360087 37903
10725804 5982897 1382312 38447
10893874 6073715 1403947 39005
11060976 6165001 1425698 39556
11229046 6255922 1447719 40095
11398483 6347489 1469348 40655
11567411 6439213 1491409 41194
11737447 6531014 1513734 41194
11907579 6622875 1535803 41733
12078552 6715341 1558134 42265
12249441 6807348 1580457 42783
12421118 6899347 1602622 43305
12592656 6991796 1625432 43806
12766360 7084847 1648220 44326
12940842 7177367 1670815 44326
13114862 7269835 1693628 44843
13289868 7362838 1716318 45341
13464077 7456387 1738961 45840
13638223 7549394 1761978 46317
13814746 7642313 1784689 46831
13989276 7736329 1807582 47345
14163521 7829307 1830663 47837
14340139 7922677 1853465 47837
14691606 8017168 1876639 48329
14691606 8110613 1899682 48802
14869554 8203872 1922554 49282
15045449 8298198 1945614 49752
15222464 8391473 1968585 50220
15399535 8485565 1991485 50220
15576751 8580122 2001054 51146
15754468 8674022 2037904 51146
15931691 8768239 2061130 51611
16108243 8862310 2070825 52065
16285362 8956186 2094164 52514
16638259 9050444 2117112 52964
16638259 9144083 2140301 53399
16816736 9237553 2163503 53847
16994255 9331429 2186335 54294
17171214 9424690 2209479 54729
17348951 9518347 2232477 54729
17525660 9611937 2255270 55173
17702029 9705325 2278493 56036
17875343 9797201 2300924 56036
18047531 9888489 2323312 56485
18220009 9980357 2346134 56916
18392895 10072313 2368580 57363
18565280 10164309 2391088 57822
18738290 10256363 2413958 58266
18911562 10348450 2436445 58712
19084460 10440553 2459252 59144
19259297 10532662 2482064 59584
19433941 10624782 2504560 60031
19609354 10716944 2527441 60463
19784511 10809692 2550151 60913
19960302 10901956 2572703 60913
20135625 10994179 2595652 61361
20310868 11086954 2618381 61795
20486536 11179750 2641099 62232
20662079 11272517 2664153 62661
20837297 11365254 2686849 63094
21012694 11457938 2709600 63531
21187942 11550570 2732618 63952
21365319 11643163 2755258 64394
21540591 11735759 2777966 64857
21715843 11828361 2800766 65304
21893026 11920935 2823325 65757
22068128 12013471 2846225 66197
22244483 12105969 2868959 66644
22420754 12198458 2891509 67107
22595079 12290958 2914297 67563
22771108 12383464 2936904 68021
22946955 12476388 2959518 68495
23121470 12569276 2969012 68948
23297898 12662657 2982475 69456
23472418 12755989 3027610 69976
23646148 12849231 3037077 70476
23822237 12941897 3050553 71012
23996127 13035014 3073065 71559
24169135 13128095 3095601 72083
24344213 13221649 3118156 72636
24517064 13314643 3140444 73192
24689497 13407489 3162571 73723
24860126 13498573 3184436 74264
25026854 13588820 3206048 74264
25196898 13680135 3228003 75331
25370232 13773215 3250135 75331
25544185 13867377 3281743 76408
25719903 13962465 3304769 76408
25898245 14058373 3341172 76949
26076842 14154952 3350913 77483
26441116 14252163 3388353 78002
26625136 14349933 3412255 78527
26811198 14448223 3422246 79033
26997492 14547567 3460558 79558
27184063 14647327 3485139 80066
27372452 14747374 3509654 80578
27560589 14847665 3534121 80578
27749458 14948178 3558941 81099
27940564 15048909 3583616 81606
28131355 15149817 3608411 82114
28322944 15250869 3633225 82604
28514198 15352615 3657971 83108
28705497 15454472 3682927 83612
28898267 15556406 3707737 84111
29090316 15658369 3732641 84607
29282941 15760342 3757747 85089
29475715 15862348 3782827 85089
29668361 16066479 3808079 85574
29863527 16169173 3833187 86043
30058151 16271361 3858324 86524
30252693 16374060 3868832 86994
30447864 16476766 3908620 87464
30643611 16579456 3933960 87933
30839094 16682132 3959198 88394
31033986 16784756 3984512 88854
31228952 16887324 3995119 89299
31426068 16989834 4035335 89760
31622079 17092349 4045934 90217
31818546 17194862 4071554 90680
32014607 17297357 4111716 90680
32211663 17297357 4122296 91136
32407665 17399668 4147891 92037
32600316 17500319 4172674 92501
32791743 17600834 4197632 92965
32983179 17701525 4222549 92965
33174154 17802399 4247327 93435
33367615 17903432 4272515 94367
33560727 18005163 4297331 94367
33753042 18107016 4322407 94857
33947400 18208427 4347530 95337
34141212 18309872 4372422 95815
34335890 18514136 4397870 96278
34529946 18616897 4423000 96752
34723687 18719666 4448199 97230
34918795 18822390 4473490 97703
35113148 18822390 4498604 98172
35307972 19027194 4524069 98631
35502704 19129847 4549367 98631
35697266 19232548 4574722 99547
35894095 19335242 4600149 99547
36090195 19437900 4625352 100006
36286441 19541067 4650929 100908
36482704 19643686 4676268 100908
36678220 19746247 4701613 101379
36874665 19849355 4727027 101836
37070295 19952443 4752240 102297
37266033 20055447 4777802 102739
37462236 20158371 4803294 103201
37657707 20261251 4828633 103684
37853878 20364089 4854128 104156
38049267 20466850 4879352 104633
38244537 20569565 4904869 105090
38441952 20672236 4930307 105568
38637327 20774886 4955651 106065
38832954 20877527 4981120 106550
39028209 20877527 5006374 106550
39223050 21082697 5031995 107506
39420141 21185236 5057324 107986
39616389 21185236 5082765 108482
39811415 21390299 5108242 108972
40006113 21390299 5133421 108972
40200160 21492751 5144008 109930
40392824 21593688 5168993 110440
40583237 21695121 5207865 110440
40773699 21796147 5218183 111504
40964723 21897277 5243180 112056
41154806 21998540 5267712 112601
41346024 22099917 5292591 113142
41536810 22201407 5331602 113142
41727458 22302991 5341945 113698
41920900 22404662 5367088 114231
42112351 22506993 5391835 114789
42305365 22608902 5416865 115330
42498310 22711361 5441900 115874
42691965 22813874 5466662 116430
42885394 22915882 5491851 116971
43078893 23018445 5516661 117516
43271475 23121024 5541691 118039
43464574 23223574 5567068 118590
43657927 23326108 5591949 119133
43851207 23428642 5617327 119670
44045113 23531181 5642408 119670
44238884 23736223 5667495 120208
44435187 23839282 5692932 120727
44630362 23942902 5717962 121252
44825724 24045956 5743349 121762
45020636 24149438 5768472 121762
45215141 24149438 5793565 122777
45411945 24355591 5819209 123305
45606703 24355591 5844328 123305
45801740 24561493 5869891 123829
45998144 24664646 5895255 124341
46193957 24768320 5920530 124847
46390616 24871394 5946283 125339
46586224 24974879 5971619 125838
46781988 25078312 5997159 126320
46978157 25181640 6022692 126320
47173382 25284857 6048032 126811
47370655 25284857 6073778 127771
47567314 25388519 6099153 127771
47762715 25491581 6124635 128267
47959765 25594485 6149786 128746
48152627 25696188 6174643 129230
48345806 25797268 6199876 129696
48538656 25898944 6224764 130175
48731440 26000733 6249951 130646
48923513 26102608 6274954 131120
49116754 26203964 6300056 131596
49312553 26409737 6325693 132065
49510023 26514129 6351364 132065
49709042 26619401 6377341 133013
49912351 26726078 6403597 133013
50116198 26832902 6429900 133502
50321729 26940853 6456753 133974
50528438 27049340 6483429 134460
50735726 27158282 6510402 134949
50944916 27267614 6537383 135437
51153752 27377266 6564388 135927
51363741 27487194 6591732 136405
51573897 27597377 6618869 136893
51784779 27707811 6646437 137367
51998667 27818465 6673950 137856
52210697 27929301 6701542 138330
52424817 28040857 6729157 138837
52637352 28152033 6756698 139344
52850527 28263301 6784459 139846
53065117 28374670 6812079 140337
53279690 28486692 6839938 140822
53495397 28598792 6867627 141318
53710334 28710938 6895481 141808
53925908 28823123 6923214 141808
54140645 28935315 6950941 142785
54355627 29047511 6978724 142785
54570658 29159716 7006399 143747
54785570 29271943 7034407 143747
55001592 29384206 7062246 144244
55433847 29496468 7090337 144726
55433847 29608735 7118199 145224
55651372 29721000 7146111 145728
55866963 29833294 7174075 146226
56082355 29945606 7201911 146724
56297030 30057687 7229740 147204
56511090 30168542 7257134 147694
56726692 30279429 7285128 148170
56941106 30391059 7312851 148656
57157210 30502304 7340814 149130
57371579 30614211 7368694 149631
57586715 30725677 7396569 150129
57803310 30837770 7424461 150625
58019907 30949952 7452334 151121
58236337 31062160 7480317 151608
58452486 31174401 7508207 151608
58669026 31286639 7536187 152588
58885927 31398907 7563912 152588
59102324 31511747 7591819 153080
59318414 31624062 7619717 153558
59535078 31736349 7647493 154044
59751152 31849225 7675536 154530
59966888 31961584 7703406 155020
60182718 32074438 7731485 156003
60398848 32186757 7759296 156003
60614401 32299594 7787176 156507
60829703 32412442 7814940 157002
61045373 32525239 7842709 157506
61260165 32637979 7870568 157995
61477333 32750682 7898383 158498
61692743 32863343 7926303 159016
61908293 32975965 7954006 159529
62123249 33088543 7981819 160049
62337717 33201056 8009454 160557
62552373 33313534 8037134 161078
62766228 33425985 8064800 161602
62981142 33538429 8092398 162126
63195132 33650848 8103975 162648
63409505 33763242 8147697 163167
63622991 33875619 8159256 163704
63836382 33988007 8186956 164228
64050261 34100378 8230507 164761
64263486 34213299 8241995 165273
64479294 34326221 8285701 165839
64692901 34439067 8297251 166405
64906957 34551322 8325059 166956
65118223 34662796 8352217 167512
65329331 34774133 8379783 168054
65543338 34885539 8407277 168618
65755436 34997645 8434692 169181
65968452 35109717 8462334 169755
66181228 35222367 8489729 170322
66394452 35335023 8517424 170889
66607074 35447640 8544763 171469
66819405 35560245 8572370 172031
67034264 35673393 8599918 172604
67249061 35786813 8627669 173158
67465827 35900703 8655559 173158
67681418 36014471 8683230 174280
67897180 36128100 8711270 174280
68112339 36241578 8738885 174855
68326984 36354911 8766898 175407
68542379 36468126 8794588 175984
68756811 36581256 8822518 176553
68972161 36694318 8850416 177121
69186441 36807283 8878134 177682
69400854 36920147 8906065 178235
69616028 37032939 8933679 178803
69829727 37145688 8961563 179356
70045588 37258969 8989198 179904
70260585 37372206 9017054 180441
70476263 37485332 9044800 182755
