58284 62793 19830 2496
176153 144499 27002 3778
299329 194636 44776 3778
449968 306567 65964 5085
537437 368273 81872 6356
739123 501427 98411 7589
845581 573785 115225 8853
955663 648410 131868 10155
1068311 724906 156778 10155
1308086 883926 174215 11392
1437509 965944 201886 11392
1570875 1049735 209801 12595
1709936 1127374 227413 13631
1839311 1203999 254408 13631
2097873 1283192 272399 14616
2234823 1362775 291283 14616
2375706 1444175 321668 15536
2519203 1527409 341578 15536
2667185 1611715 370277 16402
2972367 1696911 390714 16402
3127700 1870675 411642 17223
3288691 1958426 432887 17223
3450533 2046657 454077 17993
3614397 2135941 475629 18729
3780378 2225625 497369 18729
3947761 2316151 519039 19427
4115166 2406932 541071 19427
4285259 2498432 563205 20086
4455229 2590076 585214 20732
4626388 2681805 607494 21346
4798840 2774180 629901 21346
4971851 2866623 652129 21960
5144507 2959052 674693 22545
5318235 3051481 697317 23120
5492516 3144462 719817 23120
5666763 3237451 742548 23685
5842232 3330390 765052 24235
6017840 3423275 787652 24778
6192226 3516100 810555 25297
6368763 3609413 833218 25297
6545414 3702684 856057 25817
6721978 3795872 879162 26316
6899154 3888972 901858 26815
7076247 3982008 924905 27308
7253280 4074953 947815 27796
7429879 4168378 970456 28302
7605534 4261761 993433 28793
7781591 4355053 1016218 29295
7956965 4448794 1038864 29817
8130555 4542451 1061847 30315
8306173 4635476 1084716 30826
8481044 4728913 1107412 30826
8655249 4822671 1116812 31854
8830137 4914075 1139211 31854
9000406 5005868 1161107 32368
9170177 5097749 1183261 33383
9341215 5189170 1205690 33902
9511202 5281178 1227670 33902
9680078 5373839 1249821 34952
9851488 5466026 1272121 34952
10021943 5558166 1294070 35479
10192113 5650891 1316517 36515
10364501 5743465 1338955 36515
10536147 5836008 1361094 37045
10707557 5928540 1383557 37570
10879936 6021066 1405836 38098
11050232 6114110 1427954 38627
11221956 6206625 1450476 39134
11395977 6299075 1472801 39659
11567875 6391517 1495038 40193
11740098 6483963 1517579 40709
11913948 6576956 1539859 40709
12087017 6669957 1562167 41225
12260686 6762896 1584906 42233
12433997 6855724 1607296 42233
12606773 6948507 1629756 42754
12780330 7041264 1652487 43258
12953686 7133988 1674949 43258
13126718 7226677 1697587 44235
13302102 7319321 1720402 44724
13476921 7412482 1742923 44724
13651222 7505620 1765645 45216
13826330 7598692 1788291 45696
14000691 7691689 1810776 46176
14174858 7784605 1833631 46633
14351238 7877463 1856479 47113
14526796 7970282 1879185 47593
14702447 8063071 1902091 48060
14878809 8156376 1924784 48060
15055306 8249630 1947606 48527
15230751 8342776 1970697 48973
15407943 8435816 1993391 49441
15583635 8528743 2016192 49908
15756244 8620375 2038760 50363
15928633 8711934 2060918 50363
16101739 8804100 2083538 51260
16276941 8896338 2106214 51709
16451980 8988582 2128687 51709
16626789 9081406 2151424 52610
16802298 9173756 2174045 53068
16977150 9266615 2196582 53068
17151587 9359467 2206048 53524
17326960 9451783 2242046 53970
17501679 9544599 2264760 54422
17676115 9637402 2274230 54870
17851495 9729658 2297217 55320
18025974 9822401 2333008 55772
18200326 9915146 2342526 56206
18376726 10008404 2365357 56672
18551205 10101122 2387885 57143
18725720 10193765 2410661 57598
18902473 10286935 2433351 57598
19078224 10380058 2455838 58497
19253849 10473080 2478801 58945
19429490 10566005 2501487 58945
19604479 10658874 2524023 59846
19779854 10751705 2547034 60308
19954886 10844488 2569662 60308
20129245 10937204 2592291 60770
20304199 11029829 2615269 61218
20478664 11122404 2637913 61670
20652633 11214954 2660545 62137
20827293 11307500 2683410 62595
21001291 11400036 2705891 63057
21174963 11492558 2728649 63501
21350854 11585596 2751414 63967
21524949 11678111 2773941 64442
21698731 11770571 2796699 64902
21874812 11863580 2819331 65374
22049172 11956080 2841827 65845
22223394 12048509 2864606 66301
22399734 12141465 2887207 66301
22574923 12234351 2900279 66762
22746298 12324239 2922493 67661
22916608 12414976 2944340 67661
23086611 12507506 2975648 68592
23258873 12601163 2998435 69072
23434752 12695214 3021053 69571
23609587 12790713 3044001 70065
23789365 12886485 3067371 70567
23970781 12982928 3090549 71089
24150343 13080007 3114113 71589
24334966 13177655 3137932 72113
24520157 13275812 3161594 72653
24704527 13375028 3185634 73182
24892150 13474140 3209651 73729
25078171 13574119 3233615 74261
25264569 13674389 3257988 74805
25640760 13774331 3282085 75363
25830540 13875039 3306391 75903
26020324 13975451 3345048 75903
26210124 14076620 3355381 76447
26404270 14178375 3380316 76968
26597950 14280227 3419561 77497
26792062 14382125 3429930 78004
26986586 14484087 3469626 78004
27180286 14586104 3480134 79040
27376183 14688146 3505420 79559
27570303 14892308 3545054 79559
27763010 14995008 3555548 80091
27959492 15097736 3595315 80605
28156251 15200975 3605830 81120
28352552 15303659 3631236 81615
28548007 15406219 3671360 82120
28742850 15509343 3681935 82625
28939906 15612299 3707582 83127
29137127 15715721 3732830 83127
29333527 15818545 3758454 83618
29532207 15922424 3783965 84095
29730685 16026273 3809366 84572
29930057 16129475 3835116 85038
30128126 16233067 3860612 85507
30325486 16233067 3886230 85958
30519458 16335839 3911472 86429
30711511 16437523 3936398 86919
30905962 16539725 3961478 87397
31098768 16641483 3986439 87877
31292982 16743807 4011522 88342
31487465 16845650 4036604 88820
31680426 16947473 4061565 89293
31875737 17049916 4086778 89768
32070577 17151905 4111828 89768
32265538 17253891 4136976 90238
32462805 17355906 4162282 90693
32659320 17458524 4187393 91155
32856453 17561179 4212837 91602
33053001 17663827 4238187 92061
33249154 17766449 4263603 92504
33446271 17869021 4289065 92954
33642653 17971552 4314384 93405
33839527 18074061 4339903 93853
34035933 18279057 4365190 93853
34231428 18382098 4390720 94749
34430475 18382098 4416307 95217
34627630 18485476 4441629 95688
34824955 18588276 4467335 95688
35022135 18793698 4492747 96154
35220148 18896914 4518244 96614
35418898 19000085 4543908 97059
35616867 19103179 4569438 97510
35815066 19103179 4595253 97948
36013186 19309182 4620813 98402
36210076 19412634 4646558 98856
36408727 19515882 4672359 99305
36606303 19619622 4697987 99764
36805273 19723136 4723920 100210
37004411 19826511 4749648 100665
37201370 19930288 4775369 101115
37399869 20033430 4801046 101567
37596406 20136973 4826583 102026
37793885 20240448 4852371 102473
37994880 20344097 4878009 102473
38193705 20344097 4903483 102931
38193705 20448029 4914258 103825
38390830 20550313 4953922 104296
38777751 20651462 4979282 104760
38976032 20856814 5004748 105242
39174984 20961509 5030553 105731
39376101 21067075 5056563 106218
39578097 21173378 5082590 106719
39781105 21280361 5109069 107206
39987866 21388536 5135500 107206
40193398 21496643 5162173 108196
40401863 21605714 5188900 108705
40610589 21715196 5215801 109219
40820033 21825004 5242873 109729
41030603 21935093 5281155 109729
41240786 22045425 5308416 110741
41452310 22155951 5335640 110741
41663501 22266673 5362898 111752
41875469 22377575 5390346 111752
42087245 22488639 5417535 112270
42298840 22599818 5445255 113294
42511747 22711113 5472638 113294
42723872 22822530 5500212 113825
42937174 22934065 5527764 114344
43149949 23045676 5555284 114871
43362645 23157331 5582896 115387
43575442 23269045 5610232 115914
43787912 23381400 5638124 116432
44001818 23493297 5665620 116964
44214747 23605739 5693432 117490
44428400 23717687 5721023 118018
44641270 23830184 5748603 118560
44854343 23942738 5776271 119091
45067625 24055261 5803621 119634
45281159 24167734 5831661 120735
45496000 24280168 5847647 120735
45709382 24392568 5886923 121340
45921878 24504960 5902902 121931
46134886 24617343 5942071 122527
46347660 24729700 5942071 123105
46560237 24842353 5985273 123689
46769519 24953317 5996743 124264
46979814 25064226 6039580 124851
47189192 25175266 6050906 125435
47399260 25286410 6078109 126010
47608943 25398233 6105177 126606
47818463 25509636 6132296 127183
48030510 25621664 6175180 127183
48240641 25733765 6186541 128330
48453236 25845869 6229752 128330
48665195 25957976 6252563 128906
48877601 26070118 6284615 129464
49089968 26182284 6296184 130029
49302012 26294447 6323696 130573
49516739 26407172 6367124 131156
49729027 26519345 6378625 131744
49942110 26631500 6406237 132323
50154472 26743655 6433646 132889
50368454 26856386 6461227 133449
50582349 26969111 6488680 134014
50795759 27081777 6516194 134569
51010185 27194403 6559614 134569
51223585 27306992 6582656 135125
51437827 27419528 6598906 135661
51651569 27532026 6638203 136201
51865583 27644504 6654459 136730
52079619 27757541 6693732 137259
52293261 27870538 6709912 137773
52509382 27983429 6737654 138292
52724600 28096235 6776956 138798
52940367 28208959 6793268 138798
53155360 28321658 6832605 139827
53370358 28434298 6849049 139827
53585292 28546877 6888490 140356
53800079 28659424 6916698 140872
54016064 28771952 6944725 141384
54231046 28884447 6972768 141875
54448253 28997491 7000871 142378
54664910 29110509 7028750 142875
54881732 29223447 7056960 142875
55098129 29336329 7073057 143373
55311601 29449069 7100960 144346
55526002 29560520 7128531 144346
55739481 29671917 7156138 144846
55953937 29783392 7183729 145336
56167718 29894936 7223020 145826
56382196 30006550 7239336 146304
56596720 30118217 7267134 146792
56811038 30229964 7295111 147266
57027914 30342337 7322907 147749
57242767 30454768 7350838 148216
57459839 30567167 7378691 148697
57676214 30679614 7406530 149175
57892775 30791958 7434442 149657
58109076 30904265 7462222 150130
58324853 31016534 7490167 150605
58541536 31128780 7517936 151090
58757140 31241020 7545860 151568
58973586 31353273 7573616 151568
59189164 31465506 7613146 152048
59405327 31577721 7629348 152513
59621399 31689942 7669019 152985
59837412 31802184 7685464 153443
60055741 31915017 7725143 153927
60272638 32027737 7753558 154395
60491734 32140953 7781567 154888
60708885 32254133 7809950 155380
60926469 32366710 7826446 155863
61144969 32479772 7866512 156340
61363349 32592798 7883057 156812
61581824 32705734 7922875 157281
61801141 32819179 7939568 157750
62020177 32932047 7967675 157750
62238811 33045361 8007967 158690
62456593 33158039 8024326 158690
62674820 33271177 8064449 159162
62893519 33384289 8080842 159622
63112004 33497324 8120931 160087
63329896 33610253 8137477 160536
63549888 33723658 8165628 160998
63767751 33837000 8177433 161446
63983909 33950144 8221373 161919
64197800 34061170 8249348 162379
64412104 34172092 8277061 162847
64628102 34284114 8305198 163341
64844711 34396697 8333465 163828
65065922 34510930 8373866 164328
65286435 34626130 8402938 164815
65510689 34742116 8431813 165323
65735534 34858792 8461251 165821
65962206 34976112 8490494 166342
66189096 35093983 8520169 166848
66645667 35331095 8549734 167371
66875032 35450264 8579592 167890
67105739 35569786 8609485 167890
67336347 35689586 8639434 168905
67569759 35810219 8669508 169433
67801420 35930536 8699546 169968
68034103 36051017 8729670 169968
68266181 36171677 8759671 170503
68500799 36293082 8789895 171022
68735235 36414643 8819984 171540
68970316 36536306 8850312 172058
69204847 36658018 8880437 172578
69439632 36779760 8910795 173086
69674406 36901551 8940995 173601
69908992 37023393 8971387 174126
70143812 37145280 9001609 174648
70378332 37267185 9032126 175159
70613573 37389107 9044885 179222
