52521 56466 7404 1866
110198 124336 18169 3153
240693 209236 32744 4422
303017 313720 41303 5695
447062 372297 67573 5695
620717 434260 83157 8278
725072 566469 90444 9604
831575 636887 114410 10945
1053083 710983 130134 10945
1169407 787831 146419 12333
1292359 945900 173102 12333
1417456 1027340 190496 13646
1680214 1110580 216226 13646
1819795 1194891 234927 14888
1961833 1280664 253688 14888
2105800 1367205 272898 16048
2254514 1454360 292936 16048
2564149 1542074 324733 16048
2723554 1630291 345505 17125
2886891 1719543 366381 18124
3049809 1809224 387423 18124
3213337 1899763 417671 19079
3379801 1990558 439184 19079
3545729 2082074 460593 19974
3713226 2173759 482481 19974
3882200 2266094 503661 20814
4042642 2358513 524172 20814
4200106 2447688 544945 21590
4360755 2535214 565832 22317
4521668 2623573 586747 22317
4683438 2801587 608029 23025
4848655 2891706 629553 23698
5013772 2982113 650917 23698
5179008 3072727 672587 24361
5347332 3164069 694460 24990
5515517 3255588 716194 24990
5683964 3347221 738243 25612
5855483 3439498 760360 26204
6026653 3531840 782320 26791
6197492 3624182 804680 27349
6370816 3716519 827018 27349
6543274 3808856 849189 27912
6715432 3901753 871759 28459
6888742 3994646 894137 29000
7233195 4087436 916353 29548
7233195 4180157 938947 30075
7407630 4272847 961258 30611
7580630 4365518 983423 31181
7752040 4458164 1005903 31734
7925363 4550776 1027982 32314
8096015 4643344 1050085 32899
8266727 4735870 1072508 33463
8438923 4828370 1094541 34042
8609224 4920866 1116779 34612
8781009 5013366 1139113 35180
8952870 5105839 1161099 35180
9124668 5198305 1183396 36293
9296080 5291299 1205745 36870
9466985 5383779 1227793 36870
9638118 5476200 1250093 37468
9809004 5569170 1272343 38041
9980705 5662113 1294429 38041
10151785 5754983 1316883 39156
10325275 5848332 1339304 39731
10498203 5941134 1361498 39731
10670694 6033856 1383976 40312
10844238 6127029 1406179 40863
11016986 6218601 1428191 41405
11186330 6310073 1450539 41920
11357962 6401622 1472812 41920
11529239 6493267 1495095 42444
11700776 6585548 1517639 42955
11873625 6677907 1539929 43461
12045572 6770249 1562443 43967
12217567 6862532 1585091 44451
12391795 6954810 1607474 44451
12565283 7047100 1630265 44945
12739172 7139963 1653076 45421
12914119 7232848 1675644 45901
13087902 7325672 1698530 46386
13261685 7418442 1721190 46853
13437337 7511178 1743833 46853
13612544 7603901 1753324 47768
13788418 7697140 1776466 48245
13964339 7790337 1812280 48245
14139382 7883439 1821850 48717
14315148 7976461 1858363 49172
14666035 8069963 1881438 49630
14666035 8162911 1891020 50070
14843418 8255753 1914295 50527
15195240 8349070 1937090 50992
15195240 8442342 1960086 51439
15372424 8535538 1983043 51892
15548768 8628674 2005781 52340
15724984 8721752 2028837 52786
15902089 8815303 2051672 52786
16253777 8908275 2074350 53242
16253777 9001663 2097483 53677
16431434 9094987 2120231 54140
16607055 9188224 2143054 54608
16782903 9281386 2166167 55064
16958634 9374457 2188843 55533
17133457 9467444 2211770 55995
17308708 9560347 2234745 56447
17484970 9653164 2257473 56902
17660978 9745938 2280447 57339
17837936 9839150 2293703 57780
18014112 9839150 2325474 57780
18186551 9930350 2347778 58652
18356516 10111595 2360550 59109
18528790 10203378 2392171 59585
18702933 10296311 2415098 60053
18878913 10390269 2437949 60531
19236199 10485126 2460967 61018
19416465 10580788 2484530 61501
19598317 10677178 2507908 61994
19781556 10774236 2531571 62477
19966836 10872477 2555571 62969
20151901 10971242 2579356 63476
20338119 11069834 2603486 63967
20524782 11168745 2627770 64470
20711508 11268603 2651979 64974
20900041 11368824 2676523 65480
21088026 11469305 2700839 66004
21276265 11569461 2725232 66509
21465774 11670369 2749796 67054
21654438 11771488 2774032 67622
21843933 11872239 2798688 68169
22033485 11973694 2823316 68169
22222715 12075285 2847949 69253
22414673 12176950 2872921 69823
22604791 12278692 2897554 70412
22794778 12380493 2922282 70985
22985614 12482366 2947031 70985
23175536 12584272 2971659 71561
23367703 12686218 2996669 72690
23559618 12788761 3021361 72690
23751193 12891344 3046242 73277
23944231 12993407 3071278 73846
24136273 13096013 3096052 74412
24328513 13199182 3121170 74957
24522148 13301775 3146138 74957
24715337 13404833 3171153 75505
24909625 13507874 3196480 76035
25103177 13610348 3221475 76570
25296872 13713307 3246918 77080
25491661 13816236 3272137 77600
25682276 13919330 3297065 78120
25873447 14021112 3321999 78634
26064425 14122786 3346664 78634
26253568 14224514 3371517 79150
26445344 14325385 3396065 79647
26636613 14426301 3420748 80151
26828544 14527373 3445728 80640
27021054 14629149 3470447 81137
27213102 14731057 3495586 81621
27406294 14833011 3520648 82106
27598915 14935011 3545613 82607
27791720 15037066 3570826 83091
27987227 15139163 3595934 83091
28180599 15241293 3621152 84059
28375795 15343435 3646339 84059
28570726 15445593 3671449 84555
28765508 15547771 3696750 85046
28961550 15649949 3721884 85533
29156450 15752131 3747102 86023
29351694 15854325 3772335 86496
29546719 15957085 3797545 86982
29741379 16059863 3822997 87453
29938471 16162614 3848277 87938
30133494 16265342 3873602 88426
30328413 16368030 3899051 88901
30524647 16470662 3924241 88901
30720444 16573258 3949831 89387
30917294 16675855 3975205 89856
31114507 16778436 4000581 90332
31311323 16880966 4026088 90797
31507249 16984018 4051371 91274
31703274 17086521 4061920 91760
31898761 17188934 4102175 92232
32094794 17291910 4127527 92705
32290825 17394856 4138078 93158
32489020 17497712 4178448 93619
32686481 17600500 4189094 94071
32884505 17703257 4229562 94071
33081971 17805989 4240257 94527
33278678 17908682 4265729 94977
33473112 18011279 4291117 95417
33666660 18112387 4316074 95861
33860971 18213479 4341321 96291
34055408 18315267 4366517 96728
34249611 18417170 4391641 97152
34446026 18519116 4417062 97592
34640587 18621092 4442174 98040
34835582 18723067 4467496 98476
35032438 18825086 4492827 98923
35227196 18927133 4518025 99361
35424003 19029200 4543456 99812
35618978 19131276 4568576 100284
35813577 19233364 4593812 100742
36009077 19335488 4619074 101218
36203408 19437652 4644140 101684
36398495 19539815 4669539 102146
36594404 19641977 4694676 102626
36789059 19744162 4719895 103092
36986017 19846373 4745198 103092
37182112 19948595 4770347 103559
37378391 20050809 4795857 104489
37573981 20153550 4820974 104489
37769175 20256286 4846285 104977
37965409 20358482 4871635 105455
38160653 20460630 4896714 105935
38356076 20563349 4922305 106397
38551464 20666080 4947561 106878
38746372 20769331 4972867 107363
38942329 20872550 4998327 107841
39137302 20975692 5023480 108327
39332113 21078727 5049090 108796
39527290 21181142 5074528 109274
39721948 21284043 5099923 109749
39917322 21386944 5125436 110224
40111967 21489797 5150724 110224
40306310 21592576 5176157 111175
40502871 21695255 5201464 111175
40698367 21797857 5226785 111649
40894495 21900442 5252141 112587
41089974 22003020 5277041 112587
41280652 22105532 5301923 113530
41473483 22206265 5326713 114031
41664236 22306962 5351340 114557
41855196 22407816 5361705 115067
42045161 22507751 5400598 115067
42236350 22608782 5425702 116106
42432288 22711021 5451083 116667
42628159 22918686 5476426 117254
42825396 23023923 5502287 117824
43026555 23129939 5528127 117824
43226554 23236639 5554335 119000
43429840 23344536 5580674 119622
43632209 23452449 5606960 120265
43835501 23560817 5633595 120265
44042305 23669630 5660190 120886
44248981 23779435 5687224 121490
44457192 23889574 5713988 122088
44666219 23999968 5741300 122677
44875168 24110591 5768744 122677
45085911 24221405 5795954 123256
45297890 24332952 5823572 124372
45510230 24444661 5850988 124372
45722871 24556451 5878556 124943
45936133 24668318 5905973 125506
46361937 24780221 5933489 126063
46576766 24892129 5961113 126602
46791028 25004068 5988680 127149
47006375 25116075 6016538 127683
47221917 25228701 6044217 128225
47436744 25340811 6072000 128751
47650671 25453446 6099660 129298
47864648 25566099 6127416 129837
48079418 25678744 6155131 129837
48294333 25791356 6194522 130376
48511875 25904334 6210952 130890
48728517 26017277 6238917 131433
48945553 26130169 6266930 131969
49163242 26243017 6294883 132501
49380769 26355797 6322936 133015
49380769 26468761 6350643 133527
49596271 26580173 6378386 134037
49809289 26691534 6405986 134547
50235377 26802992 6433574 134547
50450624 26914970 6461380 135055
50665475 27027026 6489020 135555
50880651 27139675 6516964 136060
51097411 27251831 6544688 136553
51312552 27364540 6572673 137056
51530024 27476725 6600672 137541
51746675 27588861 6628571 138037
51964045 27701595 6656853 138519
52180803 27814370 6684819 138519
52397503 27927655 6713202 139486
52614133 28040338 6741284 139486
52830560 28153493 6769513 140445
53048069 28266595 6797585 140445
53264420 28379630 6825713 140933
53482671 28492559 6853810 141894
53698983 28605394 6881789 141894
53915368 28718163 6909937 142391
54131766 28830894 6937838 142878
54347430 28943573 6965954 143373
54565471 29056192 6993814 143852
54782625 29168775 7021956 144341
55000648 29281345 7033650 144818
55217631 29393898 7077953 145307
55434809 29506413 7089715 145780
55651527 29619465 7134140 146275
55868375 29731968 7145899 146765
56085771 29844968 7174091 147261
56301886 29957387 7202019 147759
56518684 30069721 7230033 148245
56734801 30182592 7257974 148245
56951569 30295457 7285896 148732
57167958 30408284 7314048 149208
57384106 30521047 7341982 149686
57601829 30633742 7370133 150152
57817992 30746394 7398032 150627
58036194 30859017 7426139 151090
58036194 30971557 7454124 151563
58253279 31082451 7481829 152016
58467381 31193823 7509413 152484
58680954 31304809 7536896 152954
58894865 31415898 7564666 153427
59109311 31527069 7592182 153904
59322975 31636644 7619667 154368
59748106 31747899 7646968 154850
59964243 31859859 7674672 155325
60181914 31973554 7702659 155814
60401375 32088302 7730778 156296
60622558 32203917 7775827 156800
60844904 32320279 7816782 157310
61069937 32437341 7845754 157815
61295226 32555021 7875002 158323
61522075 32673205 7904236 158830
61749086 32791839 7933664 159349
61977586 32910890 7963154 159863
62206341 33030328 7992677 160384
62435774 33150080 8022352 160895
62665763 33270065 8051955 161417
62895968 33510753 8081924 161929
63127329 33631433 8111646 162465
63358111 33752282 8141776 162982
63591901 33873290 8171634 163528
63825092 33994465 8201969 164070
64058097 34115790 8232033 164070
64291790 34237222 8262567 165139
64526479 34359319 8292976 165691
64761678 34480961 8323540 166247
64996169 34602640 8353815 166247
65231518 34724393 8384310 166806
65467435 34846774 8414811 167340
65703182 34969219 8445389 167889
65939022 35091650 8475807 168425
66175049 35214071 8506279 168970
66410587 35336467 8536711 169502
66646442 35458866 8567080 170050
66881525 35581277 8579867 170592
67117829 35703680 8627797 171132
67352482 35825782 8640530 171650
67586596 35946607 8688108 172186
67820027 36067460 8700702 172716
68054341 36188483 8748511 172716
68286723 36309634 8761100 173806
68521154 36430914 8791676 174354
68755422 36552315 8821812 174897
68990207 36673846 8852488 174897
69224776 36796042 8882712 175443
69459620 36918296 8913492 175968
69694313 37041131 8943824 176524
69928743 37163449 8974593 177080
70163896 37286269 9005085 177632
70398496 37409083 9035685 178172
70634052 37531831 9048435 182450
