49040 59248 13902 1669
106981 96785 27338 2736
194981 181759 34089 3812
318703 284976 50033 4927
469347 343603 69719 6090
655649 470067 84433 7198
759464 537416 99918 9607
864127 607924 115064 10887
970927 681425 138840 10887
1197069 834336 155340 12178
1319905 913899 172030 12178
1445909 994903 199043 13403
1575882 1077766 224377 13403
1711996 1161193 242790 14572
1994370 1246128 261358 14572
2139441 1331884 280495 15671
2289359 1418930 300158 16697
2440375 1506087 319809 16697
2592426 1684402 339752 17687
2748165 1774180 360303 17687
2905025 1864816 380832 18622
3063540 1955709 410350 18622
3223892 2046265 431838 19513
3550101 2138131 465643 19513
3715678 2229690 474697 20351
3882889 2321875 509424 21138
4050796 2414140 531319 21138
4219137 2506416 540518 21905
4390002 2599259 575674 22628
4560459 2692132 597975 22628
4731405 2784979 607292 23326
4898361 2875922 641358 23326
5061332 2965213 662971 23984
5227715 3054540 684923 24613
5396320 3144726 706743 25223
5564977 3235228 728826 25223
5734215 3325971 738005 25832
5905451 3417477 773154 26414
6077280 3509709 795589 26992
6248710 3601544 804948 27546
6420227 3693415 840363 28108
6592369 3785922 863125 28108
6765387 3878515 872577 28652
6939750 3971665 908283 29188
7113587 4064811 917687 29722
7287966 4157351 940532 30242
7461486 4250377 963025 30773
7633253 4343937 985410 31316
7807022 4436954 1008071 31846
7978916 4530413 1030377 32386
8150053 4624382 1052644 32930
8323810 4717295 1075265 33462
8495630 4810599 1097530 34002
8666886 4904429 1119808 34550
8840429 4997223 1142339 35090
9012987 5091027 1164429 35631
9184387 5184795 1186770 36147
9359624 5277935 1209352 36709
9533457 5371498 1231589 37284
9706724 5465277 1254233 37837
9883618 5558930 1276988 37837
10060477 5652997 1299422 38390
10237142 5746424 1322268 38918
10412947 5839701 1345040 39470
10587368 5934028 1367548 40024
10763441 6027795 1390326 40562
10939324 6121380 1412837 40562
11113340 6215382 1435332 41098
11289201 6308764 1458445 41607
11465619 6402530 1481075 42140
11640331 6496773 1503745 42671
11816725 6589928 1526700 43180
11988174 6681924 1548884 43180
12159029 6773821 1571224 44174
12333898 6865743 1593702 44708
12505921 6957668 1615867 44708
12677854 7049660 1638287 45249
12853975 7141708 1660795 45767
13028373 7234343 1683122 45767
13202622 7326995 1705813 46771
13380292 7419619 1728487 47287
13555016 7512241 1750950 47287
13729865 7604853 1773699 47803
13907908 7697315 1796272 48304
14083661 7790305 1818784 48803
14259370 7883283 1841650 49282
14434974 7976195 1864265 49769
14610028 8069072 1886925 50243
14787100 8162462 1909807 50716
14963905 8255831 1932373 50716
15139894 8349091 1955070 51189
15316527 8442256 1977911 51644
15492429 8535364 2000522 52103
15668118 8628419 2023442 52555
15844824 8721430 2046355 53004
16020740 8814395 2069084 53004
16196487 8907315 2092041 53453
16375834 9000176 2114944 53884
16553352 9093536 2137765 54318
16730868 9186872 2160812 54751
16910433 9279636 2183642 55181
17087756 9372859 2206470 55613
17264980 9466041 2229571 56029
17441880 9559135 2252318 56470
17618124 9652174 2275138 56922
17794670 9745155 2284730 57361
17970773 9838099 2320578 57807
18146254 9931525 2343565 58243
18322504 10024401 2353148 58680
18498172 10117186 2389082 59124
18673435 10210500 2398576 59570
18849078 10303249 2411931 60007
18849078 10394028 2434304 60449
19189886 10484753 2456366 60882
19361453 10575100 2478799 61319
19533391 10666157 2500978 61769
19705466 10757419 2523134 62223
19876356 10848265 2545352 62677
20049359 10940178 2567557 63139
20224576 11033214 2599589 63586
20401434 11127826 2622826 64064
20580052 11222794 2645841 64559
20760428 11318541 2669312 65040
20942911 11415631 2706556 65547
21125413 11512840 2716470 66066
21309425 11610557 2740500 66570
21494229 11709376 2778301 67085
21679389 11808140 2788374 67593
21866471 11907850 2826846 68111
22053420 12007942 2851155 68642
22240499 12107760 2861339 69153
22430669 12208357 2899943 69693
22619077 12309214 2910154 70246
22808190 12409745 2934819 70789
22997594 12511010 2973482 71332
23186729 12612446 2983745 71854
23378760 12713994 3022998 72407
23569870 12815631 3033310 72978
23759715 12917382 3058084 73535
23952066 13019227 3097082 73535
24143273 13121130 3107392 74096
24335233 13223084 3146880 74636
24526749 13427120 3171833 75184
24718065 13529790 3182258 75712
24912297 13632504 3221704 76257
25104547 13735181 3232124 76782
25298485 13837827 3257354 77310
25492613 13940455 3296855 77840
25686257 14043066 3307372 78357
25880885 14145655 3347150 78357
26074587 14248216 3357642 78876
26267663 14248216 3382847 79370
26459366 14350968 3407466 79882
26648857 14452139 3432101 80389
26840443 14553297 3457171 80894
27033201 14654993 3481932 81396
27225854 14756797 3506966 81886
27419674 14858654 3532024 81886
27612794 15062549 3556977 82380
27806458 15062549 3582381 82857
28000608 15267279 3607491 83342
28194218 15369924 3632787 83805
28390275 15472588 3658172 83805
28781886 15575249 3683419 84725
28781886 15677880 3709105 84725
29174834 15780486 3734442 85185
29372899 15883617 3760031 85625
29372899 15986728 3785714 86079
29766669 16089780 3811163 86541
29965120 16192777 3836875 86992
30162381 16296278 3862214 87446
30162381 16399200 3887792 87883
30360147 16501855 3913440 87883
30753540 16605026 3938805 88764
30753540 16707680 3964698 89211
30951310 16810814 3990188 89211
31147917 16913381 4015889 90088
31344975 17017026 4041502 90088
31737964 17120155 4066926 90535
31936665 17223158 4092839 90965
31936665 17326089 4118305 91429
32330893 17429506 4143955 91888
32330893 17532869 4169587 92338
32727303 17636138 4194993 92801
32926916 17739340 4220744 93248
33125651 17842476 4246340 93248
33324555 17945526 4272056 94128
33324555 18048504 4297717 94576
33720806 18151439 4323223 95024
33720806 18254332 4348946 95467
33919469 18254332 4374442 95467
34117109 18357145 4399690 95909
34310951 18458106 4424634 96785
34504473 18559516 4449432 96785
34697181 18660511 4474382 97260
34890872 18761627 4499268 97725
35084005 18862888 4524253 98192
35277289 18964265 4549282 98641
35472950 19066309 4574202 99116
35666804 19167941 4599364 99597
35861304 19269630 4624394 100069
36055502 19371978 4649467 100543
36249558 19474394 4674754 101001
36445928 19576805 4699774 101470
36641541 19679213 4725319 101936
36838483 19782050 4750596 102410
37035192 19884906 4775989 102885
37231177 19987690 4786564 103345
37427918 20090420 4826847 103345
37623752 20193095 4837456 104273
37819752 20295754 4863231 104735
38016040 20398394 4903558 104735
38211503 20500996 4914230 105655
38407695 20603558 4939886 105655
38603087 20706100 4965129 106596
38798232 20808641 4990744 107072
38994080 20911196 5016014 107072
39188818 21116261 5041296 108010
39384298 21116261 5066896 108010
39579158 21219316 5092075 108497
39773536 21321856 5117601 108980
39968904 21424338 5142837 109464
40163203 21526811 5168154 109946
40358155 21629269 5193703 110418
40552448 21732249 5218747 110908
40746182 21835230 5244273 111894
40941107 21937654 5269459 111894
41134720 22040575 5294503 112403
41328371 22143488 5320063 113414
41521900 22246330 5345142 113414
41714805 22349127 5370315 113956
41908675 22451835 5384624 114477
42098056 22552669 5419686 114995
42287005 22653285 5444638 115490
42478589 22754598 5458789 116050
42666508 22854504 5493775 116628
42856901 23058345 5518814 117190
43049270 23162327 5543931 117760
43243472 23267209 5569746 118309
43442234 23372927 5595422 118309
43844750 23479410 5621562 119409
44049357 23587172 5647950 119409
44254552 23694975 5674311 119963
44461901 23803811 5701361 120494
44670447 23913119 5728123 121042
44880345 24022790 5755287 121577
45090566 24132797 5782450 122119
45300820 24243066 5809609 122649
45512418 24353565 5837024 123185
45723273 24464270 5864250 123720
45935638 24575175 5891818 124244
46147710 24686824 5919240 124244
46360126 24798603 5946820 125275
46573822 24910419 5974313 125275
46786238 25022291 6001793 125797
47001448 25134239 6029542 126305
47215854 25246245 6057059 126817
47430969 25358285 6084924 127313
47645593 25470349 6112693 127820
47860610 25582467 6140593 128312
48075873 25695202 6168458 128312
48290727 25807441 6196334 129300
48507404 25920045 6224197 129809
48722005 26032663 6251911 130314
48937352 26145281 6279855 130314
49152295 26257892 6307625 130818
49368806 26370470 6335714 131804
49585173 26483029 6363547 131804
49801091 26595543 6391463 132307
50018157 26708057 6419357 132801
50234154 26820556 6447125 133293
50450229 26932813 6474871 133769
50662413 27043560 6502176 134261
50874832 27154337 6529919 134738
51087360 27265861 6557382 135252
51299514 27377015 6585191 135759
51513075 27488258 6612867 136265
51725976 27599632 6640624 136769
51940218 27711133 6668484 137265
52154063 27823305 6696250 137265
52369618 27935552 6724207 138234
52585346 28047809 6751983 138234
52800723 28160075 6779927 138724
53017506 28272354 6807754 139205
53232984 28384632 6835607 139697
53449050 28496903 6863438 140175
53664514 28609178 6891226 140663
53880331 28721474 6919304 141137
54096390 28833793 6947168 141623
54312033 28946700 6975379 142097
54528451 29059607 7003344 142592
54743976 29172472 7031474 143084
54960519 29284770 7059508 143572
55176387 29397576 7087658 144050
55392644 29510949 7115940 144522
55609968 29623748 7144020 144522
55826025 29737036 7172367 145467
56044527 29849749 7200448 145467
56261769 29962926 7228675 145940
56479750 30076062 7256692 146402
56696970 30189126 7284850 146870
56914674 30302132 7312906 147326
57131882 30415086 7341019 147797
57348517 30527970 7352750 148264
57565517 30640792 7397078 148741
57781694 30753564 7408783 149228
57998791 30866312 7452992 149708
58216234 30979022 7464715 150190
58432611 31091675 7492787 150660
58649589 31204287 7537028 151143
58865568 31316893 7548714 151615
59081883 31429455 7576847 152097
59294354 31540500 7604218 152584
59506223 31650995 7631864 153066
59718760 31761605 7659164 153558
59932194 31872426 7686750 154039
60145586 31983461 7714209 154527
60358802 32094648 7741710 155008
60572384 32205968 7769366 155508
60785753 32317989 7796760 156007
61000590 32429611 7824581 156502
61214767 32541284 7852136 156997
61429596 32653034 7879987 157480
61644092 32765422 7907744 157981
61858541 32877903 7935449 158469
62073758 32990408 7963367 158469
62288210 33102903 7991131 158963
62505084 33215363 8019266 159440
62721438 33327805 8047066 159933
62938451 33440272 8075274 160419
63154984 33552747 8103181 160910
63371234 33665778 8131237 161885
63587747 33778288 8159240 161885
63802480 33891305 8187095 162391
64019527 34003809 8215277 162885
64235681 34116827 8243070 163388
64451976 34229825 8271198 164391
64667531 34342752 8298988 164391
64881781 34455631 8326922 165447
65097498 34568472 8354714 165447
65311129 34681267 8382475 165985
65527217 34794003 8410281 166508
65742342 34906690 8437924 167042
65958113 35019360 8465925 167560
66173128 35132008 8493581 168097
66387871 35244615 8521538 169172
66602335 35357188 8549231 169172
66814528 35469733 8576894 169750
67029065 35582278 8604489 170313
67241455 35694809 8631984 170893
67241455 35807324 8643527 171457
67455567 35919769 8686713 172032
67873443 36030814 8697965 172616
67873443 36141355 8741017 173184
68084513 36252596 8752369 173764
68502945 36363878 8795313 174323
68713117 36474590 8822447 174898
68926355 36586390 8850382 175457
69141358 36699378 8878220 176040
69357910 36813427 8906632 176603
69577266 36929037 8935085 177216
69796975 37045502 8963766 177835
70019018 37162666 8992396 178453
70241451 37280450 9021501 179050
70467272 37398751 9050685 181398
