53554 72005 10427 1274
173981 114017 24318 2534
305478 210852 45213 3833
384425 330199 66364 3833
567264 396353 82644 6418
675082 539550 99586 7781
902502 616629 116282 9173
1020174 697181 142966 9173
1143134 780173 161077 10592
1413715 954184 179359 10592
1556601 1044099 198204 11935
1708144 1134837 218175 13188
1863481 1226785 259150 13188
2183306 1321133 280357 13188
2349914 1415926 301066 14394
2505287 1505287 320914 14394
2657181 1592646 341050 15433
2814515 1681815 361896 15433
2973752 1772448 382812 16403
3137303 1864960 404401 17321
3304878 1958596 426540 17321
3474881 2053794 448499 18191
3642748 2148133 470589 18191
3813159 2242216 493085 19007
3982997 2336110 515332 19007
4152839 2430384 537660 19799
4325017 2524509 560236 20546
4496567 2618446 582594 20546
4669139 2712781 605185 21266
4842937 2806959 627809 21952
5015738 2900939 650241 21952
5189582 2995289 673068 22604
5364371 3089480 695765 23240
5538076 3183493 718326 23860
5712953 3277897 741168 23860
6064562 3372196 773369 24463
6241392 3466686 786624 25043
6241392 3560504 809700 25604
6595368 3654672 832496 25604
6772974 3749256 855324 26165
6772974 3843187 878355 26704
7125262 3936901 901101 27240
7125262 4031015 923957 27752
7303637 4125013 946837 28269
7656002 4219381 969510 28787
7656002 4313599 992367 29294
7834053 4407151 1015107 29294
8187839 4501672 1037705 30293
8187839 4595951 1060736 30844
8367014 4690040 1083576 30844
8542844 4784503 1106214 31410
8718132 4878813 1129137 31954
8893783 4972472 1151814 32518
9068193 5066513 1174555 33072
9242869 5160456 1197374 33610
9418408 5254791 1219753 34165
9590914 5349380 1242217 34708
9762569 5442301 1264723 35255
9933624 5534536 1286879 35255
10105127 5627278 1309411 36338
10277690 5720025 1331980 36887
10449919 5813289 1354202 36887
10623978 5906535 1377174 37994
10796785 5999227 1399817 37994
10970859 6092397 1422352 38548
11144678 6185535 1431712 39085
11318275 6278597 1454582 39620
11492046 6371599 1490210 40159
11665588 6464551 1499597 40674
11841473 6558011 1522525 40674
12016438 6651443 1558388 41193
12191331 6744774 1567859 41686
12369853 6838000 1590820 42206
12545509 6931146 1613442 42726
12721104 7024227 1636306 43228
12899473 7117787 1672414 43228
13076821 7211674 1681986 43728
13254232 7305439 1705119 44208
13431067 7399058 1727977 44693
13607233 7492565 1750761 45178
13783750 7585968 1773770 45660
13959377 7679275 1796446 45660
14134592 7772467 1819191 46598
14311825 7866127 1842502 47068
14489307 7960129 1865407 47068
14666679 8054028 1888553 47532
14844683 8147781 1911703 47992
15021488 8241399 1934570 48451
15198165 8334877 1957657 48890
15378355 8428249 1980689 49332
15556561 8522041 2003586 49769
15734853 8615768 2026747 50206
15913238 8709394 2049641 50206
16090542 8802879 2072521 50645
16268257 8896226 2095747 51068
16445112 8989425 2118539 51506
16618729 9081180 2141112 51935
16793081 9172830 2163803 52362
16966768 9264553 2186115 52800
17139922 9356318 2208732 53230
17314125 9448122 2231380 53658
17487851 9539970 2253782 54091
17661771 9631895 2276560 54506
17838207 9724437 2299361 54934
18013969 9817042 2321973 54934
18189616 9909588 2344825 55363
18366232 10002117 2367597 55780
18542119 10094639 2390348 56200
18718252 10187161 2413453 56605
18896635 10279175 2436250 57026
19073000 10371715 2459105 57443
19249418 10464280 2482216 57848
19426986 10557365 2505075 58263
19603928 10650317 2528181 58671
19782578 10743759 2551355 59084
19960824 10837167 2574146 59084
20137507 10931016 2597372 59904
20316236 11024279 2620514 60315
20494447 11117950 2643454 60739
20673242 11211551 2666777 61154
20852923 11304083 2689856 61154
21031487 11397647 2712883 61573
21209596 11491205 2736253 62403
21387113 11584150 2759269 62403
21564592 11677520 2782340 62824
21742243 11770863 2791976 63238
21919999 11864120 2828226 63655
22097019 11957289 2837850 64074
22274184 12050373 2860973 64481
22451044 12143390 2897077 64898
22627441 12236359 2906674 65316
22804477 12329280 2929805 65732
22980900 12422172 2952605 66153
23156514 12515008 2975400 66574
23332884 12607791 2998426 66992
23508404 12700483 3011550 67416
23680229 12791460 3043093 67836
23851694 12881889 3065589 68255
24024144 12973402 3087941 68686
24198590 13066050 3110904 69545
24375952 13159748 3134113 70006
24553849 13254385 3157096 70489
24732082 13349875 3180559 70963
24914127 13446138 3217774 70963
25096402 13543052 3227623 71914
25279996 13738561 3251779 72435
25464333 13837058 3275606 72984
25647510 13935987 3299544 73526
25833626 14035270 3323766 74079
26203846 14134873 3347715 74634
26391983 14234761 3371965 75173
26391983 14334915 3410239 75731
26766178 14435301 3420362 76304
26955032 14535924 3444837 76866
27143623 14636729 3483273 77427
27333493 14737709 3493463 77967
27522937 14839400 3532375 78525
27712297 14941238 3542680 79070
27903102 15043134 3567591 79070
28093197 15145075 3606802 79616
28285259 15247057 3617118 80143
28477835 15349079 3642268 80672
28669884 15451693 3666994 81209
28863047 15553798 3692045 81731
29055479 15656436 3731484 81731
29247948 15759079 3741953 82754
29442728 15861670 3767344 82754
29635652 15964795 3792383 83268
29831725 16067812 3817692 83774
30027407 16171299 3857687 84282
30222660 16274698 3868228 84784
30418975 16377456 3893808 85274
30614282 16480653 3919129 85770
30809899 16583822 3944534 86254
31005140 16686903 3969950 86254
31200314 16789686 3994999 87209
31393346 16891410 4020046 87711
31585073 16992568 4044731 87711
31776034 17093760 4069581 88228
31967622 17195639 4094579 88730
32160023 17297618 4119299 89234
32353553 17399638 4144551 89716
32547689 17501683 4169688 90219
32742004 17603760 4194775 90720
32937512 17705882 4220035 91214
33131970 17808025 4245118 91214
33327144 17910179 4270443 92169
33523197 18012904 4295675 92169
33718067 18115658 4320885 92647
33915392 18218394 4346418 93110
34111772 18321081 4371649 93579
34308359 18423732 4397147 94030
34504638 18526337 4422629 94509
34700275 18628900 4447958 94993
34896978 18731453 4473474 95466
35092863 18833991 4498857 95466
35288952 18936502 4524395 96392
35486399 19039541 4549835 96392
35682423 19142579 4575225 96853
35880638 19245566 4600928 97297
36078111 19348500 4626370 97752
36275180 19451343 4652147 98194
36472663 19554117 4677825 98643
36669363 19656838 4703418 99098
36866958 19759531 4729115 99542
37063932 19862197 4754627 99542
37260818 19964805 4780419 100415
37460912 20068380 4806080 100415
37658694 20171885 4831709 101294
37858227 20275288 4857472 101738
38056038 20378585 4883039 101738
38253299 20481743 4908716 102185
38452582 20584806 4934248 102620
38650846 20687789 4959739 103062
38849342 20790710 4970434 103499
39046852 20893533 5010448 103941
39239797 20994687 5035574 104381
39434910 21095771 5046100 104808
39629478 21196974 5085445 105241
39822830 21297474 5110648 105662
40018001 21399066 5135952 106104
40214562 21501828 5161567 106564
40413896 21605616 5187301 107015
40614135 21710341 5213298 107479
40816581 21815917 5239749 107930
41020675 21922263 5266207 108398
41225461 22029274 5304321 108858
41432358 22137488 5331172 109330
41639437 22245716 5358120 109812
41848057 22354379 5385505 110283
42057336 22464063 5412514 110766
42266846 22574122 5440180 111233
42479337 22684442 5467514 111720
42690263 22795560 5495181 112206
42902244 22906354 5522752 112693
43114094 23017849 5550297 113167
43327963 23129493 5578186 113645
43542254 23240672 5605729 114140
43754848 23352487 5633540 114626
43969841 23464419 5660996 115123
44185234 23576401 5688805 115605
44400089 23688417 5716542 116107
44614479 23800470 5744236 116617
44828975 23912568 5772068 117123
45043823 24024732 5799509 117638
45259039 24136920 5827479 118140
45474012 24249117 5855092 118655
45688918 24361326 5883033 119158
45903305 24473570 5910765 119668
46118449 24585846 5938514 120169
46333522 24698113 5966366 120683
46548574 24810369 5993902 121212
46762907 24922598 6021827 121729
46978572 25034851 6049462 121729
47193069 25147116 6061041 122764
47407399 25259370 6104728 122764
47618734 25371413 6132121 123791
47830107 25482256 6159535 123791
48042098 25593130 6186842 124306
48253562 25704136 6198412 125326
48466149 25815260 6241752 125326
48677901 25926491 6253215 126374
48890050 26037850 6296704 126374
49101896 26149304 6308182 126910
49313710 26260827 6335815 127973
49526374 26373000 6378995 127973
49738111 26484720 6390523 129098
49950950 26596421 6422448 129098
50162934 26708184 6445460 129660
50375459 26820004 6461590 130204
50587602 26932457 6500608 130773
50799405 27044433 6516653 131332
51012662 27156969 6544229 131906
51224508 27269543 6583143 132477
51437275 27381577 6599207 133039
51649269 27494148 6638123 133619
51861593 27719366 6654221 134184
52073861 27719366 6693312 134756
52285646 27945046 6709330 135310
52499994 27945046 6736927 135884
52711942 28058076 6764355 136461
52924455 28171087 6791929 137040
53136168 28284024 6819243 137611
53348180 28396850 6846817 138177
53561505 28509085 6874283 138761
53772886 28621813 6901756 139329
53986949 28734559 6929185 139329
54200049 28847262 6956560 140456
54413656 28959904 6984200 141029
54626458 29072501 7011536 141597
54839268 29185076 7039097 141597
55052514 29297643 7066495 142167
55265839 29410622 7094235 142731
55480097 29523546 7121837 143296
55693436 29749186 7149466 143856
55907315 29749186 7177215 144399
56118375 29862384 7204598 144944
56329448 29974759 7232209 145475
56542497 30086502 7259582 146010
56755226 30198788 7287241 146534
56969425 30310602 7314767 146534
57182642 30423003 7342273 147582
57396476 30535453 7370095 147582
57609922 30647376 7397574 148116
57823281 30759859 7425705 148637
58037701 30871378 7453564 149170
58251277 31096809 7481884 149686
58465976 31096809 7509829 150221
58679729 31210100 7537784 150767
58894169 31322835 7565800 151297
59108412 31436064 7593833 151815
59323945 31549241 7621974 152326
59540309 31661752 7649951 152846
59756910 31774744 7678151 153356
59973338 31887207 7706156 153356
60189887 32000176 7734345 153865
60405589 32113114 7762286 154364
60621808 32226548 7790228 154878
60837798 32339397 7818143 155377
61054350 32452729 7846085 155887
61270177 32566012 7874226 156377
61488147 32679194 7902176 156890
61704095 32792284 7930411 157396
61921788 32905321 7958374 157396
62138917 33018305 7986586 158391
62356255 33131204 8014701 158891
62573702 33244017 8042830 159391
62790570 33356786 8071003 159391
63008514 33469522 8099024 159892
63225165 33582233 8127200 160381
63442517 33695464 8155165 160865
63659156 33808663 8183389 161361
63876110 33921248 8211357 161844
64094354 34034320 8239525 162320
64312272 34147358 8251305 162791
64530524 34260315 8279459 163266
64744545 34373164 8306982 163730
64959242 34484376 8334858 163730
65173211 34595530 8362370 164666
65384727 34705096 8389878 165156
65598029 34815747 8417323 165644
65813541 34927681 8461753 166136
66032534 35154957 8490127 166635
66252024 35270048 8518781 167130
66696741 35385946 8559535 167638
66921239 35502592 8588718 168141
67146676 35619882 8617774 168141
67373157 35737727 8647200 169145
67600772 35856659 8676632 169664
67828456 35975480 8706195 170184
68057839 36094634 8735730 170714
68286855 36214147 8765360 171229
68517429 36334551 8795186 171753
68747816 36455223 8824911 172285
68979112 36575539 8854817 172820
69209841 36695947 8884541 173347
69441376 36817010 8914540 173870
69672871 36938245 8944381 173870
69904926 37059623 8974509 174403
70138783 37181117 9004501 174925
70372630 37302695 9034775 175445
