118671 97850 16034 1388
261591 216527 25933 1388
428738 277938 46600 2665
514332 340466 61310 5136
719100 479392 85014 6466
829090 556499 110155 7844
1066123 638197 135413 7844
1201290 809303 145714 9190
1337531 897176 163884 9190
1475519 985702 190140 10470
1617246 1074690 209444 10470
1763990 1164066 228718 11668
2060457 1254339 248220 11668
2213657 1344901 268334 12816
2368811 1436191 300266 12816
2525867 1527663 321180 13888
2684950 1619270 329873 13888
2846259 1710469 363346 14887
3010339 1802902 393803 14887
3174857 1894953 415591 15841
3342728 1987554 437265 15841
3510797 2080208 459313 16729
3680820 2173408 481482 17563
3851479 2266589 503525 17563
4194437 2360230 525828 18362
4367616 2453781 548247 18362
4540397 2547751 570591 19108
4714973 2641628 593286 19108
4889143 2735914 615888 19812
5062513 2830070 638372 20506
5237867 2924032 661169 21162
5412598 3018358 683797 21162
5586696 3112553 706395 21814
5762770 3206589 729279 22437
5938054 3300478 751879 22437
6112806 3394751 774528 23051
6289445 3488881 797337 23634
6465105 3582830 819796 24218
6640369 3677175 842622 24790
6816571 3770894 865470 24790
6991519 3864979 888092 25345
7166390 3959474 910899 25891
7342219 4053317 920422 26428
7342219 4145988 955610 26428
7687992 4239041 964934 27477
7687992 4332068 1000794 27477
7861055 4425567 1023208 28005
8206313 4519004 1032635 28525
8206313 4611825 1055483 29030
8380355 4705089 1091016 29547
8725303 4798334 1100415 30064
8725303 4891518 1123075 30576
8898871 4984628 1145376 31100
9070501 5077666 1167835 31601
9244144 5171177 1190281 32126
9417310 5264127 1212478 32660
9589992 5356982 1234976 33176
9763608 5450351 1257372 33702
9936449 5543166 1279525 34241
10108411 5635882 1301956 34766
10281011 5729104 1324173 35307
10452582 5821788 1346236 35867
10622610 5914402 1368603 36411
10795052 6006996 1390719 36411
10966702 6100109 1412828 36950
11138435 6193196 1435482 37463
11312712 6286210 1457763 38001
11484902 6379159 1480069 38547
11657125 6472064 1502778 39074
11831786 6564916 1525156 39074
12005322 6657710 1547622 40103
12178849 6751002 1570466 40636
12352829 6844252 1592779 40636
12526851 6937428 1615365 41173
12874802 7030536 1638184 41689
12874802 7123536 1660651 41689
13224610 7216455 1683496 42690
13224610 7309855 1706236 43194
13399938 7403205 1728729 43194
13574673 7496456 1751581 43692
13923789 7589639 1774225 44182
14099588 7682726 1796811 44663
14099588 7775709 1810180 45121
14275915 7867249 1832614 45599
14447772 7958184 1854779 46091
14619164 8049210 1877181 46569
14791590 8140391 1899432 46569
14963454 8231699 1921778 47050
15135425 8323670 1944219 47509
15309742 8415713 1966598 47985
15482342 8507794 1989086 48472
15654967 8599917 2011504 48942
15829907 8692070 2033904 49413
16004063 8784242 2056598 49866
16178482 8876990 2079205 50332
16353547 8969254 2101689 50809
16527598 9061495 2124418 51272
16701877 9154317 2146988 51743
16876335 9247160 2169597 51743
17050091 9339955 2188467 52210
17224671 9432702 2214807 52663
17399050 9525957 2237517 53121
17572997 9618680 2247003 53572
17748972 9711340 2269867 54030
17923253 9804505 2305496 54495
18096918 9897622 2314885 54938
18272558 9990654 2337818 55418
18447527 10083632 2360353 55910
18621109 10176579 2382989 56386
18796738 10269480 2405645 56869
18971504 10362315 2428085 56869
19145980 10455635 2450719 57805
19321417 10548910 2473386 58278
19495961 10642104 2495830 58746
19670278 10735223 2518573 59221
19845253 10828285 2541089 59221
20019199 10921275 2563513 59699
20193316 11014202 2586299 60156
20369103 11107082 2608989 60627
20543147 11199916 2631500 61116
20717303 11292709 2654289 61590
20891540 11385478 2676918 61590
21065150 11478161 2699574 62508
21240511 11569608 2722056 62973
21412447 11660500 2744141 62973
21583846 11751497 2766398 63451
21756317 11841791 2788531 63910
21926765 11933164 2810539 64374
22098857 12025722 2833184 64824
22275552 12119341 2856140 65289
22630335 12213936 2879075 66273
22810605 12309411 2912232 66775
22991409 12405675 2935567 66775
23173319 12502627 2959119 67774
23358785 12600180 2983293 68327
23543583 12698248 3006993 68904
23727907 12796806 3031013 69467
23912974 12895815 3055181 70049
24098982 12995209 3079053 70628
24285176 13094922 3103432 71200
24472253 13194936 3127571 71785
24659230 13295209 3151665 72368
24846604 13395722 3176249 72952
25034346 13496452 3200458 72952
25222944 13597359 3224933 74093
25413460 13698422 3249618 74093
25603453 13901020 3274020 74668
25794232 13901020 3298883 75229
25984912 14104803 3323516 75798
26175696 14207076 3348248 76356
26367759 14309418 3373216 76909
26558887 14412339 3397786 77472
26750452 14514767 3422759 78020
26942044 14617145 3447565 78020
27133017 14720085 3472226 79104
27326617 14823026 3497535 79672
27518579 14925921 3522411 79672
27712070 15028269 3547623 80235
27906821 15131127 3572913 80780
28101743 15234562 3597904 81313
28296269 15337441 3623408 81833
28491582 15440774 3648605 81833
28685706 15440774 3673977 82362
28878546 15543652 3699143 82872
29071434 15645264 3723900 83382
29264761 15848422 3749228 83873
29458012 15950678 3774226 84374
29650940 16053020 3799333 84874
29843850 16155392 3824610 85367
30037397 16257763 3849629 85367
30232635 16360132 3875028 85845
30428588 16462513 3900233 86318
30624064 16564905 3925512 86793
30820368 16667876 3951026 87256
31015999 16770840 3976199 87725
31211494 16873739 4001758 88176
31409116 16976566 4027193 88647
31604574 17079349 4052571 89125
31800451 17182105 4078072 89597
31995860 17284794 4103303 90069
32191026 17387446 4128771 90525
32388627 17490067 4154154 90525
32585308 17592668 4179536 91446
32782301 17695251 4205062 91446
32979102 17797816 4230332 91907
33175211 17900921 4255826 92359
33372290 18004007 4281195 92810
33568538 18107033 4306551 93265
33765111 18210011 4332151 93709
33961455 18312915 4357414 94172
34157179 18415752 4383010 94619
34355126 18518545 4408404 95080
34551170 18621277 4433726 95553
34746995 18723974 4459312 96014
34942902 18826586 4484569 96488
35137985 18929154 4509953 96959
35333530 19031700 4535204 97430
35528375 19134227 4560401 97911
35723118 19236743 4585865 98377
35920046 19339268 4610993 98855
36116103 19441780 4636381 99331
36311215 19544290 4646978 99807
36506867 19544290 4686477 100289
36699389 19646784 4696855 100755
36892678 19747842 4722044 101239
37085242 19848908 4746809 101722
37278292 19950101 4771914 102201
37471293 20051429 4796854 102690
37663808 20152875 4821704 103178
37857268 20254427 4846916 103667
38050307 20356101 4871818 103667
38243676 20457860 4896952 104625
38438852 20559703 4922190 104625
38633735 20763597 4947233 105108
38829444 20866207 4972753 105575
39024660 20968854 4997945 106048
39219596 21071470 5023280 106508
39415390 21174046 5048642 106981
39610062 21276598 5073606 107481
39804888 21379150 5099069 107966
39999327 21482231 5124196 108455
40193619 21585142 5149541 108924
40391453 21687977 5175183 109418
40587386 21791298 5200428 109921
40783083 21894062 5226017 110417
40978524 21997292 5251232 110417
41173279 22100470 5276517 111392
41370386 22204114 5302108 111905
41566377 22307185 5327256 112448
41760846 22410144 5352616 112979
41955419 22513030 5377705 112979
42149146 22615860 5402828 113510
42345062 22719189 5428337 114548
42540189 22821964 5453447 114548
42733779 22924666 5478696 115102
42929434 23027884 5503786 115641
43123999 23130561 5528871 116185
43319045 23233706 5554310 117266
43512993 23233706 5579275 117266
43706213 23439364 5604392 117841
43900388 23542408 5618880 118403
44093317 23645988 5654322 118957
44286718 23645988 5654322 119486
44476331 23748913 5679608 120036
44664965 23850352 5704090 120617
44852853 23951757 5742621 121182
45042103 24154720 5767169 121750
45233871 24257859 5802770 122299
45430468 24362026 5828069 122871
45626485 24467126 5853652 123445
45824482 24573051 5879521 123445
46025080 24680156 5905472 124013
46228075 24788492 5932120 124559
46433578 24896791 5958671 125119
46638627 25006078 5985355 125688
46845102 25115254 6012223 126247
47051957 25225319 6039092 126800
47259640 25335165 6066373 127336
47680623 25445824 6093534 127886
47893590 25557187 6121019 128421
48106096 25668744 6148576 128421
48319035 25780963 6176128 128958
48532260 25892725 6203924 129479
48746581 26004962 6231605 130009
48963573 26117261 6259692 130527
49180805 26229589 6287472 131049
49397533 26342499 6315540 131552
49614496 26455407 6343529 132067
49830584 26568809 6371634 132570
50047510 26681660 6399684 133096
50263944 26794988 6427553 133611
50480117 26908268 6455698 134129
50696253 27021453 6483534 134644
50912163 27134567 6511725 134644
51128309 27247093 6539722 135156
51344996 27360114 6567791 136161
51561277 27472605 6595811 136161
51777395 27585613 6623782 136669
51995749 27698627 6651904 137163
52213107 27811581 6679789 137659
52431402 27924470 6708000 138141
52649379 28037745 6736191 138642
52866765 28150964 6764362 139135
53080733 28264373 6792055 139649
53294440 28376406 6819890 140155
53508776 28487807 6847714 140655
53723024 28599827 6875517 141154
53938488 28711963 6903553 141154
54153072 28824158 6931316 141647
54368680 28936937 6959454 142129
54584008 29049206 6987370 142607
54799551 29162011 7015552 143092
55016847 29274321 7043464 143570
55232296 29387158 7071541 144056
55450015 29499985 7099587 144529
55666931 29612769 7127441 145012
55884340 29725524 7155756 145492
56100624 29838146 7183795 145994
56318304 29951275 7212158 146484
56536290 30064367 7240224 146974
56753695 30177403 7268432 147467
56971895 30290378 7296507 147955
57188764 30403302 7324539 148453
57406023 30516170 7352577 148935
57622373 30629551 7380598 149436
57838953 30742362 7392330 149928
58055482 30855648 7436697 150429
58271510 30968911 7448422 150917
58488263 31082065 7492910 151409
58704077 31195114 7504692 151911
58920584 31308088 7532696 152408
59135910 31421008 7576799 152916
59351430 31533860 7588465 153407
59566720 31646620 7632787 153407
59781991 31759312 7644522 154397
59998243 31871981 7672797 154397
60213267 31984634 7700664 154899
60430550 32097242 7728815 155386
60645961 32209818 7756810 155884
60861685 32322384 7784792 156385
61077195 32434936 7812891 156881
61293805 32547477 7840749 157374
61293805 32659995 7868853 157857
61724774 32772508 7896344 158344
61724774 32883761 7924114 158821
62153290 32995573 7951668 159308
62153290 33106937 7979350 159778
62367926 33218897 8007153 160262
62796546 33330931 8034757 160751
62796546 33443001 8062627 161238
63225774 33555114 8090189 161721
63225774 33667236 8118139 162199
63655535 33779373 8145842 162689
63870619 33891542 8173634 163168
64085580 34003745 8201493 163168
64300281 34115950 8229246 163651
64516792 34228150 8257336 164120
64732690 34340345 8285000 164604
64948408 34452568 8313210 165084
65164307 34564821 8341010 165573
65380697 34677067 8369230 166538
65596609 34789307 8397199 166538
65812212 34901552 8425086 167037
66028048 35013804 8453041 167529
66243268 35126080 8480792 168024
66460664 35238353 8508910 169011
66676037 35350633 8536656 169011
66676037 35462922 8564581 169536
66891437 35575242 8592313 170055
67321290 35687553 8620135 170572
67537792 35799854 8648044 171074
67753809 35912161 8675762 171588
67970696 36024498 8703796 172091
68186357 36137426 8731407 172610
68402518 36250352 8759512 173111
68402518 36363204 8787250 173649
68617774 36476004 8815058 174219
68831506 36588751 8842762 174778
69258353 36701455 8870404 175338
69258353 36814061 8898235 175879
69473804 36927192 8925722 176447
69687937 37039785 8937253 177025
69901082 37152313 8953391 177590
70113877 37264786 8980485 178138
70322050 37374712 9007611 179275
70532078 37486190 9034856 182860
