46030 64019 12689 1109
107665 104412 25238 2252
260600 192512 31265 3382
329678 295268 52668 4531
484669 353244 73055 5723
575457 478743 87836 6857
779546 547012 102787 8077
885334 617840 117669 9331
993260 691572 142065 9331
1105146 844849 158364 10620
1346545 924559 182273 11840
1473317 1006332 199440 11840
1606298 1088777 217328 13014
1745604 1172235 235881 13014
2032235 1256634 265489 14114
2180460 1342468 285069 14114
2333191 1429657 304835 15134
2486836 1517494 333287 15134
2642250 1606429 354175 16114
2801930 1695308 375203 16114
2963090 1785718 396154 17029
3124944 1967411 417764 17029
3289898 2059059 439387 17883
3619954 2151426 460881 18713
3788013 2243383 482905 18713
3956012 2335899 504896 19498
4125274 2429007 526850 19498
4296007 2521587 549429 20235
4467599 2615239 571853 20235
4640146 2708893 594130 20939
4815336 2801935 617045 21606
4990435 2896040 639675 21606
5165223 2990464 662286 22271
5343479 3084226 685405 22899
5520665 3178342 708184 23526
5696057 3272891 730956 24139
5873287 3366796 753533 24744
6044576 3366796 775471 24744
6211512 3550935 797320 25336
6381312 3642417 819364 25906
6550548 3734433 841209 26484
6720117 3826610 863374 27047
6891805 3919030 885708 27608
7062979 4011946 907957 27608
7235939 4104313 930421 28696
7410180 4197198 952790 29254
7581532 4290112 974975 29254
7752874 4382998 997352 30376
7924134 4476406 1019569 30376
8094584 4569263 1041695 30939
8267033 4662556 1064159 32050
8439100 4755807 1086450 32050
8609117 4848501 1108633 32653
8781421 4941677 1131103 33233
8953388 5034849 1153283 33821
9124738 5127938 1175620 34400
9297166 5220944 1198153 34961
9468851 5313892 1220502 34961
9639971 5406802 1242934 35524
9813603 5500206 1265381 36067
9986621 5593565 1287665 36612
10159337 5686814 1310234 37139
10334536 5779472 1332837 37663
10507720 5872599 1355242 37663
10680976 5965730 1377960 38193
10858355 6058794 1400594 38699
11034401 6152334 1423205 38699
11211672 6245666 1446177 39686
11391052 6339434 1469078 40189
11567921 6433151 1492020 40189
11746091 6526622 1515146 40695
11925462 6620527 1538070 41184
12102699 6714875 1561003 41674
12281229 6808571 1570570 42143
12457847 6902593 1606897 42647
12633551 6996500 1616421 43163
12809903 7090270 1639294 43660
12985161 7183825 1662102 44158
13157213 7275961 1684337 44651
13329922 7367974 1706787 45136
13501919 7460027 1729123 45136
13674094 7552136 1751394 45626
13850121 7644859 1774114 46097
14024411 7738006 1796717 46580
14200144 7831107 1819335 47045
14378254 7923640 1842324 47506
14556396 8016522 1878364 47506
14734872 8109421 1887977 47967
14915049 8202833 1911259 48411
15095149 8296717 1934083 48853
15274321 8390005 1957305 49278
15451664 8483689 1980602 49712
15629706 8577859 2003511 50139
15808697 8670964 2026931 50566
15987913 8764440 2050081 50566
16165525 8858407 2073049 51405
16344953 8951755 2096635 51852
16522417 9045508 2119763 51852
16699646 9139195 2142874 52306
16880418 9232765 2166261 52743
17057916 9326756 2189242 53198
17236402 9420615 2212427 53641
17416443 9513819 2235612 54084
17594245 9607436 2258475 54535
17772175 9700973 2281625 54970
17949779 9794406 2304723 55422
18126462 9887723 2327547 55879
18303645 9980935 2350674 56320
18479973 10074045 2373643 56775
18655739 10167089 2396540 57225
18832554 10260083 2419644 57670
19008517 10353010 2442515 57670
19184231 10445868 2465458 58115
19362137 10539209 2488424 58541
19539191 10632496 2511195 58972
19716258 10725700 2534146 59404
19716258 10818841 2543762 59831
19894040 10818841 2579418 59831
20067190 10911900 2588791 60657
20240109 11002922 2611535 61086
20413481 11093854 2646888 61086
20586286 11184929 2656271 61950
20759803 11276157 2679233 62382
20931358 11367535 2701663 62382
21279403 11550806 2724336 63266
21456757 11644072 2761234 63712
21635542 11738360 2784770 64160
21817016 11833563 2808526 64160
21999625 11930158 2832350 64605
22184603 12027457 2856513 65047
22371818 12125318 2880686 65479
22559213 12223682 2904941 65922
22747422 12322506 2929471 66813
22937366 12421746 2953840 66813
23126669 12521908 2978510 67718
23317041 12621848 3003193 68192
23507519 12722019 3027870 68683
23697943 12823018 3052807 69164
23889751 12923740 3077458 69164
24082220 13025152 3102304 70124
24273705 13126729 3112657 70616
24465550 13228393 3151877 71136
24656556 13330147 3176953 71641
24848690 13431999 3201830 72155
25041704 13533926 3226774 72668
25234605 13635896 3237156 73178
25428512 13737910 3276603 73702
25621157 13839967 3286989 74221
25814146 13942061 3312033 74750
26006844 14044197 3351310 74750
26197762 14146355 3361677 75805
26391228 14248536 3386853 76338
26583895 14350755 3411680 76338
26776685 14453012 3436743 76868
26970123 14555302 3476372 77392
27162851 14657601 3486772 77899
27356618 14760462 3512064 78400
27549319 14862993 3537020 78904
27739157 14963683 3561675 79390
27931565 15064909 3586399 79390
28123440 15166275 3610972 80344
28315918 15267737 3635961 80848
28508073 15369270 3660805 80848
28699807 15470893 3685595 81368
28892948 15572609 3710710 81873
29085288 15674413 3735579 82377
29278145 15776265 3760701 82861
29472934 15878722 3785821 83354
29666254 15981241 3810905 83830
29861809 16083762 3836322 83830
30056847 16186277 3861442 84802
30251681 16288774 3886813 85287
30447434 16391247 3912056 85287
30642047 16493719 3937189 85780
30837398 16596204 3962684 86257
31032418 16698667 3988045 86734
31227252 16801112 4013517 87193
31424464 16904104 4038930 87661
31620717 17007072 4064230 88140
31815961 17109999 4089721 88619
32010790 17212891 4114976 89099
32205245 17315732 4140351 89563
32401900 17418518 4165673 90043
32597632 17521256 4190878 90524
32793600 17623976 4216284 91001
32989709 17726685 4241436 91001
33185118 17829368 4266859 91937
33381467 17932010 4292212 91937
33577051 18034630 4317370 92410
33772773 18137240 4343029 92871
33969464 18239855 4368420 93336
34165261 18342455 4394005 93786
34363121 18445599 4419628 94236
34560443 18548718 4445122 94701
34756501 18651267 4470818 95153
34954941 18754327 4496269 95153
35152489 18857939 4521884 95603
35350304 18960900 4547240 96039
35544481 19062219 4572241 96476
35738389 19164048 4597559 97351
35933604 19265474 4622656 97351
36127751 19367516 4647837 97797
36322403 19469638 4673031 98229
36517128 19571802 4698244 98672
36711777 19674012 4723730 99110
36907586 19775751 4748995 99555
37103930 19878072 4774380 99998
37299429 19980438 4799919 100426
37496355 20083346 4825287 100866
37692931 20186271 4851068 101292
37890402 20289169 4876548 101740
38088192 20392035 4902161 102185
38285971 20494859 4927805 102626
38484268 20597648 4953259 102626
38681702 20700420 4978966 103513
38879687 20803172 5004467 103513
39076861 20905904 5030041 103962
39273846 21008619 5040681 104845
39471346 21111290 5081026 104845
39667999 21213934 5091650 105294
39865277 21316575 5117299 105733
40061997 21419205 5142680 106178
40258349 21521806 5168116 106605
40456753 21624922 5193709 107065
40653124 21727512 5218989 107540
40849704 21830053 5244524 108005
41045922 21932587 5269818 108472
41241666 22035658 5295106 108920
41439687 22138722 5320697 109388
41635933 22241726 5346044 109865
41832420 22344179 5371638 110334
42028738 22447157 5397021 110803
42224620 22550697 5422374 111256
42422755 22653679 5448058 111722
42619986 22757102 5473330 112192
42816997 22860489 5498822 112660
43014032 22963285 5524219 112660
43210081 23066411 5549487 113582
43403968 23168282 5574620 114053
43596934 23270043 5599397 114536
43789068 23371872 5624426 115010
43983626 23473783 5649398 115010
44177333 23575743 5674329 115485
44371937 23677743 5699629 115945
44566218 23779775 5724604 116415
44760328 23881872 5749899 116881
44955623 23984011 5775160 117346
45149990 24086183 5800296 117812
45344937 24188375 5825695 118264
45539726 24291150 5850919 118734
45734158 24393436 5876212 119192
45930962 24496262 5901571 119663
46125927 24599113 5926725 120128
46321095 24701909 5952194 120587
46517509 24804659 5977437 121064
46712114 24907393 6002697 121529
46908959 25010118 6028039 122017
47103778 25112824 6053052 122525
47298278 25214991 6078401 123015
47494633 25317677 6103508 123543
47688826 25420394 6128678 124082
47883509 25522594 6153989 124608
48077414 25625331 6178952 125138
48271178 25728649 6204406 125648
48467407 25831424 6229682 126177
48661208 25934653 6254919 126719
48855122 26037864 6280151 127256
49048515 26141006 6305064 127256
49241372 26244066 6330304 128320
49436619 26347044 6355463 128861
49630663 26449927 6380457 129439
49823460 26552775 6405626 129439
50017625 26655596 6430659 129998
50211194 26758372 6441145 130553
50405818 26861090 6480948 131090
50599794 26963770 6506102 131633
50793609 27066430 6516610 132151
50988219 27169553 6556295 132151
51180350 27271478 6566704 133190
51373135 27373303 6592061 133708
51566591 27475180 6617086 133708
51759100 27577131 6642024 134237
51952791 27679155 6667580 134750
52148065 27781243 6692678 135262
52342736 27883354 6718081 135755
52537145 27986045 6743353 136257
52730950 28088766 6768495 136757
52926026 28191467 6793942 137259
53121382 28294157 6818992 137758
53315874 28396820 6844322 138243
53511860 28499449 6869662 138243
53707111 28602052 6894734 138742
53903078 28704655 6920397 139225
54099611 28807258 6945627 139716
54296052 28909823 6971106 140189
54493208 29012922 6996585 140674
54689223 29115488 7021849 141164
54884673 29217994 7047494 141642
55080725 29321060 7072758 141642
55276663 29424113 7098175 142580
55474824 29527079 7123699 142580
55672128 29629974 7149030 143501
55869833 29732827 7174765 143501
56067063 29835648 7200116 143967
56263643 29938413 7225585 144428
56461206 30041135 7251199 144881
56657858 30143811 7276520 145341
56854920 30246462 7302257 145787
57051848 30349661 7327698 145787
57248418 30452854 7353275 146664
57447127 30555963 7378948 147126
57643697 30658989 7404326 147589
57840498 30761946 7429995 148042
58038690 30864865 7455465 148042
58236379 30967726 7481042 148495
58434593 31070491 7506635 148935
58631830 31173157 7531994 149381
58829207 31275812 7557431 149810
59023542 31377294 7582366 150262
59217027 31478239 7607383 150712
59411420 31579258 7632441 151149
59603977 31680012 7657209 151606
59798555 31781889 7682802 152058
59996327 31884939 7708346 152521
60194889 31989676 7734216 152984
60395876 32095342 7760603 153444
60597944 32201210 7786827 153915
60801454 32415604 7813609 154373
61008818 32523980 7840358 154841
61216421 32632855 7867260 155295
61425602 32742116 7894359 155772
61634764 32851742 7921394 156261
61844716 32961164 7948841 156746
62266903 33071438 7976082 157236
62479299 33182017 8003554 157713
62691484 33292783 8031033 158198
62904479 33403732 8058605 158674
63117358 33514872 8086226 158674
63330250 33626150 8113714 159627
63544242 33738121 8141584 160111
63757746 33850193 8169177 160596
63972255 33962317 8196982 160596
64186309 34074491 8224673 161081
64400834 34186679 8252551 161559
64616581 34298883 8280439 162032
64831436 34411125 8308170 162513
65048820 34523419 8336238 162984
65266418 34635737 8364099 163460
65483569 34748059 8392236 163923
65701166 34860384 8420206 164394
65917623 34972719 8448392 164862
66134857 35085078 8476385 165337
66351818 35197433 8504341 165809
66568949 35309771 8532321 166283
66785279 35422113 8560142 166768
67002504 35534471 8588123 167244
67218920 35646826 8615947 167720
67435152 35758981 8643685 168181
67648248 35869821 8671116 168654
67861109 35980691 8698595 169131
68074583 36091723 8726093 169610
68287690 36202900 8753539 170090
68501848 36314203 8781182 170561
68715586 36425606 8808616 171042
68930101 36537140 8836461 171512
69144522 36649365 8864055 171512
69358927 36761137 8891907 172453
69573862 36873503 8919709 172929
69788372 36985945 8947360 173409
70003938 37098414 8975337 173889
70218781 37210881 9003033 174382
70433803 37322789 9031040 174866
70648282 37435259 9042693 178975
