111926 73191 7037 1232
233673 164586 23688 2350
299189 218690 38199 2350
442420 327106 60015 3475
630771 449770 75650 5740
736809 519489 92372 7090
845876 592273 108461 8469
957883 668831 132399 8469
1196378 828352 149349 9835
1320499 911031 176053 9835
1450255 994301 193907 11128
1724644 1079061 212355 12339
1866644 1163657 231002 12339
2010215 1250165 249959 12339
2158141 1337360 269845 13492
2309991 1425093 289869 13492
2462958 1513877 318585 14562
2618453 1603093 339462 14562
2777931 1693201 372414 15560
2937365 1783584 393593 15560
3260675 1874140 414895 16516
3425262 1965416 436215 16516
3590393 2057403 457887 17408
3760025 2149485 479649 18244
3929249 2241586 501400 18244
4098085 2425733 523400 19050
4269613 2518338 545473 19050
4441870 2610940 567527 19805
4613865 2704028 589852 20524
4786618 2797076 612145 20524
4959504 2890550 634355 21217
5132125 2983925 656854 21868
5306911 3077702 679277 21868
5480679 3171356 701671 22517
5654228 3264864 724328 23139
5828732 3358234 746877 23139
6002116 3451457 769425 23749
6176180 3545091 792046 24340
6350759 3638599 814396 24918
6525334 3731967 836883 25499
6698590 3825201 846241 26059
6871787 3918298 868986 26059
7043986 3918298 891134 26629
7212707 4011191 913072 27175
7381125 4102545 935002 27721
7549989 4193765 956499 28286
7718365 4285051 978591 28841
7887881 4376440 1000616 29398
8056838 4467906 1022290 29963
8225626 4559977 1044637 30503
8395447 4651601 1066896 31059
8564923 4743778 1088906 31619
8735190 4836014 1111267 32163
8905175 4927751 1133497 32163
9074408 5112291 1155579 32709
9245918 5205087 1178027 33229
9417205 5297881 1200218 33777
9588086 5390628 1222390 34332
9760064 5390628 1244912 34868
9931447 5483326 1267186 34868
10102435 5668495 1289489 35917
10275746 5668495 1312154 36466
10447331 5761502 1334478 36466
10618485 5946365 1356866 37022
10791709 6039304 1379311 37557
10964228 6132215 1401528 38096
11136384 6132215 1423983 38620
11309326 6225025 1446425 39142
11481389 6317743 1468693 39142
11653684 6502987 1491229 39660
11828242 6596106 1513689 40158
12001882 6689175 1536032 40655
12175544 6782147 1558699 41128
12351158 6875031 1581175 41638
12524803 6967830 1603691 42152
12698609 6967830 1626446 42646
12874109 7060561 1649039 42646
13048664 7245794 1671672 43140
13223582 7338856 1694694 43610
13398148 7431871 1717374 44108
13571976 7524806 1740089 44615
13746362 7524806 1749568 45104
13920137 7617666 1785042 45104
14090024 7710393 1807379 45586
14262070 7801304 1816755 46044
14433827 7892663 1852024 46521
14605634 7983605 1861362 46999
14778364 8074619 1883907 47464
14950330 8166311 1919135 47933
15122022 8258096 1928456 48389
15294812 8349871 1951072 48850
15468064 8441657 1986203 48850
15641380 8533466 1995554 49762
15815846 8625313 2018444 49762
15990612 8717747 2054116 50224
16165407 8809661 2063566 50676
16339669 8902067 2086531 51121
16514038 8994473 2109087 51570
16688480 9086840 2131776 52013
16863664 9179194 2154557 52460
17037749 9271526 2176951 52907
17212133 9364359 2199695 53336
17388032 9456646 2222513 53336
17563434 9548857 2245058 53769
17739336 9641612 2268094 54615
17914949 9734339 2290901 54615
18089908 9827564 2313499 55046
18265464 9920197 2336563 55461
18440481 10012718 2359302 55885
18615080 10105740 2382034 56314
18790514 10198742 2405068 56735
18965356 10291164 2427748 56735
19139644 10384050 2450494 57561
19316265 10476877 2473421 57995
19491034 10570169 2496069 58447
19665381 10662892 2518811 58887
19840587 10755517 2541587 59339
20014710 10848107 2564096 59339
20188839 10940621 2586821 60227
20365116 11033077 2609499 60227
20540439 11125478 2632063 60667
20715872 11217850 2654812 61101
20891195 11310752 2677159 61533
21062393 11403535 2699257 61967
21233574 11494235 2721554 62831
21233574 11584814 2734302 63284
21404590 11675486 2756344 63761
21574122 11766316 2778408 64226
21911984 11856559 2809448 64703
22083319 11947833 2831836 65170
22259075 12133684 2854765 65645
22435145 12228066 2877553 66146
22612088 12323289 2900723 66648
22791430 12419282 2924113 67155
22971217 12515908 2947313 67677
23151620 12613127 2971022 68176
23335846 12711447 2994864 68723
23519020 12809711 3018551 69298
23702636 12908362 3042678 69850
23889784 13007971 3066790 69850
24076715 13107929 3091059 70935
24264617 13208132 3115508 71478
24452964 13308554 3139805 71478
24641188 13409175 3164361 72021
24830887 13509971 3188857 72561
25020153 13610910 3213333 73102
25209665 13711977 3238158 73621
25401945 13813716 3262786 74147
25594509 13915570 3287841 74662
25786547 14017465 3312815 75188
25978251 14119379 3337540 75701
26170974 14221326 3362780 76211
26363786 14323292 3387675 76211
26558139 14425272 3412656 76724
26751976 14527278 3437762 77222
26947367 14629315 3462831 77720
27142182 14731358 3488378 78199
27336639 14833991 3513631 78687
27531354 14937202 3538995 79171
27922026 15039860 3564412 79654
27922026 15142410 3589615 80130
28117790 15245446 3614919 80601
28313025 15347908 3639891 80601
28507783 15450488 3664763 81542
28698849 15551404 3689645 82021
28889708 15651783 3714399 82021
29080888 15752830 3739291 82501
29271674 15854036 3764159 82969
29462711 15955346 3789072 83443
29654933 16056729 3814206 83898
29849756 16158776 3839182 84372
30044067 16260367 3864462 84828
30238651 16362523 3889664 85289
30433921 16464713 3914868 85755
30628500 16566902 3940203 86214
30823666 16669093 3965329 86214
31213058 16771259 3990631 86673
31410022 16873400 4015842 87114
31606200 16976089 4041138 87564
31802635 17078250 4066566 88013
31802635 17180363 4091793 88463
32194442 17282476 4117139 88913
32194442 17384565 4142382 89352
32390839 17487213 4167611 89798
32586358 17589868 4193130 90229
32782235 17692487 4218370 90672
32978052 17795054 4243842 91108
33173498 17897549 4269247 91543
33369563 17999986 4294598 91543
33564868 18102376 4320096 91985
33760459 18204738 4345386 92416
34151932 18307059 4370828 92847
34349456 18409358 4396187 93262
34546275 18512191 4421581 93687
34743147 18614983 4432244 94121
34940687 18717185 4472472 94552
35137142 18819326 4497962 94984
35137142 18921462 4508592 95402
35334274 19024151 4548700 95835
35726834 19126834 4559341 96272
35726834 19229467 4584836 96706
35923892 19332062 4610144 97140
36119846 19434542 4635448 97560
36316001 19535596 4660588 97992
36508822 19636586 4685367 98430
36701369 19737684 4710413 98865
36895197 19838888 4735346 98865
37088384 19940166 4760286 99727
37281945 20041493 4785536 100165
37475437 20142880 4810467 100607
37668715 20244343 4835614 101047
37863035 20345876 4860675 101047
38056598 20447452 4885651 101928
38250236 20549060 4910978 102379
38444530 20650708 4936003 102848
38638164 20752403 4961166 103308
38832217 20854141 4986255 103308
39025789 20956461 5011190 103768
39219315 21058276 5036543 104680
39415174 21160619 5061662 104680
39610258 21263003 5086866 105174
39804345 21364827 5112131 105657
39998240 21467074 5137235 106141
40194029 21569852 5162796 106605
40587921 21672598 5188268 107081
40785784 21775725 5213863 107557
40785784 21878757 5239479 108030
40983670 21981689 5264912 108508
41180514 22085093 5290594 108974
41376861 22187893 5315966 109452
41573167 22291727 5341549 109937
41769196 22394981 5366933 110421
41965336 22498629 5391983 110924
42160246 22601640 5417620 111407
42355921 22704491 5442886 111921
42550504 22807810 5468149 112458
42743733 22910547 5493378 112980
42939202 23013724 5518514 113510
43133245 23116832 5543876 114020
43327534 23219817 5569025 114580
43520943 23322695 5594097 115168
43712588 23424977 5604547 115721
43906677 23527697 5643905 115721
44099960 23628765 5654235 116266
44290121 23729701 5679211 116790
44480191 23830716 5703903 117328
44668736 23932418 5728656 117867
44859743 24033708 5753645 118400
45050370 24135027 5778039 118926
45239291 24235482 5802962 119437
45432672 24337572 5842732 119965
45627115 24440821 5853268 120477
45824162 24545072 5894166 120477
46222294 24650162 5920395 121512
46425970 24755990 5946664 121512
46628984 24863103 5973125 122039
46835073 24970277 5999821 123082
47041784 25078536 6026446 123082
47248766 25295881 6053386 123612
47457656 25405355 6080205 124127
47666101 25515173 6107302 124650
47875864 25625258 6134388 125162
48085354 25735549 6161509 125681
48295158 25846009 6188933 126184
48505626 25956624 6216123 126699
48715910 26067403 6243656 127208
48927452 26178317 6270944 127728
49138315 26289323 6298503 128233
49351267 26400977 6325991 128738
49564118 26512727 6353474 128738
49777160 26624511 6381127 129242
49991413 26736313 6408586 129740
50204728 26848145 6447966 130235
50418947 26959973 6463923 130725
50632209 27071805 6503241 131226
50846070 27183674 6519297 131715
51059731 27295564 6546930 132210
51273258 27407444 6574817 132687
51489252 27519335 6602394 133182
51704543 27631246 6642061 133666
51920548 27743167 6658127 134164
52135810 27855089 6697736 134653
52350368 27966710 6697736 135133
52562698 28077269 6741152 135633
52773647 28187350 6752560 136122
52987062 28298180 6795842 136122
53199788 28409191 6807285 137102
53412588 28520325 6851274 137102
53625903 28632129 6862913 137599
53839733 28743522 6890783 138084
54053726 28855513 6918590 138580
54267208 28967543 6946324 139064
54481761 29079545 6974160 139553
54695538 29191557 7001823 140046
54910096 29303595 7029704 140536
55124021 29415630 7057404 141025
55338353 29527639 7085249 141502
55553956 29639611 7112968 141980
55769671 29751589 7140765 142451
55986342 29864157 7168582 142451
56201789 29976189 7207907 143396
56417811 30088738 7224275 143895
56632892 30200740 7252030 144388
56848369 30313254 7280086 144883
57063792 30425779 7307822 145377
57278683 30538233 7335792 145866
57494327 30650618 7363563 145866
57709156 30762971 7403025 146356
57924944 30875288 7419406 146833
58140031 30987567 7459117 147313
58355307 31099801 7475498 147782
58570424 31212002 7503419 148257
58785282 31324176 7531470 148721
59002576 31436285 7559363 149197
59217529 31548346 7587267 149656
59434490 31660959 7615170 150136
59650768 31773051 7643005 150613
59867533 31885532 7671102 151090
60084975 31998573 7699070 151562
60302057 32111558 7727191 152032
60519639 32224422 7755132 152032
60736263 32337207 7783162 152507
60953426 32449826 7811072 152974
61166951 32561067 7838795 153442
61380580 32672241 7866509 154381
61593633 32783478 7894050 154381
61806609 32894785 7921695 155360
62020457 33006170 7949166 155360
62233456 33117608 7976772 155852
62447294 33229086 8004274 156332
62660496 33340610 8031885 156824
62874422 33452196 8059652 157302
63088005 33563827 8087288 157799
63301211 33675480 8115137 158788
63515205 33787154 8142843 158788
63729192 33899311 8170672 159312
63944086 34011509 8198329 159824
64158199 34123681 8226120 160339
64372757 34235826 8253952 160839
64586986 34347947 8281696 161353
64800748 34460076 8309684 161862
65015328 34572195 8337368 162382
65228853 34684284 8365341 162891
65443171 34796330 8393034 163401
65656664 34908366 8420835 163920
65870700 35020408 8448646 164430
66084500 35132451 8476371 164945
66298102 35244484 8504309 165442
66514181 35357082 8531993 165965
66728022 35469158 8559947 166476
66943768 35581758 8587611 166476
67160079 35694792 8615617 166991
67376228 35807733 8643450 167489
67593235 35920569 8671408 167998
67809932 36033329 8699461 168508
68026241 36146019 8727222 169017
68242428 36259173 8738851 169518
68458162 36371717 8783240 170016
68673868 36484715 8794971 170536
68889681 36597146 8822995 171043
69105161 36710045 8850877 171559
69320230 36822897 8878668 172057
69535660 36935598 8906572 172565
69745552 37046827 8933975 173106
69957501 37157471 8961351 173639
70167450 37268802 8988325 174738
70377227 37380158 9015602 175307
70377227 37491495 9027012 177775
70585321 37491495 9042654 179975
