23965 51053 14868 0
109973 119054 18452 1911
222743 207892 32572 2922
359600 259550 52926 3975
434617 371908 73263 5085
610581 432850 88243 6135
712609 497676 103350 8675
815657 637063 118259 8675
1030417 710902 133326 10013
1143391 787406 149309 11294
1262866 865649 175032 11294
1513423 946012 191920 11294
1648347 1110622 217040 12526
1789447 1193960 235457 13677
1932018 1278790 264899 13677
2077828 1364496 284702 14773
2227248 1450925 304609 14773
2533021 1538561 324750 14773
2689795 1626788 345383 15793
2849936 1716048 366158 16747
3009994 1805700 386984 16747
3170830 1896190 417031 17658
3335067 1986930 438413 17658
3500266 2078391 459735 18509
3666159 2170019 481636 18509
3835350 2262293 503475 19308
4003957 2354629 525332 19308
4172782 2446954 547517 20076
4344086 2539815 569683 20076
4514726 2632652 591769 20800
4687031 2726003 614379 21483
4860532 2819317 636769 21483
5033927 2913065 659084 22145
5207567 3006701 681899 22769
5382896 3100723 704422 22769
5557368 3194619 726969 23389
5732126 3288369 749914 23980
5906818 3381985 772471 24572
6080492 3475465 795182 25133
6255895 3569342 818097 25712
6428745 3663101 840376 25712
6598357 3756198 862361 26293
6768387 3847835 884409 26856
6938176 3939389 906253 27414
7107464 4030988 928431 27950
7278935 4123169 950549 28514
7448593 4215413 972300 29097
7617521 4307688 994544 29665
7788865 4399981 1016649 30231
7959876 4492848 1038606 30231
8130707 4585719 1061030 31333
8302873 4678041 1083292 31889
8474038 4770837 1105368 32457
8644674 4863665 1127779 33014
8816246 4955969 1149881 33014
8987758 5048796 1171904 33580
9159047 5141620 1194669 34119
9331560 5234389 1216969 34692
9502903 5327112 1239279 35274
9674006 5419806 1261909 35830
9847596 5513005 1284247 35830
10020353 5606164 1306710 36383
10193171 5699220 1329408 36909
10369343 5792754 1351885 37463
10543341 5886060 1374508 38024
10717116 5979276 1397097 38564
10892741 6072957 1419498 38564
11242607 6166533 1442266 39096
11242607 6259958 1465036 39602
11420328 6353270 1487688 40108
11596443 6447050 1510668 40594
11774211 6540268 1533471 40594
11950312 6633912 1556274 41098
12125597 6727448 1565853 41587
12303061 6820351 1602181 42066
12654329 6913666 1625058 42550
12654329 7006953 1634634 43014
12833262 7100147 1670798 43014
13187397 7193803 1693959 43478
13187397 7287365 1703608 43919
13366926 7380797 1726570 44388
13541095 7474065 1749013 44852
13715150 7565699 1771783 45300
13893055 7657273 1794297 45300
14068780 7749439 1816795 46182
14245672 7841685 1840024 46655
14423394 7934349 1862880 46655
14600358 8027445 1885781 47604
14777744 8120530 1909070 47604
14954564 8213568 1931921 48077
15130524 8306510 1955025 48534
15307260 8399904 1978135 48996
15483211 8492735 2000957 49465
15658730 8585486 2023978 49916
15836386 8678758 2046848 49916
16013205 8771990 2069575 50811
16189832 8865129 2092803 51255
16367354 8958195 2115706 51255
16543938 9051188 2138538 51707
16720517 9144140 2161799 52140
16900795 9237046 2184757 52583
17078096 9329904 2207781 53017
17256544 9423251 2230922 53451
17434656 9516551 2253597 53904
17610803 9609782 2276670 54356
17787261 9702440 2299634 54804
17963198 9796169 2322302 55255
18138590 9889869 2345434 55687
18315834 9982919 2368342 56141
18493544 10076399 2391011 56613
18669860 10169830 2414133 57069
18846823 10263173 2436932 57069
19023890 10356409 2459735 57526
19200867 10449528 2483041 58425
19378542 10543096 2505926 58425
19555047 10636081 2528815 58905
19731397 10728968 2538433 59368
19908158 10822356 2574514 59848
20083655 10915191 2584027 60323
20259546 11007922 2607013 60780
20436324 11101097 2620221 61238
20608019 11192469 2642579 61717
20779863 11283245 2664925 62186
20951419 11374670 2687128 62664
21122235 11465727 2709222 63133
21294092 11557408 2731556 63600
21463572 11649204 2753634 64089
21634457 11740175 2775780 64583
21808427 11832163 2798424 65074
21983834 11925868 2844026 65572
22160399 12020546 2853680 66052
22341081 12116040 2877165 66562
22522245 12309170 2900417 67099
22702933 12406688 2924021 67622
22886938 12504721 2961355 68165
23069775 12603207 2971250 68686
23255297 12702103 3009436 69219
23629111 12801385 3033749 69219
23817593 12901023 3058357 69747
24006231 13001550 3082774 70263
24195118 13102323 3107540 70777
24386956 13203265 3132193 71275
24578476 13304357 3156836 71780
24770360 13405594 3181982 72271
24962688 13506967 3206853 72776
25154659 13608450 3231912 73265
25347684 13710567 3257087 73754
25540122 13812753 3282154 73754
25732719 13914983 3292621 74735
25927687 14017226 3332388 74735
26120731 14120053 3357585 75228
26315800 14222359 3368084 75704
26510560 14324613 3407918 76196
26704962 14427444 3418407 76693
26900408 14529780 3443824 77180
27094873 14632615 3483550 77669
27289534 14735431 3494042 78138
27484177 14838185 3519678 78629
27678405 14940917 3544865 79117
27873741 15043634 3570321 79603
28067525 15146001 3595439 79603
28258360 15246882 3620160 80549
28450959 15348301 3645197 80549
28642866 15449857 3669791 81033
28834707 15551498 3694926 81512
29027707 15653219 3720039 81984
29222216 15754982 3744981 82441
29416713 15856788 3770427 82897
29611586 15958639 3795525 83356
29807314 16060565 3820857 83805
30002781 16163110 3846148 83805
30197756 16265152 3871291 84696
30394975 16367719 3896820 85163
30590216 16470294 3921996 85163
30785796 16572868 3947321 86090
30982815 16675426 3972655 86090
31179134 16777923 3997806 86551
31375966 16880382 4023319 86998
31571923 16982813 4048581 87452
31767965 17085225 4073952 87902
31964644 17187634 4099345 88357
32160249 17290016 4124548 88812
32356363 17392381 4149986 89256
32551879 17494726 4175276 89713
32747229 17597087 4200566 90163
32943697 17699472 4225993 90616
33139018 17801852 4251225 91075
33334806 17904225 4276619 91521
33530063 18007129 4301886 91521
33725051 18109517 4327190 92423
33922624 18212418 4352607 92423
34118345 18315315 4377832 92878
34315640 18418145 4403408 93319
34512861 18520900 4428782 93764
34709580 18623610 4454157 94217
34907244 18726310 4479742 94659
35103974 18828948 4505035 95105
35300610 18931532 4530615 95534
35497176 19034625 4556038 96001
35693234 19137179 4581411 96471
35889785 19239643 4606933 96928
36082849 19340749 4631841 97393
36275697 19441812 4657052 97840
36469150 19543546 4682230 98300
36662363 19644884 4707425 98769
36856519 19746301 4732743 99226
37050455 19848387 4757916 99226
37244440 19950550 4783293 99687
37440787 20052708 4808550 100133
37636274 20154870 4833776 101045
37832097 20257071 4844352 101506
38026480 20359314 4884206 101506
38220320 20462126 4909708 102430
38416624 20564434 4934981 102907
38611034 20666698 4960245 102907
38806595 20769417 4970839 103879
39003778 20872150 5011205 103879
39198835 20975390 5021827 104840
39395661 21078055 5047406 105352
39590206 21181789 5072616 105352
39784308 21285005 5097559 106425
39978845 21388095 5123036 106425
40172370 21491674 5148053 106959
40367910 21595150 5173367 108009
40561617 21698501 5198548 108009
40754870 21801747 5223491 108554
40951836 21904777 5249013 109082
41147533 22008282 5274173 109617
41343495 22111716 5299517 110132
41538879 22215038 5324813 110671
41732500 22318264 5349894 111229
41928263 22421426 5375258 111772
42123947 22524499 5400202 112321
42318272 22627471 5425354 112847
42512387 22730914 5450591 113395
42707257 22833788 5475499 113940
42902015 22936581 5500847 113940
43097121 23039898 5525930 114471
43293536 23143156 5551106 114994
43490405 23245806 5576552 115501
43686424 23348861 5601692 116000
43879652 23450690 5626849 116485
44073277 23553019 5651767 116485
44267192 23655395 5676718 116972
44463460 23757251 5702137 117441
44658904 23859659 5727164 117919
44855056 23962138 5752605 118384
45050838 24064102 5777954 118857
45246142 24166599 5803196 119326
45442292 24269118 5828664 119790
45637774 24371623 5853823 120254
45833816 24474112 5879266 120704
46029731 24576597 5904746 120704
46225166 24679594 5930104 121155
46423020 24782542 5955808 121590
46619772 24885433 5981118 122045
46816776 24988276 6006646 122500
47014006 25091082 6032073 122952
47210464 25193827 6057416 123403
47407846 25296525 6083111 123842
47604081 25399181 6108401 124297
47800381 25501799 6133993 124744
47996915 25604415 6159501 125194
48192687 25707000 6184892 125642
48389073 25809544 6210482 126085
48584562 25912058 6235702 126543
48780069 26014581 6261215 126993
48976473 26117106 6286659 127449
49171970 26219620 6312004 127898
49368098 26322645 6337579 128339
49563714 26425631 6362933 128339
49759364 26528554 6388435 128786
49957716 26631430 6413976 129219
50153696 26734225 6439377 129664
50351409 26836969 6465094 130093
50548782 26939609 6490491 130537
50745802 27042211 6516028 130985
50943810 27144794 6541508 131424
51140668 27247365 6566864 131867
51337634 27349906 6577527 132294
51337634 27452918 6603157 132733
51728193 27554707 6628086 133183
51922888 27655942 6653397 133628
52117671 27757648 6693155 133628
52312793 27859979 6703718 134507
52507971 27962349 6729441 134952
52702819 28065271 6754663 135415
52898421 28167684 6780071 135869
53093460 28270604 6805356 135869
53288507 28373001 6830558 136329
53485678 28475327 6856370 137223
53680977 28578206 6881779 137223
53876742 28681096 6907291 137686
54072126 28783960 6932758 138142
54267210 28886757 6958016 138602
54464486 28989502 6983741 139048
54660899 29092188 7009103 139503
54857709 29194855 7034696 139951
55054199 29297491 7060185 140402
55250207 29400075 7085522 140849
55446838 29502601 7111126 141291
55643747 29605085 7136319 141742
55839740 29707558 7161797 142183
56035651 29810034 7187239 142638
56232168 29912488 7212427 143091
56428220 30014900 7238030 143538
56624466 30117293 7263224 143998
56820792 30219698 7288557 144446
57017453 30322674 7313930 144904
57213245 30425133 7339081 145362
57409720 30527529 7364528 145814
57605348 30630461 7389656 146280
57800847 30732873 7414896 146738
57997235 30835791 7440228 147200
58193528 30938576 7465431 147661
58390386 31041848 7490948 148117
58586368 31145072 7516162 148589
58781805 31247703 7541403 149057
58978402 31350817 7556170 149526
59173949 31453916 7591944 149526
59173949 31556851 7606459 149991
59369886 31658152 7631351 150907
59562119 31757908 7655989 151390
59751944 31858743 7680807 151872
59944937 31960841 7705634 152371
60335177 32064080 7741635 152853
60533205 32168942 7767253 153372
60732131 32274139 7792879 153916
60933572 32380091 7819116 154447
61135674 32487368 7845198 154981
61339400 32595270 7871720 155499
61544473 32703672 7898325 155499
61749759 32812532 7924918 156545
61958607 32921807 7952069 156545
62167582 33031450 7978940 157073
62377670 33141398 8006367 157580
62588214 33252183 8033594 158110
62798705 33362679 8060976 158642
63010772 33473361 8088408 159173
63221921 33584236 8115707 159704
63434017 33695258 8143293 160223
63645652 33806973 8170595 160755
63857762 33918823 8198218 161275
64070521 34030740 8225647 161799
64282848 34142704 8253204 162306
64497812 34254694 8280861 162824
64712083 34366711 8308429 163335
64926988 34478780 8336256 163858
65141284 34590894 8363711 164373
65355606 34703582 8391577 164888
65570241 34815740 8419143 164888
65785744 34928432 8446954 165398
66001381 35040632 8474913 165901
66217258 35152805 8502755 166395
66432713 35378336 8530857 166886
66647561 35378336 8558648 167384
66862544 35604373 8586799 167874
67077870 35604373 8614629 168365
67293969 35717587 8642697 168842
67511004 35830231 8670704 168842
67727636 35943338 8698603 169795
67941353 36056183 8726242 170299
68155033 36167737 8753596 170791
68369322 36279247 8781431 171284
68583990 36390294 8808992 171782
68798429 36502002 8836802 172275
69012808 36613853 8864527 172275
69227220 36725766 8892279 172772
69442390 36837697 8920012 173256
69656869 36950232 8947657 173751
69871752 37062283 8975632 174232
70086850 37174893 9003306 174726
70301486 37287511 9031333 175201
70518579 37400084 9043116 178717
