324545 155733 28031 1713
463784 242694 49511 3359
608190 432167 82853 5143
914169 533684 105584 6982
1081975 639472 128733 6982
1256161 748442 163152 8741
1627253 976369 203225 8741
1821867 1093930 229427 10398
2026265 1213219 256693 10398
2234671 1334036 284192 11947
2449037 1456853 312669 11947
2893364 1580880 353804 13395
3121922 1706500 400682 13395
3351867 1833596 430726 14748
3586282 1961406 461336 14748
3821743 2090381 491967 14748
4060585 2219801 523316 16016
4302072 2349552 554606 17201
4545312 2480229 586551 17201
4790683 2611193 618327 18318
5036670 2742943 650644 18318
5283468 2874828 682802 19372
5532229 3007381 715474 19372
5781683 3139994 746929 20331
6020021 3267858 759963 21228
6252942 3392832 790468 21228
6479113 3515414 807533 22108
6479113 3634633 836942 22108
6702094 3634633 865415 22937
6919153 3751301 893617 22937
7133594 3865299 905246 23710
7343099 3977361 932422 23710
7549575 4087299 948166 24459
7751955 4195806 974674 24459
7952536 4302600 1000834 25171
7952536 4302600 1026778 25839
8150876 4407816 1052121 25839
8347386 4511645 1077797 26493
8543001 4614761 1088420 27111
8736796 4716772 1127917 27111
8928578 4817739 1138317 27715
9120640 4918300 1163218 28287
9310229 5018043 1187658 28851
9498970 5117016 1212219 28851
9686051 5215832 1236366 29391
9872645 5314030 1260379 29921
10059118 5411628 1284671 30429
10243840 5508672 1308520 30429
10427885 5605237 1332471 30935
10613196 5701920 1356340 31419
10796786 5798197 1379926 31899
10979930 5894070 1403815 32360
11161930 5989564 1417483 32827
11343040 6084748 1450836 33290
11524532 6179665 1464627 33747
11704766 6274338 1487986 33747
11884212 6368762 1511354 34205
12065397 6463513 1534654 34643
12245522 6558068 1557876 35083
12425343 6652422 1581326 35514
12605500 6746592 1604624 35945
12784383 6840578 1627725 35945
12963025 6934389 1651062 36385
12963025 6934389 1660773 37238
13141707 7028292 1683873 37238
13316540 7120483 1706444 38110
13491603 7212515 1729303 38566
13665827 7304578 1751735 38566
13838273 7396634 1774227 39041
14013218 7488727 1797035 39496
14187632 7580862 1819502 39958
14361853 7673054 1842273 40417
14537027 7765304 1865042 40873
14711429 7857601 1887521 41332
14885609 7949903 1910366 41770
15062057 8042761 1933166 42234
15236614 8135643 1955687 42719
15411014 8320901 1978571 43186
15587666 8414368 2001153 43664
15762170 8414368 2023689 44144
15936536 8600595 2046552 44614
16112210 8600595 2069054 45097
16285902 8693858 2091485 45608
16459752 8879305 2114315 46105
16633492 8879305 2136714 46609
16806219 8972522 2159298 47106
16979594 9065710 2181932 47601
17152548 9158819 2204244 48110
17324837 9251865 2226826 48616
17497885 9344867 2249286 49123
17670406 9437838 2271571 49123
17842313 9530757 2294194 50119
18016656 9623620 2316711 50632
18191386 9716429 2338966 50632
18364431 9809216 2361676 51174
18538500 9901981 2384231 51693
18712810 9994727 2406780 52212
18887098 10087421 2416229 52703
19062450 10180639 2452521 53223
19236879 10273847 2475243 53747
19411361 10367001 2484728 54252
19588333 10460103 2520801 54252
19763911 10646139 2530337 54761
19939712 10646139 2553397 55243
20115277 10739489 2576218 55734
20287109 10830933 2598491 56237
20459252 10922306 2621093 56723
20631472 11014343 2643454 56723
20803135 11106476 2665762 57210
20976905 11198644 2688564 57675
21150581 11290809 2711035 58157
21324118 11383009 2733571 58639
21498716 11475251 2756504 59104
21673126 11568076 2779116 59104
21847309 11660910 2801867 59566
22023817 11753694 2824970 60008
22199621 11846424 2847668 60459
22375168 11939134 2870655 60907
22551704 12031841 2893656 61351
22727298 12124527 2916325 61798
22902975 12217189 2939415 62225
23080960 12310382 2962338 62658
23258000 12403554 2985164 62658
23435365 12496669 3008370 63082
23613445 12589727 3031242 63504
23790451 12683255 3054228 63924
23967715 12776203 3077528 64330
24144556 12869578 3100362 64754
24320854 12962907 3123326 65188
24497837 13056366 3146464 65610
24673823 13149381 3169187 65610
24849387 13242831 3192378 66440
25027153 13335704 3215511 66881
25203047 13429016 3238300 67335
25378554 13522299 3261423 67771
25556351 13615508 3284444 67771
25733437 13708647 3307341 68215
25910331 13801702 3330499 69084
26087691 13894666 3353325 69084
26265272 13987551 3376197 69531
26441441 14080379 3399264 70421
26617932 14173181 3421913 70421
26794521 14265953 3444809 70869
26970149 14358683 3454428 71296
27146500 14451876 3467649 71735
27319179 14543031 3499117 72190
27491025 14633328 3521585 72628
27664612 14725310 3557135 73072
27839891 14912600 3580212 73519
28017820 15007646 3603377 73965
28377364 15103504 3626685 74418
28377364 15200103 3650543 74858
28745671 15297362 3674290 75322
28932028 15395187 3698380 75775
29120205 15493485 3722735 76225
29308279 15592235 3747021 76687
29497659 15691410 3771573 77134
29687845 15791533 3796209 77134
29877930 15891455 3820829 78042
30069234 15992173 3845701 78501
30259928 16093135 3870392 78987
30450791 16193761 3895132 79472
30643131 16294551 3919981 79957
30834658 16395525 3944640 80457
31026529 16496654 3969587 80940
31218165 16598475 3994449 81438
31409602 16699926 4019262 81962
31602287 16801459 4044201 82476
31794248 16903094 4068892 82996
31986451 17004802 4093916 83496
32178861 17107138 4118902 84013
32370918 17209540 4143879 84547
32564005 17311463 4168980 85068
32756456 17413965 4193896 85068
32948959 17516507 4219124 85589
33143856 17619043 4244200 86093
33336595 17721571 4269185 86613
33531203 17824112 4294378 87129
33725643 17926662 4319273 87645
33919741 18029763 4344593 88158
34114959 18132345 4369763 88658
34309498 18234865 4394899 89163
34504369 18337396 4420469 89649
34698835 18440505 4445697 89649
34890210 18543841 4470868 90135
35083739 18645256 4481326 91096
35275592 18747129 4520535 91096
35467800 18849118 4530946 91599
35662630 18950667 4570630 92089
35856538 19052826 4595655 92581
36051095 19155074 4606132 93055
36245370 19257340 4645798 93055
36439733 19359648 4671344 93992
36636855 19461997 4696670 93992
36831928 19564918 4722043 94471
37028628 19667832 4732615 94941
37225133 19770691 4772762 95410
37421301 19873509 4783332 95883
37618446 19976315 4808842 96347
37814383 20079071 4848784 96817
38010420 20181764 4859345 97268
38206463 20284977 4899442 97742
38402159 20387654 4910020 98211
38599027 20490274 4935590 98673
38795106 20593441 4975674 98673
38991281 20696601 4986331 99135
39188855 20799692 5026726 99584
39386124 20902716 5037372 100474
39584093 21005711 5063032 100474
39779955 21108649 5088396 100949
39975689 21211536 5113829 101423
40173228 21314373 5139443 101889
40370972 21417169 5164602 102362
40568124 21519946 5190256 102821
40765648 21622690 5215677 103291
40963031 21725387 5241056 103749
41159883 21828061 5266819 104213
41356816 21930726 5292149 104687
41554272 22033365 5317701 105146
41751279 22136572 5343183 105146
41947929 22239251 5368564 105614
42146657 22342401 5394339 106061
42344698 22445530 5419760 106518
42543016 22548607 5445461 106968
42740872 22651579 5470752 107410
42934433 22752600 5495757 107856
43128665 22853542 5521069 108291
43322170 22954606 5546054 108735
43516275 23055830 5571403 109170
43708123 23157197 5596556 109610
43901379 23258517 5621638 110057
44097855 23360366 5647298 110499
44295727 23463293 5672938 110953
44495551 23567892 5698926 111407
44697902 23672912 5725161 111867
44900938 23779319 5751426 112316
45106259 23886454 5778249 112768
45312179 23994188 5816230 113233
45519230 24211874 5831988 113692
45727548 24321619 5870370 114160
45935936 24431691 5886106 114618
46147170 24542025 5913309 115100
46357097 24652614 5951777 115592
46568048 24762891 5979409 116076
46779381 24873923 6006693 116566
46990855 24984621 6034423 117041
47205338 25096020 6061883 117526
47419249 25207603 6089484 118001
47634035 25319296 6117122 118001
47848322 25431058 6144630 118947
48062998 25543455 6172671 119442
48492427 25655416 6200273 119933
48492427 25767397 6228355 120427
48923313 25879429 6256077 120427
48923313 25991504 6283975 121402
49354049 26104177 6311902 121402
49569499 26216381 6339662 121904
49784952 26329139 6367854 122392
50000302 26442500 6395544 122890
50218125 26555308 6423941 123370
50433929 26668584 6451930 123864
50433929 26781329 6480222 124360
50650284 26894578 6508180 124865
50865512 27007789 6535944 125370
51080603 27120576 6552006 126388
51292616 27231607 6579292 126924
51503982 27342628 6606863 127462
51716678 27453789 6634133 127462
51928296 27565087 6661699 128541
52140800 27676509 6689026 129093
52352291 27788049 6716401 129640
52564225 27899706 6743831 130196
52776253 28011423 6771149 130751
52987778 28123205 6798786 131302
53200440 28235029 6826125 131869
53412106 28346931 6853619 132424
53624226 28458895 6880948 132424
53835449 28570897 6908316 133565
54046928 28682929 6935715 134146
54258571 28794996 6963012 134740
54469480 28907129 6990489 135322
54681778 29019306 7017729 135322
54894214 29131499 7045256 135906
55106404 29244267 7072614 136471
55319212 29357059 7099994 137052
55531918 29469837 7127514 137617
55744176 29582592 7154947 138205
55956321 29695279 7182600 138785
56168396 29807921 7209990 139365
56380805 29920536 7237558 139938
56594052 30033149 7265067 139938
56808370 30145739 7292766 140500
57022676 30258868 7320478 141042
57237714 30371446 7348139 141589
57451908 30484535 7375977 142129
57881921 30597624 7415250 142663
57881921 30710626 7431641 143172
58098613 30823532 7459544 143695
58531187 30936385 7499245 144209
58531187 31049209 7515496 144209
58964347 31161972 7555125 144725
58964347 31275251 7571481 145225
59181142 31388462 7599411 145732
59396950 31501582 7611102 146249
59612663 31614559 7654916 146757
59825315 31726246 7666443 147268
60037738 31837856 7693990 147763
60252124 31949542 7737530 148280
60464895 32061327 7749063 148786
60680178 32173204 7792775 149305
60893692 32285125 7804347 149805
61109200 32397081 7848379 150321
61324316 32509097 7860053 150835
61539578 32621178 7904045 150835
61755656 32733294 7932038 151345
61971032 32846002 7943704 151835
62187693 32958742 7987977 152327
62403566 33071450 7999671 152819
62620204 33184141 8043967 153311
63052268 33296798 8055680 153797
63052268 33409419 8083835 154274
63486939 33522021 8111820 154759
63486939 33634622 8139862 155236
63705030 33747202 8184093 155718
63921928 33859761 8195821 156186
64139357 33972279 8240222 156186
64355981 34084796 8251960 156668
64572942 34197884 8280247 157136
65007092 34310435 8308299 157612
65007092 34423488 8336522 158069
65443555 34536515 8364748 158555
65443555 34649487 8392885 159032
65661750 34762414 8421201 159516
65878958 34875292 8449243 159995
66096326 34988118 8477581 160473
66530302 35101471 8505546 160959
66749792 35214274 8533819 161433
66969228 35327555 8561933 161911
67188042 35440269 8590158 162378
67406897 35553461 8618335 162857
67625093 35666650 8646358 163328
67625093 35779255 8674721 163812
67843656 35892344 8702685 164290
68060816 36004890 8730999 164768
68277990 36116242 8758813 165248
68492323 36227561 8786577 165722
68706459 36338998 8814269 165722
68920657 36450517 8841933 166668
69131908 36560916 8869269 167158
69344633 36672415 8896714 167661
69559810 36785156 8924731 168166
69996620 36898997 8952760 168678
70216999 37013807 8981236 169183
