170459 110102 35341 2198
540068 348958 75776 4336
739950 477147 102780 4336
926664 597662 128180 6243
1313686 717544 169032 6243
1526994 971854 208849 8044
1753004 1105102 238083 8044
1987496 1241894 268926 8044
2223974 1241894 299132 9753
2453277 1376137 299132 9753
2453277 1505822 328677 9753
2678228 1631722 357363 11334
2897561 1631722 385752 11334
3114060 1753885 413450 11334
3324903 1872714 440660 12771
3533375 1989019 440660 12771
3737603 2102679 467609 12771
3939793 2214439 493884 14090
3939793 2214439 520187 14090
4140742 2324553 545918 14090
4337911 2432740 571507 15301
4536000 2539169 596948 15301
4732288 2644049 621964 15301
4926434 2748063 647107 16414
5120064 2851377 671793 16414
5310606 2953553 696417 17445
5501193 3055163 720910 17445
5689605 3155804 745131 17445
5877626 3256082 755311 18400
6066715 3355577 779944 18400
6253503 3454822 804045 19282
6440698 3553371 828388 19282
6626842 3651254 842497 20105
6812431 3749088 876550 20105
6997663 3846401 890528 20888
7181302 3943696 914487 20888
7364932 3943696 948233 21628
7549968 4041044 962240 22316
7734416 4137444 986065 22316
7917219 4234496 1009831 22991
8101138 4331165 1033792 23631
8284464 4427401 1057329 23631
8466130 4523760 1081036 24250
8649078 4619726 1104773 24832
8649078 4716104 1127967 24832
8828286 4810273 1151287 25403
9006175 4904600 1174397 25950
9183971 4998735 1197372 26494
9360977 5092621 1220736 27010
9538711 5186878 1243825 27010
9716508 5281522 1266931 27529
9894130 5375498 1276614 28036
10072353 5469252 1313099 28536
10249360 5563384 1322689 29031
10426125 5657371 1345773 29508
10604189 5751718 1381852 29508
10781376 5845426 1391400 29994
10958795 5939504 1414607 30938
11135803 6033469 1437523 30938
11311979 6127278 1460225 31422
11488479 6220935 1483410 31889
11664353 6314451 1506251 32358
11839817 6407859 1529176 32821
12016108 6501183 1552300 33286
12191511 6594409 1575045 33754
12366209 6687520 1597907 34203
12543056 6781101 1620729 34688
12717734 6874094 1643277 35187
12892197 6966992 1666085 35668
13068932 7059854 1688741 36160
13243575 7152665 1711245 36160
13419317 7245983 1734065 37115
13595631 7339264 1756587 37115
13770660 7431989 1779070 37608
13945937 7525181 1801933 38576
14121081 7618363 1824383 38576
14295178 7711469 1846866 39070
14469644 7804499 1869760 40065
14643393 7897461 1892150 40614
14814268 7990382 1914600 41160
14985736 8083264 1937183 41160
15157933 8176648 1959443 41699
15329892 8269945 1981910 42234
15503988 8362642 1994909 42744
15673958 8454459 2017073 43263
15843287 8546222 2048415 43793
16014917 8638061 2061249 44308
16185771 8730321 2083399 44832
16356258 8822614 2105754 45342
16529310 8914396 2128005 45854
16700602 9006756 2150224 45854
16871851 9099170 2172729 46871
17046984 9191598 2195092 46871
17219411 9284567 2217450 47380
17392978 9377510 2239980 47881
17568730 9469894 2262346 48372
17742426 9562765 2294116 48869
17916537 9655638 2303654 49343
18094444 9747948 2330031 49343
18270411 9840226 2362294 49826
18447912 9933062 2362294 50288
18625291 10025896 2398373 50757
18800762 10119840 2430724 51234
18977954 10212769 2430724 51694
19154875 10305520 2476229 51694
19331206 10399350 2499464 52155
19509585 10492631 2499464 52594
19687347 10585770 2545416 53046
19866002 10679380 2555010 53498
20044261 10772421 2568726 53938
20222417 10865896 2614603 54383
20399072 10959846 2624251 54814
20576118 11052694 2637944 55253
20752176 11146514 2670442 55695
20929793 11239792 2683901 56122
21109301 11333468 2706975 56122
21286769 11426544 2739390 56557
21465579 11520034 2752960 56979
21643986 11613453 2776000 57402
21820716 11707303 2808363 57835
21999108 11800567 2821925 58253
22176937 11893706 2844873 58693
22353129 11987292 2877287 59135
22530830 12080266 2890784 59563
22703293 12171670 2913396 59994
22875495 12262990 2935824 60428
23050390 12353898 2958491 60849
23222300 12444712 2980765 61288
23395677 12536604 3003459 61723
23572087 12629614 3026477 62161
23749489 12723628 3059109 62617
23928723 12818560 3082892 63063
24110665 12914316 3106649 63521
24292785 13010792 3130320 63993
24476471 13107903 3154681 64451
24662261 13206022 3178915 64919
24848544 13304623 3203414 65376
25038227 13404230 3228122 65839
25418499 13504205 3252614 66303
25611245 13704878 3277497 66758
25803553 13805932 3302309 66758
25996494 13907177 3327164 67673
26189533 14008564 3352513 68149
26382109 14110045 3377416 68625
26575932 14211619 3402562 69094
26768854 14313284 3427653 69582
26961612 14415043 3452551 70071
27154958 14516822 3477738 70557
27347593 14618598 3502591 70557
27540894 14720413 3527626 71524
27733464 14822286 3552713 72017
27925847 14924191 3577533 72512
28119556 15026163 3602691 73006
28312307 15128754 3627499 73006
28505464 15230823 3652538 73992
28698475 15332831 3677759 74494
28890769 15435438 3702575 75004
29084333 15537564 3727794 75509
29277019 15640220 3752683 75509
29469607 15742876 3777595 76511
29662487 15845481 3803005 77059
29855470 15948056 3827817 77627
30047971 16050620 3852971 78170
30047971 16050620 3877774 78170
30240290 16152928 3902112 78713
30429092 16253556 3926896 79787
30617786 16354184 3951213 80347
30806280 16555876 3975704 80907
30995115 16656971 4000213 81466
31184242 16758186 4024579 81466
31373096 16859484 4049279 82020
31563107 16960886 4073797 82561
31942751 17062391 4098414 83111
31942751 17164572 4123277 83640
32326283 17266854 4147887 83640
32519040 17369135 4172921 84693
32711685 17471426 4197830 85231
32904072 17573730 4222710 85231
33097812 17676062 4247860 85768
33290726 17778403 4272721 86295
33484043 17880721 4297866 86814
33678716 17983595 4322949 87318
33872928 18086462 4347934 87825
34067997 18189280 4373300 88317
34262208 18292044 4398308 88829
34456164 18394731 4423546 89328
34651006 18497352 4448781 89828
34844724 18599922 4473846 89828
35039208 18702476 4484371 90333
35233430 18805011 4524350 90825
35427481 18907500 4549641 91316
35624003 19010523 4560288 91788
35819796 19113534 4600122 91788
36016051 19216492 4610719 92724
36212043 19319389 4651012 92724
36407504 19422210 4676473 93202
36603943 19524956 4687204 94133
36799539 19627649 4727451 94133
36995277 19730315 4738056 94609
37191156 19833513 4763722 95072
37386177 19936154 4788965 95550
37583401 20039260 4814449 96009
37779937 20142324 4839873 96481
37976428 20245261 4865119 96949
37976428 20245261 4879668 97408
38170029 20346516 4914675 97408
38554112 20548223 4939559 98315
38749066 20650796 4964916 98792
38945852 20754480 4990192 99282
39145765 20859156 5031005 99768
39346345 20964683 5056975 100258
39548840 21070951 5083388 100737
39752234 21177895 5109679 101225
39956693 21285460 5136470 101701
40163620 21394183 5163328 101701
40370519 21502822 5190304 102194
40580378 21612395 5217481 103156
40790635 21722334 5244631 103156
41001498 21832565 5272043 104138
41213473 21943057 5299267 104138
41425059 22053762 5326870 104630
41637810 22164638 5354236 105111
41849989 22275699 5381832 105604
42062889 22386925 5409427 106087
42275880 22498285 5436856 106584
42489003 22609742 5464832 107065
42703361 22721302 5492400 107567
42916763 22833521 5520422 108082
43131163 22945303 5548085 108589
43344809 23057667 5575890 109102
43559050 23170066 5603669 109601
43773315 23282453 5631331 110107
43988772 23394850 5659525 110596
44205630 23507260 5687463 111102
44421421 23619691 5699167 111590
44637904 23732113 5744052 112101
44854762 23845096 5772382 112602
45072315 23958085 5800554 112602
45289540 24071021 5812299 113107
45506453 24183891 5840481 114099
45723824 24296686 5868679 114099
45939771 24409418 5896540 115136
46156540 24522131 5924770 115136
46371783 24635383 5952466 115658
46584918 24747876 5980360 116159
46797524 24859067 6007769 116682
47010275 24970820 6035420 117206
47224020 25082188 6063143 117725
47436977 25194189 6090728 118237
47651138 25305736 6118607 118749
47864293 25417875 6146047 119281
48077686 25530100 6173872 119801
48290762 25642347 6201335 120338
48503540 25754586 6229095 120863
48717286 25866295 6256762 121408
48929886 25978590 6284291 121967
49143342 26090965 6312048 122514
49356036 26203332 6339500 123068
49569223 26315682 6367362 123606
49781972 26428012 6394828 124171
49993963 26540342 6422467 124745
50207242 26652682 6449974 125313
50419205 26765019 6477460 125887
50631792 26877337 6505084 126449
50843401 26989656 6532403 127029
51055055 27101985 6560081 127596
51266700 27214322 6587413 128181
51477653 27326640 6614932 128759
51690056 27438940 6642326 129337
51901472 27551221 6669738 129923
52113506 27663502 6697167 130501
52324668 27775781 6724423 131089
52535835 27888049 6752020 131656
52747494 28000876 6779270 132242
52958797 28113707 6806983 132813
53171247 28226497 6834554 132813
53383009 28339825 6862250 133389
53596828 28452558 6890039 134516
53810221 28565167 6917617 134516
54023620 28678327 6945475 135090
54237799 28790950 6973066 135657
54452057 28904050 7000899 136223
54666177 29016579 7028551 136778
54880296 29129602 7040075 137339
55091379 29242543 7067499 137887
55302019 29354218 7110576 138439
55513644 29465837 7122037 138972
55727775 29578554 7165665 138972
55942517 29690830 7177212 140077
56157417 29803060 7221695 140077
56373485 29915890 7233328 141181
56589849 30028731 7261478 141744
56806432 30141941 7289433 141744
57022797 30255108 7317425 142307
57238545 30368207 7345544 142859
57454501 30481207 7373383 143391
57670230 30594700 7401615 143929
57886245 30707602 7429436 144462
58102851 30820971 7457551 144462
58318946 30934310 7485367 144993
58536190 31047535 7513543 146023
58754013 31160662 7541653 146023
58970802 31273711 7569549 146548
59188357 31386702 7597767 147061
59404771 31499622 7625569 147583
59621506 31612466 7653815 148090
59837488 31725246 7681712 148604
60053544 31837987 7709846 149106
60269880 31950686 7737788 149613
60485616 32063334 7765760 150101
60703688 32176489 7793868 150603
60920653 32289605 7821718 151096
61138163 32402658 7849918 151096
61354993 32515644 7877796 151597
61572069 32628551 7906096 152078
61789093 32741367 7934067 152578
62005624 32854128 7962155 153081
62223112 32966851 7990285 153577
62439434 33079527 8018284 154068
62656235 33192127 8046439 154559
62872020 33304677 8074302 155057
63088294 33417211 8102460 155546
63304249 33529731 8130288 156037
63519974 33642219 8158294 156509
63734077 33755211 8185553 156988
63943677 33865088 8212884 157468
64156104 33976453 8240576 157966
64369925 34088487 8268334 158467
64586344 34201604 8296647 158964
64804472 34316357 8324884 159477
65024361 34431470 8353640 159978
65472034 34547952 8382467 160496
65699023 34782957 8411513 161000
65926198 34901223 8440732 161518
66154870 35019948 8470036 162026
66383486 35139051 8499557 162553
66612892 35258482 8528955 163068
66842771 35378205 8558682 163594
67073190 35498206 8588230 164116
67304647 35618461 8618144 164116
67535718 35738916 8647838 165152
67768148 35859561 8677974 165152
68000095 35980389 8707870 166193
68233506 36101390 8738129 166193
68466117 36222533 8768215 166718
68699583 36343768 8798505 167235
68932573 36465108 8841273 167760
69168052 36587139 8858992 168274
69402053 36709269 8902020 168791
69637677 36831392 8919670 169297
69873132 36953513 8950097 173084
