25221 55171 6786 1609
79991 117761 16589 2743
197587 197046 30016 3880
257113 294770 45230 5044
394794 350349 70091 6249
563408 409583 84827 7406
660780 537121 100265 8570
764505 605480 115377 9827
869123 677896 122793 10991
1060672 745946 142762 12143
1165115 883247 157264 13238
1277493 955902 180570 13238
1512614 1031376 196126 14317
1637294 1108710 212600 14317
1768558 1266936 247464 15335
1901835 1348711 265366 15335
2178660 1431666 284009 16329
2325101 1516231 303029 17261
2472661 1601695 322211 17261
2622012 1687936 341846 18163
2776164 1775436 373730 18163
2932619 1864135 402814 19009
3090132 1953313 423798 19805
3252575 2042848 444779 19805
3579070 2132680 465899 20576
3745118 2222808 487458 21306
3911932 2313761 508940 21306
4078453 2404955 530604 22021
4247202 2496265 552616 22696
4416427 2588246 574507 23369
4585153 2680319 596533 23369
4755545 2772452 618690 24031
4925991 2864639 640601 24679
5095732 2957420 662580 25319
5266252 3050205 684852 25930
5437954 3142949 707023 25930
5609012 3235639 729244 26542
5780781 3328311 751646 27127
5952382 3421526 773896 27127
6123522 3607865 796360 28267
6296884 3607865 818793 28856
6469437 3701458 841046 28856
6640091 3794482 863399 29463
6812925 3887380 885641 30045
6985055 3980786 907771 30633
7156626 4074139 930075 31205
7329195 4167385 939472 31779
7500432 4260541 974382 32361
7670394 4353618 983606 32952
7670394 4446468 1005748 33526
8003144 4537360 1027209 33526
8168994 4628201 1048644 34656
8337944 4719176 1070653 35250
8506030 4810299 1092225 35250
8674076 4901579 1113816 36436
8843483 4993008 1136045 36436
9012283 5084565 1157854 37028
9182541 5176774 1179944 37599
9352944 5269040 1202447 38159
9523583 5361324 1224535 38159
9694509 5454176 1246816 38721
9868077 5546555 1269531 39257
10040939 5639456 1291896 39790
10213881 5732911 1314490 40298
10388943 5825798 1337221 40830
10562028 5918592 1359624 41373
10735048 6011910 1382270 41898
10910993 6105082 1404983 41898
11085913 6198706 1427486 42421
11261163 6386089 1450490 42919
11437255 6386089 1473488 43420
11612806 6480348 1496385 43905
11790317 6574486 1519616 43905
11967430 6761792 1542527 44390
12143934 6856093 1565533 44862
12321168 6856093 1588706 45325
12497535 6950253 1611562 45793
12673597 7044240 1634549 46241
12851943 7138078 1657645 46698
13029407 7231779 1680520 46698
13206530 7325336 1703545 47592
13384232 7418760 1726442 47592
13560639 7512608 1749180 48045
13736971 7605868 1772134 48942
13914018 7699553 1794914 48942
14089650 7793176 1817595 49399
14265312 7886163 1840555 49835
14440872 7979576 1863341 50292
14615829 8072920 1886061 50757
14788793 8166139 1908747 51206
14961291 8258054 1930989 51660
15133408 8349886 1953460 52100
15307815 8441760 1976068 52541
15481997 8533687 1998447 52541
15654846 8625669 2021087 53441
15830282 8717722 2043780 53903
16005178 8810386 2066271 53903
16179761 8902562 2089119 54366
16355188 8994715 2111719 54816
16529599 9087431 2134273 55272
16703935 9180186 2143765 55736
16879306 9272428 2179716 56193
17053852 9365192 2202343 56650
17228495 9457954 2211841 57086
17405326 9550676 2248077 57546
17581290 9643371 2270917 58015
17756390 9736057 2280434 58467
17932977 9828727 2316734 58467
18109929 9921375 2326290 58922
18286145 10014004 2349458 59811
18463071 10107164 2372439 59811
18639442 10200311 2395143 60285
18816284 10292900 2418221 60742
18992461 10385982 2441031 61206
19168123 10479029 2463792 61659
19344566 10572012 2486814 62111
19520150 10664921 2509435 62572
19695276 10758324 2532218 63026
19871221 10851175 2555189 63490
20045775 10943951 2577715 63962
20219925 11037235 2600349 64422
20394941 11130478 2623010 64896
20568610 11223631 2645312 65388
20741950 11316717 2667804 65884
20916106 11409745 2690235 66377
21089199 11502730 2712486 66870
21262452 11595666 2735095 67344
21435635 11688541 2757469 67862
21435635 11781371 2770362 68388
21608089 11873715 2792528 68895
21776881 11964470 2801684 69411
21945529 12055236 2835813 69927
22113999 12146158 2857889 70423
22451851 12236749 2879863 70932
22623564 12328436 2911449 71441
22798334 12421300 2934376 71944
22976123 12610084 2957310 71944
23155289 12706361 2980573 72446
23337111 12803400 3004385 72932
23519802 12901033 3028066 73423
23703627 12999218 3052113 73895
23891012 13098463 3076350 74385
24078452 13197597 3100503 74871
24266658 13297039 3125030 75352
24456342 13397387 3149472 75847
24645670 13497526 3174000 76325
24836240 13598454 3198866 76325
25026888 13699521 3223449 76810
25217636 13800738 3248430 77772
25411046 13902069 3273419 77772
25602859 14003540 3298227 78282
25795102 14105132 3323392 78777
25989242 14206833 3348424 79272
26183079 14308614 3373672 79749
26378217 14411024 3398916 79749
26767727 14513496 3424069 80693
26767727 14615976 3449581 80693
27161235 14718477 3474912 81177
27161235 14820968 3500344 82131
27357966 14923452 3525883 82131
27748839 15025937 3551156 82629
27945949 15128425 3576692 83110
28144545 15230880 3602134 83587
28342611 15333902 3627735 84048
28540069 15436924 3653314 84048
28737154 15539889 3678760 84965
28935337 15642805 3704528 84965
29133636 15745687 3730098 85436
29133636 15848525 3755933 85891
29331510 15951101 3781394 86341
29527091 16052200 3806436 86799
29722305 16153228 3832127 87245
29917290 16254978 3857454 87699
30112465 16356309 3882916 88137
30308037 16458275 3908312 88599
30698835 16560354 3933626 89067
30698835 16662499 3959148 89524
30895227 16764671 3984448 89524
31286862 16867424 4009948 90422
31286862 16969680 4035399 90882
31484567 17071913 4060756 91342
31680349 17174745 4086340 91342
31876661 17277083 4111673 91802
32268134 17379940 4137077 92261
32466084 17482790 4162456 92705
32663283 17586163 4187858 93158
32860997 17689003 4213708 93596
33058220 17791777 4239228 94048
33255092 17895075 4264954 94489
33255092 17998337 4290609 94931
33649546 18101500 4316117 95384
33846579 18204590 4341875 95825
33846579 18307603 4367432 95825
34239841 18410555 4393080 96691
34239841 18513440 4403733 97150
34438411 18616269 4444095 97631
34634776 18719069 4454730 98100
34831039 18821854 4495143 98100
35222709 18924609 4520666 98575
35222709 19027325 4531263 99031
35420473 19130443 4571672 99513
35814056 19233519 4582330 100000
36012431 19336550 4608025 100474
36209923 19439530 4633491 100954
36209923 19542443 4659017 101418
36408062 19645858 4684603 101891
36605243 19749238 4709984 102360
36802076 19852516 4735605 102829
36999389 19955704 4760918 103301
37195616 20058732 4786001 103757
37388403 20159880 4810856 104222
37580355 20261502 4835481 104689
37772333 20363279 4860426 105156
37965744 20464637 4885261 105156
38158373 20564929 4909821 106072
38349857 20665734 4934988 106542
38543131 20767724 4960106 107023
38935987 20871502 4985652 107505
39134866 20975777 5026368 108001
39335546 21081501 5037192 108484
39537464 21188031 5078642 109017
39739372 21295217 5089606 109588
39943354 21402455 5131211 110145
40147308 21510820 5157754 110718
40352260 21619700 5168781 111866
40557534 21728977 5210808 111866
40761747 21948020 5221933 112480
40969160 22058324 5264090 113077
41177608 22168933 5291113 113683
41385783 22279744 5317954 114269
41593843 22390744 5344973 114868
41801917 22501913 5356309 115455
42011677 22613246 5399038 116059
42221456 22724696 5410424 116639
42432735 22836846 5453625 117250
42643262 22948553 5480981 117873
42854122 23060296 5508311 117873
43066784 23172121 5535671 118477
43279244 23284585 5558638 119067
43491903 23397128 5590736 119649
43704540 23510242 5613832 120237
43917837 23622841 5645965 120812
44130790 23735932 5685295 121385
44344033 23848478 5685295 121937
44559046 23961520 5729121 121937
44773549 24074564 5752264 123049
44989046 24187566 5784716 123049
45203420 24301072 5807939 123606
45418383 24413996 5824245 124146
45631729 24526987 5851707 124688
45841984 24638366 5879085 125218
46052630 24749698 5906390 125762
46262926 24861130 5933694 126288
46476094 24972672 5961193 126826
46687677 25084324 5988489 127372
46899802 25196085 6016170 127372
47112050 25307929 6055127 127911
47326032 25420418 6083133 128427
47541289 25532959 6110985 128943
47755953 25645502 6138890 129448
47971930 25758050 6166943 129953
48187151 25870600 6194736 130443
48404181 25983141 6222882 130946
48620765 26095679 6250644 131458
48836058 26208227 6278724 131962
49053051 26320749 6306517 132467
49269165 26433232 6334425 132956
49486137 26546267 6362392 132956
49702265 26659297 6390178 133941
49918809 26772283 6406565 133941
50134722 26885227 6446125 134447
50350696 26998104 6474439 134932
50567071 27110930 6502450 135427
50783039 27223728 6530655 135915
51000132 27336502 6546934 136412
51216064 27449223 6586724 136894
51433840 27561911 6603060 137388
51649897 27674575 6642743 137889
51866008 27787237 6659142 138383
52083594 27899889 6687049 138884
52299379 28012486 6715129 139370
52517340 28125621 6742991 139872
52734219 28238222 6770962 140368
52951614 28350768 6798851 140872
53168200 28463296 6826747 141363
53384818 28576368 6854743 141857
53601310 28689429 6882578 142350
53817552 28802437 6910600 142350
54034828 28915334 6938408 142841
54250977 29026951 6966143 143328
54465008 29138480 6993609 143804
54678191 29250084 7021223 144288
54892132 29361790 7049079 144760
55106268 29473575 7076768 145239
55320174 29585412 7104722 145704
55536341 29697243 7132395 146199
55750416 29809136 7160228 146699
55965265 29921102 7187903 147198
56179312 30033107 7215693 147698
56393783 30145141 7243527 148186
56608300 30257203 7271341 148679
56822841 30369319 7299323 149163
57039924 30481476 7327099 149163
57255932 30593657 7355080 150123
57472794 30706424 7382844 150123
57688851 30819235 7410874 150611
57905459 30932036 7438757 151085
58121999 31044797 7466747 151572
58338208 31157503 7494780 152046
58555282 31270162 7522646 152528
58772712 31382791 7550843 153010
58989809 31495403 7578728 153493
59207203 31607994 7606936 153973
59423822 31720552 7634897 154443
59642720 31833100 7662935 154930
59860278 31945648 7691184 155405
60078224 32058192 7719196 155887
60295384 32170728 7747602 156353
60513433 32283822 7775713 156353
60731588 32396389 7804031 157302
60950335 32509481 7832068 157302
61168368 32622554 7860405 158257
61386328 32735558 7872140 158754
61604053 32848479 7916548 159274
61820899 32960825 7928277 159782
62038637 33073705 7972534 159782
62255317 33187171 7984264 160295
62472521 33300072 8028763 160793
62688846 33413309 8040587 161298
62905206 33524507 8068749 161785
63118135 33524507 8096380 162295
63327734 33746530 8123718 162799
63540391 33857983 8151123 163305
63754466 33970654 8178655 163822
63971704 34084456 8206753 164333
64190180 34199237 8234951 164861
64410255 34314871 8280024 165378
64631677 34431264 8304181 166457
64853898 34548352 8337760 167006
65078429 34666059 8378937 167551
65302933 34784299 8408222 168097
65529530 34903012 8437330 168680
65755694 35022140 8466762 169253
65983022 35141663 8495995 169253
66210223 35261519 8508286 170406
66438261 35381666 8555178 171013
66666372 35502069 8567522 171657
66894196 35622164 8614263 172297
67122616 35743060 8626611 172950
67348509 35864167 8673401 173587
67579032 35985414 8702938 174256
67806226 36106784 8732485 174908
68037215 36228307 8762006 175567
68266598 36350523 8774408 176207
68498150 36472260 8821345 176867
68727931 36594610 8833747 177508
68958288 36717047 8880946 177508
69188307 36839517 8893451 178812
69418658 36961977 8941067 178812
69650555 37083888 8953660 179461
69882359 37205796 9001363 180093
70349830 37328358 9013956 180725
70349830 37450965 9044277 182896
70584588 37573572 9044277 184614
