53990 33163 17562 1215
181760 112632 26537 2466
248345 210333 43488 3714
398395 265376 62973 4973
575579 387048 77918 6223
676320 452945 93621 7429
781078 594174 101669 8688
888295 669557 125649 9967
1110057 746893 149032 11263
1230194 825830 165896 11263
1353814 906786 192336 12492
1615057 989038 210260 12492
1754123 1072983 228753 13656
1896058 1243140 247339 13656
2039912 1329694 266292 14755
2188655 1416875 286191 14755
2340924 1504589 326506 15777
2650762 1593378 347300 15777
2809906 1682631 368254 16737
2970272 1772802 389157 16737
3131551 1863257 410489 17643
3296374 1953904 432207 17643
3461320 2045292 453764 17643
3628219 2137428 475773 18490
3798567 2229687 498027 19277
3968547 2321972 520113 19277
4138594 2414263 542547 20043
4312367 2507128 565175 20764
4485556 2600417 587705 20764
4659936 2694241 610527 21455
4836791 2787483 633291 21455
5012310 2881146 655998 22112
5184061 2973075 678668 22725
5352824 3063102 700714 23358
5521296 3154321 722642 23990
5691040 3246223 744953 23990
5864960 3338120 767221 24599
6037761 3430619 789429 25206
6209432 3523724 811940 25784
6383890 3616804 834208 25784
6556859 3710381 856588 26362
6731430 3803415 879182 26915
6906114 3896336 901542 27473
7080012 3989188 924136 28011
7255659 4081500 946915 28542
7431052 4174922 969426 28542
7604713 4268902 992071 29081
7780308 4362276 1014714 29600
7955488 4455492 1037155 30117
8131321 4548623 1060055 30610
8308052 4641674 1082859 31143
8483664 4734653 1105450 31689
8656780 4828751 1128423 32212
8833130 4922301 1151073 32773
9007298 5016236 1173622 33336
9181122 5110054 1183085 33875
9357097 5203239 1219341 34430
9531748 5297432 1242223 34985
9706091 5391587 1251659 35532
9882467 5485087 1287541 35532
10056163 5578960 1296925 36090
10229512 5672716 1319783 37180
10402725 5766318 1342434 37756
10573781 5859806 1364737 38325
10746315 5953201 1387282 38893
10918676 6046518 1409570 38893
11090443 6139733 1431791 39460
11263021 6232849 1454533 40003
11435096 6325875 1476935 40556
11606233 6418848 1499308 41114
11778340 6511784 1521949 41662
11949811 6604683 1544219 41662
12121119 6697527 1566586 42203
12291677 6789476 1588881 43256
12461407 6881329 1610711 43256
12629829 6973229 1632720 43815
12800870 7065194 1655038 44351
12971613 7157180 1677120 44351
13142632 7249187 1699495 44879
13317900 7341225 1721985 45381
13491467 7433825 1744250 45884
13665114 7526489 1766946 46369
13842651 7618655 1789586 46863
14017261 7711330 1812027 46863
14191613 7804014 1834752 47833
14369673 7896674 1857346 47833
14545776 7989873 1879845 48314
14722093 8083062 1902848 48774
14900198 8175705 1925595 49240
15076387 8268832 1948365 49692
15254056 8362486 1971351 50140
15431525 8456061 1994037 50140
15608243 8549521 2016841 51034
15785577 8642875 2039800 51034
15962148 8736130 2062421 51496
16138369 8829297 2085352 51945
16316765 8921857 2108329 52386
16493361 9014881 2131054 52829
16669836 9107896 2154136 53254
16849961 9200864 2177161 53254
17028214 9294344 2200020 53690
17206074 9387758 2223187 54118
17385954 9480568 2246096 54542
17563769 9573847 2269053 54969
17741874 9667112 2292331 55381
17919937 9760312 2315225 55806
18097033 9853426 2338192 56235
18274325 9946443 2361174 56655
18450925 10039393 2383840 57083
18627131 10132849 2406983 57504
18804234 10225779 2430002 57927
18980806 10318613 2452733 58352
19156667 10411880 2452733 58762
19329186 10503212 2475469 59184
19500653 10593977 2519743 59622
19672625 10685810 2529166 60075
19847792 10778780 2565295 60528
20025096 10872779 2588272 60988
20204013 10967644 2611920 61433
20384264 11063929 2635377 61906
20566152 11160413 2659096 62394
20749520 11257499 2682970 62870
20934048 11453944 2706759 63365
21304844 11553123 2730877 63853
21492813 11652713 2755004 64335
21680268 11752631 2779195 64829
21870696 11852819 2803809 65306
22060844 11953243 2828301 65796
22251518 12053881 2853013 66271
22442877 12154682 2877841 66756
22633789 12255642 2902557 67259
22826857 12357193 2927603 67750
23019470 12458883 2952586 67750
23211792 12560618 2977600 68723
23406638 12662975 3002666 69226
23599641 12764860 3027504 69747
23792735 12866746 3052704 70255
23985892 12968704 3077653 70255
24178597 13070704 3102664 71251
24373493 13173299 3127996 71809
24566301 13275411 3153002 71809
24759077 13377514 3178130 72388
24952497 13480221 3203132 72948
25144759 13582944 3228093 73512
25339213 13685604 3253293 74051
25532748 13788211 3278315 74630
25724576 13890783 3303353 75231
25919021 13993333 3328277 75813
26112088 14095843 3353113 75813
26305462 14198313 3363513 76953
26498347 14301313 3403174 77533
26690431 14403751 3413639 77533
26690431 14505986 3438677 78655
26883265 14606821 3463305 78655
27261306 14707638 3487625 79219
27261306 14809155 3512439 79761
27641536 14910806 3536952 80319
27831607 15012542 3561562 80878
28022728 15114348 3586382 81427
28214138 15216753 3610859 81427
28407124 15318688 3636070 81953
28599400 15421159 3661118 82474
28792441 15523682 3686184 82989
28987038 15626192 3711542 83495
29180813 15729206 3736480 84003
29375669 15831653 3761779 84493
29569718 15934554 3786962 84493
29764018 16037456 3812068 85466
29958983 16140306 3837670 85466
30153073 16243103 3862831 85958
30349212 16345830 3888447 86432
30544894 16449057 3913915 86915
30740539 16552228 3939231 87398
30937336 16654801 3964937 87872
31134201 16757847 3990218 88340
31330426 16860852 4015871 88797
31527133 16963759 4041365 88797
31723469 17066612 4066707 89718
31919703 17169974 4092409 89718
32115936 17272759 4117756 90186
32313971 17375988 4143399 90637
32511639 17479143 4168887 91091
32707560 17582193 4194236 91560
32905569 17685170 4219884 92015
33102442 17788085 4245193 92481
33299343 17890905 4270761 92932
33496010 17993655 4296323 93393
33692320 18096346 4321746 93856
33889646 18199020 4347375 94309
34085945 18301642 4372836 94309
34282325 18404202 4398415 95206
34478657 18507282 4423850 95671
34674030 18609809 4448816 96142
34674030 18710475 4473782 96604
34866070 18811121 4498559 96604
35057060 18911905 4523554 97081
35439094 19012283 4548534 98022
35630721 19113216 4573473 98533
35826364 19215788 4599002 99036
36023564 19319490 4624593 99036
36222303 19424145 4650663 99546
36425336 19530242 4676855 100038
36628936 19637093 4703026 100543
36834030 19744570 4729746 101044
37040078 19852597 4767466 101549
37246702 19961076 4794616 102042
37455159 20069964 4810286 102536
37663342 20179215 4848618 103049
37872786 20288811 4876046 103551
38082314 20398721 4903151 104059
38292158 20508854 4930772 104549
38504546 20619778 4958119 105050
38715657 20730919 4985732 105537
38929511 20842215 5013256 105537
39142775 20953631 5040743 106515
39356489 21065129 5068548 107018
39570147 21176708 5096026 107526
39783797 21288374 5123846 108033
39998630 21400116 5151323 108033
40212283 21511904 5179065 109041
40426828 21623736 5206662 109041
40640626 21735625 5234270 109548
40854918 21847564 5262155 110043
41069041 21959559 5289636 110553
41282998 22072149 5317776 111571
41499398 22184751 5345461 111571
41713633 22297323 5373404 112118
41928461 22409333 5401061 112659
42142254 22521884 5428731 113202
42356399 22634454 5456668 113727
42570342 22747563 5484289 114269
42783894 22860146 5512226 114789
42999381 22973227 5527985 115315
43210367 23085981 5555696 115840
43421840 23197387 5582981 116370
43632759 23308707 5621836 116903
43844512 23420137 5637886 117424
44057856 23531673 5676888 117424
44271083 23643284 5693093 118453
44485548 23754962 5732039 118453
44700100 23866677 5759863 119485
44914384 23978462 5775832 119485
45129064 24090301 5815023 120503
45343848 24202175 5831051 121042
45558524 24314096 5870150 121606
45772331 24426073 5886312 122158
45987205 24538107 5913838 122158
46201037 24650184 5941680 123253
46414233 24762264 5969202 123812
46627543 24874369 5980766 124384
46840722 24986509 6008349 124959
47053782 25098698 6051662 124959
47265055 25210886 6063130 126111
47478818 25323095 6106684 126111
47692383 25435734 6118159 127267
47906559 25548386 6145952 127267
48119671 25661011 6184846 127865
48332718 25774157 6201044 128441
48545895 25886745 6228801 129037
48758275 25999796 6256333 129638
48971933 26112289 6284107 130230
49184430 26225274 6311528 130821
49397400 26338224 6339212 131397
49609459 26451098 6366769 131987
49821655 26564492 6394374 132562
50034392 26677319 6422057 133142
50246338 26790594 6449632 133704
50461982 26903689 6477445 133704
50676722 27017218 6505023 134279
50891889 27130660 6532971 134836
51106482 27243979 6560609 135402
51320993 27357176 6588544 135945
51535563 27470269 6616459 136514
51746817 27583196 6644016 137079
51959003 27694824 6671439 137634
52170551 27806953 6698782 138172
52384223 27919140 6726398 138719
52597400 28031327 6753767 139282
52809240 28143514 6781327 139282
53023320 28255713 6808760 139831
53236591 28367902 6836279 140374
53451112 28480087 6863968 140903
53664851 28592285 6891534 141436
53879362 28704511 6919377 141955
54093538 28817327 6947043 142476
54307471 28930112 6974895 142984
54523506 29042299 7002648 143510
54737298 29155016 7030399 144025
54953396 29267772 7058149 144025
55168762 29380488 7085813 145044
55384695 29493157 7113794 145578
55600024 29605756 7141470 146122
55815038 29718314 7169331 146122
56030977 29830864 7196946 146657
56245896 29943960 7224787 147188
56461574 30056485 7252592 147709
56676524 30168931 7280370 148230
56892312 30281376 7308418 148738
57107604 30394395 7336269 149251
57322623 30507980 7364352 149751
57539490 30620946 7392228 150266
57754399 30734355 7420373 150766
57971737 30847190 7448326 151285
58187134 30960483 7476290 151791
58404094 31073727 7504218 152314
58620358 31186863 7531959 152849
58835274 31299920 7560148 153374
59051935 31412381 7587966 153374
59267963 31525340 7616253 154404
59484956 31637752 7644158 154404
59700786 31750622 7672186 154926
59916979 31863492 7700056 155437
60132263 31976316 7727637 155956
60344149 32089034 7739113 156453
60555946 32200510 7782291 156984
60764278 32311382 7793770 157503
60976249 32421232 7837147 158022
61191143 32532833 7865005 158540
61407508 32645696 7893036 159059
61626551 32874611 7921457 159583
61846451 32990427 7950253 160100
62069653 33106979 7991086 160625
62521163 33224194 8020587 161141
62748566 33341977 8049796 161667
62976667 33460282 8079605 162185
63205856 33579062 8109103 162709
63436070 33698228 8138928 163224
63666164 33817732 8168570 163752
63897049 33937554 8198435 164268
64128265 34058259 8228234 164802
64359436 34178644 8258088 165325
64591239 34299751 8288007 165866
64822881 34420513 8317863 166403
65056324 34541400 8347938 166403
65288871 34662436 8377849 167465
65522532 34784184 8408110 167465
65755607 34906067 8438060 168002
65989681 35028011 8468435 168533
66223199 35150006 8498524 169064
66458434 35272019 8528923 169589
66693398 35394054 8559072 170114
66929039 35516123 8589644 170629
67164309 35638221 8619901 171152
67399554 35760316 8650479 171662
67634742 35882407 8680793 172184
67869827 36004522 8711337 172707
68105564 36126662 8741751 173232
68340523 36248803 8772270 173750
68576531 36370936 8802765 174266
68811554 36493086 8833212 174784
69047740 36615256 8863731 175299
69282823 36737447 8894039 175803
69518277 36859944 8924235 176311
69750127 36980673 8953994 176846
69982409 37101382 8984089 177372
70214048 37222251 9013857 177914
70446073 37343249 9044008 178443
