121663 80014 15899 1273
252183 179546 24484 2565
411655 301488 52985 2565
612744 369585 70260 5199
727552 516506 87821 6587
844191 595341 105128 8011
1089948 677406 132606 8011
1089948 761761 140943 9303
1328796 840871 167076 10521
1453145 919058 184274 10521
1723959 1082696 202392 11697
1723959 1168086 221186 11697
2011467 1253909 250944 12815
2159448 1340388 270707 12815
2309981 1427455 290621 13851
2462664 1515677 319275 13851
2618319 1603910 340057 14845
2778035 1693113 360781 14845
2937743 1782711 381636 15779
3099055 1873171 403055 16653
3263641 1963902 424383 16653
3593293 2055386 445751 17493
3761718 2147054 467645 17493
3930052 2239365 489509 18282
4099611 2331743 511417 18282
4270632 2424669 533720 19024
4443601 2517584 555844 19024
4616558 2610998 577953 19732
4790625 2704372 600683 20403
4964569 2797665 623077 20403
5137927 2890841 645415 21072
5312377 2984474 668310 21704
5487089 3078051 690877 22331
5661890 3171518 713523 22925
5838952 3265428 736480 22925
6014731 3359262 759066 23520
6190300 3452946 781891 24084
6365822 3547022 804767 24659
6540535 3640970 827416 24659
6717000 3734765 850288 25218
6893507 3827928 873200 25761
7069188 3921492 895930 26289
7245277 4015509 918889 26805
7420660 4109391 941649 26805
7595471 4203129 964358 27323
7772377 4296729 987358 28336
7948333 4390191 1010016 28336
8123103 4483526 1032625 28857
8295260 4576750 1055127 29356
8466680 4668530 1077127 29874
8636637 4760737 1099311 30422
8809271 4852520 1121570 30952
8980715 4944326 1143525 31495
9150586 5036747 1165595 32057
9322496 5129214 1187619 33174
9492022 5221654 1209441 33174
9661552 5314090 1231457 33757
9833732 5406532 1253443 34320
10004610 5498977 1275270 34888
10175572 5591393 1297457 35436
10347371 5684331 1319489 35994
10517966 5777235 1341396 36558
10688576 5870097 1363664 37105
10859843 5962919 1385891 37655
11030450 6055707 1408056 37655
11201644 6148455 1417351 38201
11374214 6241161 1452639 38731
11546168 6333826 1474944 39266
11719771 6426469 1484311 39784
11893381 6520094 1520093 40308
12066220 6613703 1542578 40831
12239760 6707178 1551989 41336
12412822 6800523 1587874 41336
12585644 6893742 1610563 41846
12760844 6986886 1620059 42334
12935402 7080521 1655788 42841
13109470 7173532 1665221 43345
13284355 7266414 1687933 43831
13458651 7359774 1723586 43831
13632751 7453098 1733075 44317
13809112 7546330 1755986 44784
13983517 7639484 1791802 45268
14158947 7732542 1801252 45744
14335313 7825507 1824132 46208
14510719 7918939 1859890 46208
14686296 8011830 1869357 47124
14863879 8105172 1892430 47596
15038850 8198470 1915048 47596
15211272 8291589 1937544 48526
15383492 8383350 1960049 48526
15556559 8475028 1982144 48993
15730726 8566780 2004759 49448
15903552 8658606 2027245 49899
16077052 8749771 2049435 50349
16250303 8840972 2072033 50783
16424411 8932851 2094532 51224
16598442 9024843 2116874 51663
16772293 9116900 2139697 52101
16946605 9209015 2162247 52101
17120750 9301149 2184699 52543
17297306 9393305 2207613 52965
17473070 9485469 2230201 53405
17647744 9577671 2252854 53853
17824672 9669912 2275847 54287
18000610 9762176 2298515 54721
18176438 9854433 2321325 55141
18352868 9947249 2344248 55574
18528413 10040060 2366881 56017
18704253 10132357 2389727 56443
18880406 10225179 2412606 56878
19055757 10317997 2435286 56878
19231404 10410741 2458191 57311
19408148 10503429 2480948 57734
19583418 10596085 2503623 58166
19760376 10688720 2526541 58592
19935871 10781350 2549157 59027
20110668 10874504 2571875 59466
20287484 10967105 2594873 59886
20463864 11060168 2617503 60324
20638658 11153221 2640309 60783
20815597 11245717 2663199 61228
20991545 11338168 2685739 61682
21165711 11431144 2708393 62153
21341760 11524095 2730995 62611
21516794 11616983 2753423 63078
21690692 11709842 2776051 63557
21866837 11802670 2798580 64024
21866837 11895475 2807999 64487
22041695 11988168 2830230 64935
22213267 12079618 2852445 65393
22384833 12170544 2865108 65861
22555845 12260529 2896085 66328
22898464 12351601 2918378 66797
23072088 12443870 2953685 67275
23248262 12537218 2976721 68270
23425682 12632123 2999751 68270
23602598 12727366 3022911 68834
23783069 12823351 3046362 69951
23964352 13017322 3069707 69951
24144893 13115155 3093338 70526
24328770 13214055 3117038 71658
24512422 13313284 3140748 71658
24697627 13412828 3164804 72249
24884596 13513254 3188716 72829
25071050 13613933 3212884 73403
25258693 13714775 3237386 73958
25446528 13815764 3261763 74521
25634143 13916909 3286445 75071
25824512 14018197 3310970 75071
26014578 14119591 3335491 75628
26205022 14221639 3360401 76165
26396915 14323779 3385048 76705
26587943 14425957 3409867 77242
26780082 14528172 3434835 77766
26971880 14630386 3459688 78298
27163179 14732615 3484823 78808
27357235 14835414 3509822 79331
27550595 14937704 3534865 79845
27744219 15040527 3560025 80359
27938211 15143358 3585020 80359
28131360 15246138 3610159 80876
28325215 15348855 3635087 81382
28519541 15451528 3660110 81893
28712863 15554171 3685425 82384
28908668 15656772 3710536 82384
29103516 15759343 3736074 83367
29299178 15862454 3761445 83874
29495419 15965026 3786685 84382
29690572 16067333 3797202 84877
29883598 16168668 3836392 84877
30075225 16269490 3861279 85389
30267219 16370978 3886098 85881
30459404 16472624 3910951 86389
30651513 16574375 3935992 86892
30844871 16676212 3960877 87393
31037586 16778091 3985886 87892
31230611 16880010 4010964 88374
31425704 16981963 4036016 88374
31620235 17083981 4061375 89332
31815517 17186604 4086535 89332
32010279 17289254 4111830 89810
32205000 17391857 4137098 90272
32400730 17494414 4162375 90751
32595529 17596961 4172937 91233
32790950 17699499 4212903 91705
32986078 17802563 4238321 92177
33180870 17905086 4248943 92632
33377933 18007531 4289125 92632
33574143 18110535 4299742 93549
33770875 18213546 4325476 93549
33967681 18317055 4365822 94009
34163976 18420491 4376442 94461
34361003 18523292 4416906 94911
34557300 18626554 4438152 95368
34753585 18729254 4453223 95814
34950158 18832412 4478739 96269
35145922 18935543 4504189 96710
35343699 19038581 4529830 97164
35539729 19141551 4555215 97634
35735552 19244474 4580721 98091
35933384 19347346 4606116 98562
36128929 19450150 4631439 99013
36326348 19553453 4656981 99486
36523233 19656201 4682259 99980
36718524 19758861 4707665 100461
36915891 19861491 4732991 100461
37112014 19964069 4758261 100947
37308448 20067165 4783756 101878
37504442 20170168 4808730 101878
37696689 20270938 4833721 102835
37889956 20372190 4858629 102835
38082334 20473046 4883474 103316
38272771 20573744 4908383 104269
38465196 20675556 4933220 104269
38659301 20777956 4958505 105289
38856737 20882021 4984023 105289
39255445 20987079 5020483 105798
39459049 21092942 5035841 106291
39661992 21199524 5073001 106813
39866704 21306760 5099717 107331
40071948 21414603 5126389 107848
40279464 21522945 5153153 108363
40487889 21631722 5180228 108875
40695044 21740874 5206981 109939
40904776 21850410 5234157 110492
41113046 21960277 5260948 111037
41322124 22070402 5288178 111587
41531219 22180775 5315330 112165
41739435 22291383 5342190 112775
41949016 22402198 5369365 113380
42158546 22513206 5396120 114000
42368670 22624242 5423583 114603
42579216 22735951 5450703 115225
42788709 22847788 5478043 115842
42998645 22959697 5505421 116466
43208910 23071635 5532498 117096
43419044 23295637 5560059 117715
43630377 23295637 5587060 118349
43841015 23520410 5614488 118966
44051298 23520410 5641641 118966
44261448 23633084 5668950 120194
44474398 23857335 5696498 120194
44686218 23857335 5723605 121451
44899144 24082277 5751355 122090
45110926 24195027 5778556 122090
45321612 24307764 5806074 122723
45534982 24421027 5833427 123337
45747842 24421027 5860869 123931
45959295 24533943 5888108 123931
46169642 24645521 5915110 125078
46380845 24757032 5942768 125657
46591491 24868064 5969938 125657
46802388 24979749 5997341 126247
47015073 25091550 6024680 126823
47227599 25315350 6052074 127394
47441448 25427893 6079774 127948
47654667 25427893 6107262 128497
47868786 25540477 6135220 129038
48082440 25765097 6162758 129038
48295889 25877670 6190541 130110
48511019 25877670 6218189 130110
48724428 26102742 6245842 130654
48940320 26215830 6273683 131181
49155379 26328887 6301307 131711
49370814 26441861 6329359 132225
49585739 26554745 6357009 132753
49800620 26667568 6385034 133275
50015691 26780312 6412734 133813
50229827 26780312 6440619 134341
50445048 27005615 6468528 134866
50659431 27118217 6496302 135387
50874563 27118217 6524333 135906
51089045 27343369 6552016 136431
51303546 27343369 6579981 136942
51519487 27455898 6607678 136942
51733608 27568405 6635513 137981
51950167 27680911 6663368 137981
52165735 27905868 6691102 138506
52381933 27905868 6719056 139011
52597363 28131340 6746765 139540
52812868 28244314 6774767 140065
53028722 28357282 6802503 140587
53243876 28470156 6830538 141097
53459930 28582952 6858374 141611
53675122 28695698 6886326 142120
53891095 28695698 6914342 142625
54106384 28921064 6942179 142625
54321714 28921064 6953879 143612
54535364 29033657 6997599 143612
54747334 29144819 7009106 144115
54961899 29255954 7052826 144604
55175742 29367198 7080438 145102
55390213 29478536 7092125 145584
55603954 29590543 7135684 146092
55818022 29702110 7147280 146609
56032598 29813710 7191029 147118
56246750 29925391 7202667 147625
56461897 30037714 7246566 148122
56676365 30150074 7258198 148623
56891676 30262438 7286101 149117
57106260 30374802 7329827 149616
57320788 30487146 7341498 150102
57535371 30599457 7385401 150102
57749725 30711769 7397043 151086
57966730 30824092 7441307 151086
58181727 30936417 7452958 152097
58398482 31048741 7481075 152097
58614625 31161044 7508936 152600
58831067 31273346 7536941 153102
59047528 31385659 7564874 153604
59264736 31610268 7592619 154104
59481536 31610268 7620812 154592
59698164 31723123 7648536 155097
59914496 31948328 7676823 155588
60131151 31948328 7704689 156087
60347859 32061198 7732745 156574
60564113 32174008 7760614 157076
60780107 32286760 7788487 157587
60996963 32512169 7804770 158095
61212506 32512169 7844094 158614
61428623 32738038 7860387 159120
61643786 32738038 7899777 159635
61859116 32964485 7916053 160147
62074322 32964485 7943933 160660
62289531 33077604 7983514 161156
62506771 33303389 7999797 161667
62723007 33303389 8039506 162182
62940644 33417246 8055917 162692
63154143 33530410 8083611 163201
63367619 33642671 8111526 163697
63581112 33753825 8139171 163697
63794589 33866158 8167096 164202
64006700 33978107 8194673 164691
64218558 34089150 8233640 165192
64435211 34313852 8250246 166184
64653461 34428808 8290454 166702
64873779 34544207 8319216 167229
65095484 34660348 8347822 167229
65318399 34777196 8376878 168274
65543299 34895270 8405963 168817
65768664 35013350 8435174 169352
65995986 35132455 8464543 169352
66222993 35251439 8493836 170438
66451416 35371328 8523658 170438
66679770 35491566 8553126 170993
66909373 35612060 8583225 171533
67139573 35732760 8613038 172080
67370132 35853639 8643265 172616
67601179 35974679 8673176 173165
67832040 36095853 8703405 173708
68064016 36217160 8733368 174258
68295350 36338552 8763553 175361
68527919 36460026 8793526 175945
68759419 36581604 8823527 176524
68992125 36703281 8853458 176524
69223946 36825029 8883357 177679
69456440 36946824 8913461 177679
69688280 37068669 8943320 178271
69920563 37190562 8973491 178853
70152560 37312497 9003326 179441
70384749 37434443 9033585 182346
