80838 122674 20826 1568
273043 271006 46747 3200
514974 352952 66373 4761
648229 440140 85891 6421
929075 626782 117488 8131
1082719 725364 139166 8131
1240996 826648 161201 9760
1579768 931765 184155 9760
1761072 1037874 221803 11304
1947816 1146345 256879 11304
2140027 1368578 282260 12771
2336304 1482590 308044 12771
2536287 1597667 334677 14141
2949481 1714197 361457 14141
3160761 1831423 388762 15418
3374381 1949811 432503 15418
3590162 2068722 444242 16614
3808945 2188637 488958 16614
4028625 2308879 529971 17735
4252179 2429348 558852 17735
4475717 2551239 588333 18786
4702412 2672805 617699 18786
4928844 2794996 647515 19782
5157981 2917268 677237 19782
5388361 3040119 707384 20721
5620899 3162457 720024 21582
5843807 3280987 736640 21582
6059445 3396651 764862 22415
6271653 3510683 792496 23205
6271653 3510683 819309 23205
6479173 3622402 846102 23963
6682745 3731548 872126 23963
6883293 3839286 882947 24687
7082146 3945866 897967 25368
7279077 4050956 938131 25368
7474096 4155023 948762 26042
7670644 4257748 974228 26683
7864347 4359834 999133 27311
8056123 4460904 1023903 27911
8245960 4561024 1048463 27911
8432539 4660821 1072675 28509
8621021 4660821 1097043 29078
8807791 4759891 1121119 29078
8992738 4858259 1145099 29645
9180061 4956519 1169116 30185
9365587 5054565 1192816 30723
9365587 5152054 1216679 31251
9550041 5249018 1240320 31775
9733342 5345494 1263737 31775
9914074 5442069 1273536 32296
10094748 5538255 1297159 32799
10274181 5634035 1333850 33306
10452574 5729473 1343610 33808
10631356 5824606 1366879 34306
10808843 5919463 1389792 34807
10985709 6014049 1412880 35288
11165932 6108399 1426180 35785
11342887 6203090 1448923 36312
11518989 6297109 1471787 36823
11695261 6391473 1494510 37348
11870137 6485198 1517072 37870
12045101 6578729 1539806 38380
12220659 6672670 1562328 38911
12394183 6766005 1584753 39454
12567907 6859220 1607333 39986
12741207 6952367 1629705 39986
12914349 7045644 1651991 41021
13086267 7137908 1674191 41547
13256099 7230086 1696112 42092
13425217 7321804 1718221 42641
13595576 7413571 1740384 43179
13765541 7505972 1762313 43179
13935499 7598429 1784551 43713
14108019 7690890 1806702 44227
14279900 7783354 1828759 44747
14451781 7875832 1851131 45254
14624986 7968334 1873594 45254
14797498 8061381 1895947 45751
14971418 8154390 1918498 46235
15146348 8247333 1940954 46710
15320118 8340220 1963307 47195
15493916 8433081 1985866 47670
15668790 8525929 2008384 48142
15842884 8618740 2030997 48142
16017389 8712046 2053817 49049
16193752 8805316 2076460 49049
16369266 8898512 2099123 49502
16545091 8991650 2121934 49946
16720978 9084740 2144560 50393
16896185 9177752 2167287 50838
17072113 9270698 2190128 51269
17247586 9363579 2212836 51710
17422425 9456406 2235655 52153
17598243 9549203 2258397 52591
17773564 9641979 2281062 52591
17948561 9734714 2304002 53448
18125873 9827965 2326805 53885
18302379 9921205 2349484 54344
18478415 10014285 2372519 54788
18656635 10107838 2395378 54788
18833783 10201890 2418347 55236
19010789 10295309 2427895 55672
19188354 10388563 2464160 56108
19366100 10482256 2487247 56549
19543012 10575385 2496790 56976
19719854 10668412 2520017 57419
19896652 10761844 2542730 57852
20070065 10853778 2565345 58277
20244050 10945618 2587797 58717
20417396 11037525 2610022 59178
20591583 11129513 2632504 59627
20765298 11221569 2654892 60085
20938325 11313654 2677125 60553
21112158 11405758 2699624 61008
21285508 11497902 2721958 61471
21458602 11590091 2744264 61927
21632881 11682326 2766921 62376
21806650 11775141 2789338 62376
21980194 11867424 2811808 62831
22155780 11960183 2834559 63715
22330556 12052937 2856959 63715
22504258 12145669 2879498 64173
22679944 12238369 2902219 64621
22854607 12331052 2924615 65076
23029296 12423696 2947310 65521
23204411 12516297 2969988 65968
23378690 12608894 2992388 66428
23553397 12701499 3015145 66874
23728323 12794108 3037825 67321
23902595 12886703 3060381 67772
24077331 12979271 3083163 68211
24251533 13071805 3105798 68668
24424999 13164343 3128233 69147
24599418 13256889 3150988 69609
24773462 13349430 3173596 70076
24946842 13441938 3196164 70535
25121144 13534406 3218940 70996
25294487 13626850 3241363 71475
25467378 13719307 3263827 71963
25641376 13811793 3286420 72444
25814246 13904267 3308704 72932
25986893 13997266 3331228 73400
26160697 14090249 3353874 73901
26333411 14182687 3376218 74419
26506068 14275637 3398833 74918
26680070 14368605 3408416 75421
26853017 14461456 3443575 75421
27021816 14551965 3465777 76386
27194623 14643377 3488212 76890
27367152 14736553 3510686 77430
27541545 14830280 3533668 77954
27719840 14925523 3556690 77954
27899084 15022209 3580082 78480
28080508 15119063 3603939 78987
28263084 15216468 3627607 79505
28446342 15315015 3651780 80016
28631786 15414075 3676070 80525
28817442 15513535 3700203 81051
29003679 15613340 3724870 81554
29193368 15712908 3749527 81554
29382976 15813910 3774277 82554
29573538 15915216 3799389 82554
29956056 16015711 3834689 83053
30149949 16218944 3849748 83528
30344619 16321624 3875021 84024
30538292 16424432 3910722 84537
30734475 16526708 3925575 85037
30929792 16629520 3961464 85536
31125532 16731827 3976308 86020
31320946 16834648 4001658 86508
31516015 16937499 4037486 86992
31711956 17039814 4052295 87482
31907971 17142653 4077569 87482
32103456 17245484 4113544 87966
32299990 17348848 4128197 88436
32494996 17451664 4164150 88928
32693321 17554858 4179187 89403
32891952 17658557 4215429 89886
33089685 17762176 4241263 90349
33287206 17865681 4256152 90836
33485141 17969092 4281785 91329
33683795 18072405 4307452 91814
33881346 18175632 4332913 91814
34078745 18278753 4358480 92768
34276187 18382348 4383883 92768
34276187 18382348 4409251 93248
34472554 18485250 4434478 93724
34665675 18586659 4459391 94198
35052177 18688016 4484384 94677
35052177 18789454 4509243 95642
35247735 18891557 4534217 95642
35441085 18993247 4544645 96152
35634106 19094988 4584309 96654
36021648 19298709 4609374 97156
36217689 19401210 4619851 97639
36412971 19503757 4659453 98129
36608435 19606290 4670007 98619
36608435 19708827 4709739 99108
36998650 19811325 4734911 99592
36998650 19913811 4745456 100066
37194402 20016289 4785280 100066
37584481 20118787 4795821 101020
37584481 20221308 4835883 101020
37974832 20323832 4861188 101503
37974832 20426328 4871723 102458
38170386 20528823 4911721 102458
38560396 20631330 4922269 102941
38560396 20734401 4947685 103408
38953088 20837483 4987661 103888
39149831 20940489 4998215 104358
39149831 20940489 5023684 104834
39540694 21145753 5048806 105331
39540694 21248629 5074114 105811
39737523 21351512 5099386 106300
39933347 21454333 5124534 106775
40129267 21557086 5149955 107257
40324839 21659807 5175089 107756
40519940 21762517 5200339 108245
40715688 21865194 5225545 108760
40909049 21967825 5250531 109273
41102533 22070449 5275770 109781
41297236 22173621 5300652 110306
41490080 22276267 5325760 110819
41685107 22378859 5350955 111351
41878132 22481422 5375738 111901
42070932 22481422 5400954 112425
42265440 22583932 5425675 112953
42455110 22685297 5450106 113479
42643396 22785579 5474664 114008
42833116 22989476 5499167 114549
43024636 23093091 5524325 115073
43220858 23197667 5549657 115630
43416805 23303147 5575025 116215
43813497 23409430 5600885 116792
44013308 23516411 5626645 117375
44216742 23623986 5652786 117939
44420263 23732072 5678999 118521
44624985 23840643 5705330 119094
44830811 23949661 5747289 119094
45037000 24059058 5769623 120209
45246365 24169346 5800940 120786
45454440 24279921 5823592 120786
45663288 24390725 5850769 121364
45873691 24501734 5893626 121933
46084374 24612877 5905070 122484
46296454 24724133 5948213 123040
46508519 24835481 5959644 123607
46720398 24946957 5987241 124162
46932714 25058539 6014450 124724
47144282 25170199 6041991 125269
47355946 25282506 6085321 125825
47568744 25394907 6096825 126363
47782960 25507334 6140595 126363
47996199 25619790 6152086 127457
48209974 25732224 6180131 128017
48424081 25844625 6207657 128017
48638446 25957029 6235373 128582
48853066 26069451 6263106 129136
49067257 26181872 6290827 129683
49282303 26294266 6318749 130223
49496331 26406650 6346340 130768
49711074 26519053 6374350 131301
49925521 26632050 6402012 131834
50140182 26745037 6429961 132352
50356279 26857963 6457706 132352
50570963 26970843 6485520 132878
50787267 27083485 6513480 133389
51000168 27194837 6540854 133898
51213702 27306124 6568665 134392
51426865 27417489 6596176 134889
51640614 27528958 6624016 135374
51854764 27641123 6651628 135865
52068497 27753369 6679331 136342
52284478 27865606 6707059 136843
52498477 27977855 6734622 137343
52713236 28090134 6762537 137843
52927453 28202444 6790113 138335
53143172 28314740 6817994 138827
53358805 28427023 6845580 138827
53572878 28539315 6873343 139826
53789627 28651631 6901203 139826
54005417 28763959 6928866 140325
54221725 28876271 6956989 140808
54437419 28988574 6984749 141298
54653460 29100900 7012930 141774
54869409 29213780 7040786 142262
55084690 29326105 7068808 142740
55300760 29438904 7096668 143237
55515728 29551162 7124410 143749
55731296 29663384 7152384 144253
55946098 29775603 7180019 144760
56161117 29887816 7208083 145250
56376153 30000596 7235830 145751
56590877 30113397 7263838 146239
56808187 30226175 7291643 146239
57023439 30338913 7319515 147217
57240624 30451598 7347521 147217
57457215 30564230 7375319 147711
57674051 30676841 7403481 148198
57890774 30789432 7431320 148689
58107103 30901963 7459554 149659
58324247 31014449 7487362 149659
58540028 31127479 7515329 150669
58756360 31239984 7543248 150669
58971724 31352986 7570961 151179
59187110 31465848 7587208 151671
59402038 31578119 7614785 152178
59614168 31689551 7642470 153212
59827188 31800476 7669838 153212
60039155 31912059 7697417 153735
60252187 32023757 7724817 154243
60464599 32135526 7752438 154763
60677474 32247384 7780011 155275
60890519 32359320 7807573 155788
61103216 32471262 7835451 156288
61317047 32583776 7863018 156808
61530000 32695791 7890820 157335
61743919 32807796 7918413 157855
61957085 32919845 7946150 158378
62170551 33031908 7957733 158885
62384195 33144551 8001534 159406
62597478 33257232 8013131 159917
62811962 33369910 8057059 160441
63025369 33482569 8068672 160953
63240755 33595186 8096587 161482
63455231 33707772 8124203 162032
63668577 33819816 8151928 162569
63882878 33932406 8195679 163116
64097725 34045442 8207275 163645
64313555 34158422 8235333 164213
64527883 34271308 8262941 164802
64741489 34383615 8290854 165381
64955192 34496446 8318509 165962
65169213 34609268 8346231 166525
65384453 34722030 8373916 166525
65597795 34834731 8401476 167664
65813478 34947407 8429317 167664
66028023 35060068 8456845 168236
66243111 35172701 8484702 169365
66457167 35285289 8512367 169365
66671105 35397870 8540048 169951
66884987 35510427 8567592 170534
67098209 35622954 8595217 171109
67312507 35735452 8622926 171672
67525727 35847926 8650536 172250
67739638 35960406 8678229 172808
67952767 36073358 8705597 173358
68161078 36183243 8732790 173896
68371308 36294599 8759895 174454
68583286 36407212 8787313 175004
68800304 36520955 8815071 175571
69017120 36635683 8854692 176124
69237534 36751273 8883189 176690
69458879 36867609 8911513 177273
69680364 36984643 8940418 177273
69904749 37220427 8969174 177844
70129955 37339633 8998539 178954
70357252 37339633 9027898 182405
