111980 94701 18315 1365
239201 209774 36437 2756
405598 276828 58351 2756
615719 424220 75704 5543
739482 503563 93817 7022
994092 587211 121804 7022
1131674 766910 140875 8548
1278317 860528 171952 10003
1583026 956912 201387 10003
1745360 1054586 223186 11411
1912223 1154480 245216 11411
2082306 1255826 267898 12737
2259208 1359022 305217 12737
2624419 1463798 339810 13974
2816295 1569478 364718 13974
3009258 1783056 389750 15133
3205393 1891350 415497 15133
3403513 2000169 441218 16214
3603369 2109999 467190 16214
3805330 2220199 493469 17257
4008879 2331234 519716 17257
4212873 2442476 545458 18239
4407094 2548809 570275 19122
4595975 2652454 595123 19122
4786918 2756662 620191 19962
4981368 2861729 645239 20777
5177532 2968210 670922 20777
5377985 3073269 696203 21545
5573355 3073269 721202 22290
5765584 3177447 746143 22290
5955408 3280381 770654 22998
6145095 3382168 780846 22998
6333196 3483436 795136 23673
6519955 3583783 819416 24321
6705603 3683275 843440 24321
6891595 3782520 867610 24940
6891595 3881076 891365 25542
7075672 3978949 915171 26116
7259271 4076218 939007 26688
7442451 4172954 962492 27262
7624242 4269239 986042 27262
7805862 4365652 1009320 27819
7985771 4461672 1032451 28376
8164781 4557308 1055821 28906
8345432 4652605 1078889 29462
8524613 4747588 1101974 30025
8702192 4842299 1125164 30566
8880655 4936780 1148037 30566
9059005 5031053 1171253 31107
9236177 5125667 1180879 32172
9413551 5220115 1216839 32172
9589991 5313871 1226391 32735
9765767 5407991 1249606 33276
9941665 5501980 1285682 33819
10116589 5595794 1295166 34351
10292383 5689473 1318163 34883
10467062 5783539 1340709 35424
10640939 5876991 1363374 35956
10815744 5970309 1386235 36492
10989345 6064061 1408637 36492
11163023 6157706 1431256 37022
11338904 6251669 1454163 37531
11514773 6251669 1476573 38052
11687042 6345685 1498931 38573
11859717 6530606 1521224 39081
12031372 6623261 1543353 39592
12203387 6623261 1565880 40082
12375525 6715907 1588213 40592
12547056 6808522 1610380 41114
12719130 6901138 1632935 41618
12891296 6993747 1655230 41618
13063008 7178895 1677537 42122
13236612 7178895 1700326 42605
13410187 7271983 1722755 43104
13583469 7457096 1745285 43604
13757642 7550147 1768145 44086
13931494 7643172 1790680 44086
14105019 7736131 1813401 44569
14280940 7829573 1836269 45028
14456231 7922472 1858870 45506
14631321 8015285 1881711 45985
14807563 8108611 1904517 46449
14982975 8201892 1927117 46449
15158183 8295080 1950084 47356
15335423 8388176 1972959 47824
15510647 8481217 1995684 47824
15685977 8574203 2018650 48293
15863477 8667114 2041420 48747
16039969 8760508 2064247 49196
16216635 8853836 2087352 49628
16392989 8947043 2110073 50073
16568751 9040185 2133057 50511
16745334 9133260 2156126 50946
16921587 9133260 2178846 50946
17096904 9319169 2201845 51389
17274320 9319169 2224859 52255
17451255 9412560 2247649 52255
17626795 9598182 2270672 52711
17804483 9691487 2293552 53150
17982483 9784748 2316426 53591
18159008 9877924 2326026 54028
18335901 9877924 2349099 54463
18512686 9970970 2384777 54897
18686322 10062497 2394219 55323
18860759 10154346 2407457 55753
19035515 10246284 2439237 56188
19210291 10338243 2461790 56611
19385156 10430242 2474884 57046
19559471 10522299 2506631 57495
19734185 10614414 2519776 57932
19909048 10706578 2542297 57932
20083112 10798759 2574076 58375
20259357 10890956 2587397 59237
20435542 10983195 2609995 59685
20609908 11075459 2641914 60132
20785032 11167763 2664686 60580
20959604 11260100 2677598 60580
21133975 11353002 2709712 61032
21310465 11538320 2723207 61922
21486225 11538320 2755281 61922
21660586 11631788 2778073 62400
21837180 11817168 2791661 62859
22012891 11910642 2823868 63333
22188474 12004072 2846908 64264
22364504 12004072 2860154 64763
22538000 12097395 2882808 64763
22711087 12190639 2905454 65795
22884584 12283815 2927947 65795
23057150 12469932 2950360 66313
23231443 12563310 2973034 66816
23406669 12563310 2995615 67317
23580062 12657149 3018114 67837
23754758 12750411 3040766 68352
23929271 12843554 3063226 68865
24103072 12936627 3085702 69378
24277359 13123081 3108384 69870
24450824 13123081 3130873 70382
24623635 13216483 3153386 70920
24796969 13309310 3175835 71440
24969538 13402596 3198200 71971
25141921 13495840 3220739 72488
25315328 13588995 3230163 72993
25484854 13682021 3265428 72993
25654016 13773312 3274654 73497
25826026 13864554 3296925 73983
25996522 13955911 3319133 74481
26166619 14047392 3341086 74964
26339727 14138793 3376496 75440
26513910 14324740 3399117 75926
26690280 14419233 3422290 76399
26869420 14514579 3445499 76879
27049218 14610674 3478723 77355
27231911 14707444 3502604 77831
27415813 14804831 3526220 78330
27598856 14902782 3550235 78822
27784950 15001242 3574419 79314
27971796 15100137 3598502 79314
28159022 15199984 3622928 79803
28347751 15300172 3647346 80281
28536444 15400616 3671835 80764
28725992 15501291 3696742 81231
28916982 15602180 3721314 81707
29108730 15703229 3746400 82160
29494773 15804988 3771575 82634
29689004 15906879 3796529 83118
29883290 16008313 3821833 83590
30077807 16110381 3846913 83590
30272847 16212533 3872159 84063
30467906 16314726 3897411 84522
30662452 16416959 3922509 84990
30858017 16519222 3947832 85927
31052724 16621518 3972966 85927
31247417 16723821 3998172 86402
31443748 16826131 4023400 86863
31638592 16928451 4048484 87331
31835475 17030805 4073918 87789
32030454 17133189 4099048 88267
32225296 17236145 4124334 88748
32422379 17338581 4149775 89212
32618523 17441508 4174898 89690
32815211 17544443 4200500 90150
32815211 17647346 4225832 90628
33010718 17750424 4250845 91104
33202935 17852037 4275803 91570
33395961 17953561 4300595 91570
33588362 18055186 4325712 92510
33781405 18156910 4350730 92510
33974762 18258699 4375920 92984
34167657 18360549 4386433 93456
34361463 18462447 4426195 93925
34554676 18564387 4451543 94402
34748224 18666397 4476665 94867
35136175 18768445 4501830 95338
35332171 18870518 4527371 95788
35528723 18973149 4552764 96258
35725117 19076218 4563400 96741
35922423 19178750 4588958 97213
36118282 19281784 4628953 97213
36314395 19384280 4639544 98162
36314395 19487266 4665216 98654
36704783 19590230 4690412 99166
36704783 19692637 4715810 99665
36900663 19795554 4741036 99665
37095438 19898452 4766141 100649
37290130 20001275 4791702 101166
37484581 20104032 4816766 101707
37678116 20206250 4841998 102230
37872700 20309004 4867199 102230
38066375 20411757 4892176 102762
38259851 20514439 4917650 103808
38453577 20617070 4942709 103808
38646456 20719687 4967858 104360
38840221 20822295 4993045 104898
39033218 20924873 5017994 105442
39225737 21027417 5043356 105964
39420615 21129926 5068331 106515
39613351 21232439 5093546 107061
39806828 21334960 5118852 107594
40001319 21438029 5143900 108126
40195363 21541081 5169206 108647
40390090 21644054 5194200 109177
40583599 21746952 5219228 109177
40777294 21849761 5233552 110205
40967163 21950619 5258105 110205
41154182 22051391 5293096 110721
41345989 22152730 5318030 111224
41736720 22255214 5343259 111742
41936984 22358811 5369224 112244
42137772 22463417 5394890 112769
42340600 22569505 5421389 113817
42544030 22783884 5447721 113817
42748323 22891966 5474109 114369
42956338 23000548 5501089 114903
43164160 23110141 5527811 115441
43373436 23219584 5555057 115963
43582693 23329894 5582153 116499
43792829 23440509 5609378 117019
44003963 23551327 5636775 117019
44214742 23662298 5664060 118054
44428163 23773974 5691738 118054
44641282 23885262 5719115 118580
44855415 23997208 5746945 119089
45069345 24109279 5774624 119607
45283119 24221378 5802367 120107
45497392 24333491 5830171 120634
45710960 24445644 5857824 121160
45925844 24557840 5885686 121675
46140075 24670049 5913391 122174
46356288 24782829 5941340 122174
46572256 24895609 5969121 122672
46788321 25008358 5997175 123164
47005063 25121064 6025076 123655
47220861 25233719 6053039 124137
47437602 25346309 6081089 124613
47653660 25458881 6109045 125089
47870495 25571431 6137242 125560
48086754 25683963 6165200 126035
48302771 25796460 6193304 126499
48520221 25908928 6221250 126975
48736146 26021398 6249273 127437
48954412 26134429 6277274 127437
49171785 26246898 6305199 127907
49389177 26359663 6333288 128358
49603224 26471125 6360793 128823
49817467 26582558 6388506 129286
50032055 26694090 6416085 129757
50246066 26805705 6443793 130234
50461225 26917400 6471463 130702
50675781 27029153 6499134 131176
50891292 27140983 6527042 131639
51106250 27252883 6554728 132115
51321323 27364809 6582711 132575
51536513 27476784 6610487 133057
51751498 27588822 6638675 133532
51967789 27700915 6666593 134012
52183281 27813026 6694854 134480
52399327 27925146 6723032 134953
52614746 28037308 6751031 135426
52830777 28149515 6779377 135892
53048409 28261739 6807406 135892
53265582 28373975 6835643 136818
53483520 28486781 6863700 136818
53700530 28599083 6891891 137749
53918326 28711924 6919946 137749
54135166 28824765 6947994 138220
54352035 28937565 6976026 138685
54568653 29050318 7003991 139154
54785336 29163051 7032120 139622
55003089 29275753 7060080 140087
55219556 29388410 7088170 140562
55436478 29501026 7116061 141029
55652489 29613616 7144044 141507
55868929 29726204 7171933 141975
56084981 29838770 7199811 142461
56300687 29951315 7227773 142941
56516928 30063835 7255583 143419
56732487 30176357 7283591 143912
56948916 30288862 7311317 144397
57165477 30401347 7339296 144887
57381141 30513805 7367037 145367
57597309 30626259 7394916 145859
57812384 30738721 7406548 146347
58027852 30851138 7450321 146830
58241024 30962633 7461824 147321
58454594 31074077 7505551 147808
58668340 31186166 7517100 148312
58881413 31297836 7545002 148814
59095494 31410100 7572597 149317
59309810 31522420 7600263 150315
59524602 31634742 7628009 150315
59737302 31746563 7655462 150857
59952518 31858400 7683468 151383
60166904 31970831 7711081 151914
60381917 32083316 7739006 152430
60596190 32195790 7766654 152962
60810269 32308255 7794404 153501
61024932 32420717 7822138 154036
61237485 32533720 7849639 154583
61452037 32646156 7877447 155119
61664391 32759082 7904858 155676
61877218 32872019 7932659 156220
62089663 32984902 7960158 156783
62301940 33097714 7987882 157336
62516147 33209926 8015564 157890
62728545 33322675 8043162 158446
62943499 33434921 8070946 158992
63156527 33547683 8098466 159541
63371021 33659901 8126226 160077
63583965 33772642 8153822 160624
63796889 33885417 8181531 161153
64013841 33998155 8209240 161153
64227777 34110844 8236929 162213
64445021 34223497 8264679 162761
64659128 34336679 8292201 163318
64873370 34449313 8319963 163318
65087305 34562420 8347498 163869
65302157 34675483 8375221 164416
65519053 34787919 8402815 164954
65733914 34900860 8430445 165499
65950875 35013274 8458120 166033
66165674 35126177 8485650 166569
66380874 35239067 8513487 167088
66595433 35351825 8540743 167606
66804266 35461876 8568110 168117
67015799 35572865 8595604 168648
67228822 35685091 8623480 169168
67445073 35798445 8651716 169701
67662273 35912822 8679962 170257
67881717 36028130 8708653 170805
68102520 36144243 8737383 171359
68324720 36261069 8766466 171897
68550306 36379120 8795578 172458
68774898 36497173 8824959 173006
69002994 36616270 8854324 173006
69231246 36735806 8883902 173557
69462664 36855112 8913538 174093
69692855 36975281 8943250 174633
69925618 37095191 8973160 175165
70157184 37215908 9015670 175693
70390476 37336896 9033287 178550
