124384 150014 44734 0
196851 235968 70313 0
360882 425020 127757 1582
452507 524500 158902 1582
650501 628240 191604 1582
755913 736043 261310 1582
865090 962096 298077 1582
977599 1079530 335932 1582
1209728 1199444 374927 3021
1209728 1321525 414807 3021
1429026 1434990 451768 3021
1429026 1547003 488236 3021
1540552 1661505 525136 3021
1651043 1773374 561644 3021
1760137 1883529 597720 3021
1867896 1883529 633405 3021
1973970 1992227 668877 3021
2079089 2099654 690454 4172
2183982 2205952 725337 4172
2287570 2311227 759780 4172
2390485 2415120 794020 4172
2492761 2518244 828076 4172
2593965 2620731 862103 4172
2694761 2722668 896002 4172
2795901 2824124 909162 4172
2896800 2925158 942795 4172
2997390 3025816 976327 5196
3097086 3126142 1009707 5196
3097086 3225649 1042896 5196
3196492 3324894 1076025 5196
3393698 3423961 1109255 5196
3492856 3522866 1142462 5196
3591999 3621639 1175506 5196
3691034 3720298 1208509 6109
3691034 3818857 1241489 6109
3789893 3916793 1274249 6109
3888047 4014631 1306981 6109
3985484 4112443 1339843 6109
4082895 4210246 1372708 6109
4181037 4308049 1405435 6109
4279245 4405856 1438159 6924
4377426 4503115 1470819 6924
4474986 4600379 1503364 6924
4572545 4697699 1535939 6924
4669613 4795079 1568688 6924
4767424 4892507 1601335 6924
4865315 4989976 1633988 7654
4963193 5086937 1666578 7654
5060460 5183929 1699052 7654
5157173 5280994 1731714 7654
5254170 5280994 1764166 7654
5349761 5378263 1796121 8246
5445413 5473656 1828112 8246
5540651 5569072 1859973 8246
5636123 5664162 1891916 8246
5731901 5759470 1923960 8246
5827938 5855045 1956086 8779
5924205 5950864 1988214 8779
6020018 6046356 2020278 8779
6116029 6142045 2052417 8779
6212280 6237961 2084621 9261
6308700 6334086 2116812 9261
6404701 6429861 2148941 9261
6500837 6525792 2181125 9699
6597194 6621920 2213378 9699
6693726 6718221 2245606 9699
6789780 6814159 2277759 10098
6885998 6910257 2309987 10098
6982419 7006547 2342195 10098
7078451 7102472 2374350 10098
7174657 7198540 2406568 10464
7271066 7294800 2438772 10464
7367059 7390683 2470922 10800
7463228 7486719 2503139 10800
7559669 7582941 2535358 10800
7655697 7678804 2567509 11110
7751867 7774828 2599723 11110
7847684 7871057 2631817 11398
7943717 7966923 2663988 11398
8040007 8062954 2696161 11398
8135927 8158633 2728280 11666
8232031 8254487 2760391 11666
8327737 8350014 2792452 11917
8423666 8445737 2824513 11917
8519260 8541132 2856536 12153
8615090 8636748 2888545 12153
8710499 8732051 2920514 12376
8806161 8827580 2952484 12587
8901438 8922820 2984413 12587
8997005 9018250 3016247 12780
9092328 9113418 3047936 12780
9186062 9207555 3079359 12963
9280068 9301385 3110808 13139
9373919 9395044 3142209 13311
9467604 9488554 3173616 13311
9561061 9582497 3204962 13479
9654955 9676319 3236371 13642
9748746 9769985 3267743 13802
9842368 9863486 3299127 13802
9935766 9957405 3330452 13959
10029586 10051209 3361836 14113
10123300 10144859 3393176 14265
10216837 10238363 3424454 14416
10310180 10331737 3455757 14564
10403365 10425531 3487013 14564
10496399 10519233 3518222 14711
10589955 10612791 3549495 14857
10683355 10706226 3580729 15002
10776586 10799531 3611911 15146
10869683 10892729 3643051 15290
10962652 10985826 3674142 15433
11055492 11078821 3705204 15575
11148237 11172295 3736317 15715
11240905 11265706 3767409 15715
11333504 11359013 3798461 15855
11426663 11452219 3817429 15993
11519742 11545330 3848576 16131
11612717 11638359 3879678 16269
11705557 11731312 3910731 16407
11798224 11824181 3941748 16545
11890781 11917002 3972735 16683
11983298 12009777 4003694 16821
12075727 12102511 4034625 16959
12168108 12195204 4065552 17096
12260462 12287852 4096464 17232
12352781 12381009 4127357 17368
12445012 12474143 4158230 17503
12537195 12567194 4189180 17638
12629347 12660173 4220115 17638
12721468 12753090 4251020 17773
12813573 12845914 4263160 17908
12904233 12936904 4293802 18041
12993635 13026871 4323936 18174
13084040 13117921 4372496 18310
13176336 13210139 4415569 18446
13269819 13303450 4446943 18583
13364168 13397739 4478601 18721
13459306 13492908 4510523 18860
13555160 13588858 4542685 19000
13651721 13685500 4575061 19141
13748848 13880576 4607614 19282
13846480 13978886 4640348 19424
13944578 14077638 4673228 19710
14043069 14176791 4706233 19855
14141945 14276298 4739361 20000
14241157 14376112 4772591 20000
14340637 14476200 4805903 20146
14440383 14576519 4839317 20292
14540358 14677054 4872814 20438
14640589 14777788 4906385 20585
14741030 14879269 4940023 20732
14841678 14980893 4973726 20879
14942490 15082602 5007465 21027
15043408 15184369 5041239 21175
15144416 15286179 5075049 21323
15245544 15388044 5108992 21471
15448062 15489949 5142966 21619
15550138 15591891 5176970 21765
15652289 15693869 5211126 21913
15754429 15795881 5245173 22061
15857062 15898326 5279413 22209
15959723 16000801 5313769 22508
