68936 92642 27614 1338
157815 211410 50732 1338
265181 279860 89341 1338
393414 433062 124963 2600
464821 516673 159079 2600
540798 602879 185224 2600
706926 691232 229944 2600
795441 877407 271275 2600
886888 974740 302233 2600
980482 1074498 334132 3756
1174591 1176383 386783 3756
1275389 1279523 420373 3756
1378147 1384312 454595 3756
1482627 1490618 503221 3756
1588647 1598294 538721 3756
1695989 1707156 574757 4795
1803870 1817056 611113 4795
1912179 2038933 647678 4795
2022026 2151183 684523 4795
2133513 2264105 721781 4795
2245878 2377610 759310 4795
2358876 2491633 797175 5726
2471837 2606098 820252 5726
2471837 2606098 820252 5726
2579388 2606098 856430 5726
2678993 2714995 889899 5726
2777601 2815767 923000 5726
2875957 2915440 956015 5726
2974184 3014798 988971 6486
3072316 3113948 1021865 6486
3169252 3211711 1067459 6486
3269124 3311670 1101328 6486
3478184 3520673 1136233 6486
3586812 3629200 1194217 7165
3697035 3740004 1231297 7165
3809338 3852176 1268925 7165
3923583 3966111 1322389 7165
4039530 4081669 1361387 7780
4156983 4198667 1400767 7780
4275091 4316319 1440439 7780
4394411 4435104 1480494 8338
4514792 4554942 1520909 8338
4636132 4796710 1561550 8338
4757694 4918438 1602340 8338
4880141 5040864 1643392 8847
5003292 5163313 1684612 8847
5250200 5286320 1725902 8847
5374517 5409878 1767389 9313
5498707 5533914 1808973 9313
5623396 5657769 1850597 9741
5748550 5782001 1892379 9741
5873468 5906034 1934221 9741
5998758 6030436 2001566 10136
6124458 6155220 2018055 10136
6249849 6279766 2085602 10502
6375643 6404598 2102092 10502
6501184 6529180 2169698 10843
6626982 6654055 2186195 10843
6752535 6778657 2253805 11163
6878391 6903557 2270311 11163
7003955 7028188 2337959 11464
7129918 7153115 2354472 11464
7129918 7277774 2396430 11734
7254419 7401666 2437915 11734
7377486 7523782 2479088 11990
7500368 7646266 2520193 12236
7746541 7768747 2561367 12236
7746541 7891183 2602669 12472
7993312 8014169 2643961 12700
8117175 8137124 2685442 12700
8240965 8259988 2726896 12921
8364690 8382755 2768308 13136
8488897 8506044 2809674 13345
8613040 8629262 2851240 13549
8737105 8752358 2892778 13549
8860958 8875339 2934268 13750
8984636 8998810 2975714 13948
9108885 9122194 3017188 14142
9233003 9245446 3058750 14334
9356976 9368569 3100279 14334
9480820 9491535 3141759 14523
9604506 9614399 3183185 14710
9728085 9737767 3224573 14895
9852269 9861062 3265929 15077
9976355 9984242 3307477 15258
10100259 10107306 3348994 15438
10224048 10230263 3390458 15617
10224048 10353124 3431882 15796
10347714 10475904 3473256 15975
10471207 10598592 3514585 16153
10594575 10721214 3555871 16153
10717873 10843787 3597127 16331
10964206 10966312 3638369 16509
10964206 11089218 3679664 16686
11211424 11212674 3721038 16863
11334884 11336033 3762390 17040
11458964 11459257 3803708 17215
11582962 11582352 3845223 17389
11706812 11705333 3886717 17563
11830596 11828213 3928173 17737
11830596 11950999 3969595 17911
11954249 12073710 4010977 18085
12077772 12073710 4052321 18258
12201202 12196365 4093409 18430
12322888 12317355 4134113 18430
12444361 12438260 4174814 18602
12565973 12559264 4215548 18774
12687740 12801612 4256307 18946
12809563 12922937 4297109 19118
12931503 13044939 4337931 19289
13053510 13166988 4378774 19460
13175589 13289037 4419624 19632
13297638 13411086 4460486 19805
13419706 13533139 4501365 19978
13541923 13655205 4542263 20150
13664190 13777275 4583314 20322
13786457 13899351 4624374 20494
13909403 14021433 4665429 20666
14032428 14143530 4706573 20837
14155412 14265631 4747731 21007
14278382 14387736 4788876 21177
14401332 14509841 4830005 21347
14524212 14631941 4871136 21517
14647060 14754038 4912251 21687
14769921 14876136 4953361 21857
14892773 14998235 4994471 22027
15015560 15120337 5035580 22198
15138362 15242442 5076679 22369
15261135 15364544 5117754 22540
15383879 15486643 5158838 22711
15506614 15608742 5199915 22711
15629350 15730848 5240987 22882
15752082 15852946 5282062 23053
15874801 15975044 5323132 23224
15997513 16097148 5364204 23566
