130619 150941 44381 0
205936 236485 80942 0
287045 415988 123862 1355
444053 504217 150733 1355
525356 596649 178644 1355
608158 688733 206822 1355
692349 781341 235382 1355
778557 873966 264327 1355
865953 967116 293623 1355
954344 1060788 323273 2585
1043733 1154929 353221 2585
1133346 1248947 383371 2585
1223608 1343323 425539 2585
1406224 1438061 474764 2585
1498391 1533137 505735 2585
1591067 1627970 536853 2585
1684279 1723064 568128 2585
1777897 1818444 599553 3684
1871955 1914079 631039 3684
1965787 2009421 662499 3684
2060002 2104978 694088 3684
2154576 2200781 725811 3684
2249466 2296804 757645 3684
2344653 2393035 789540 3684
2440150 2489441 821531 4664
2535888 2586002 853612 4664
2631246 2682706 885581 4664
2726797 2778987 917603 4664
2822591 2875383 949679 4664
2918621 2971932 981833 4664
3014896 3068624 1014075 4664
3111328 3165435 1046386 4664
3207940 3262345 1078736 5539
3304717 3359364 1111046 5539
3400989 3455921 1143270 5539
3497373 3552552 1175551 5539
3593912 3649295 1207902 5539
3690636 3746150 1240288 5539
3787489 3843120 1272697 6321
3884433 3940182 1305061 6321
3980894 4036793 1337352 6321
4077449 4133477 1369702 6321
4174030 4230278 1402081 6321
4268877 4327128 1434207 6321
4363822 4422181 1465984 6955
4459064 4517326 1497755 6955
4553970 4612205 1529513 6955
4649118 4707330 1561343 6955
4744578 4802752 1593259 7524
4840256 4898431 1625264 7524
4935567 4994347 1657165 7524
5031107 5089937 1689149 7524
5126915 5185719 1721187 7524
5222978 5281704 1753317 8039
5319243 5377895 1785446 8039
5415070 5473726 1817526 8039
5511086 5569716 1849678 8506
5607357 5665911 1881878 8506
5703204 5762279 1913944 8506
5799211 5858260 1946076 8506
5895407 5954373 1978282 8932
5991740 6050667 2010458 8932
6087659 6146601 2042552 8932
6183754 6242692 2074711 9322
6280019 6338978 2106863 9322
6375851 6434901 2138972 9322
6471862 6530974 2171126 9680
6568111 6627238 2203257 9680
6663975 6723140 2235345 9680
6760018 6819187 2267519 10010
6856269 6915418 2299694 10010
6952111 7011257 2331794 10314
7048142 7107251 2363865 10314
7143768 7202902 2395884 10597
7239528 7298737 2427972 10597
7334888 7394251 2459940 10862
7430427 7489976 2491944 10862
7525687 7585387 2523833 11111
7621170 7681001 2555808 11111
7716343 7776853 2587689 11345
7811770 7872382 2619658 11345
7906863 7967574 2651488 11567
8002216 8063001 2683338 11567
8095608 8158169 2714606 11770
8188646 8251853 2745890 11963
8282134 8345259 2777102 11963
8375479 8438539 2789345 12150
8468640 8532231 2839511 12331
8562263 8625819 2870786 12506
8655729 8719275 2902069 12506
8749030 8812604 2914314 12677
8842112 8906370 2964456 12845
8935626 9000034 2995709 13010
9029026 9093561 3007887 13173
9122230 9186965 3039130 13173
9215284 9280249 3070330 13333
9308170 9373967 3120414 13489
9401595 9467601 3151610 13642
9494887 9561101 3163780 13794
9588008 9654474 3194925 13945
9680953 9747735 3226117 13945
9680953 9840890 3257250 14094
9773766 9934494 3288331 14242
9866466 10028017 3319375 14389
9959049 10121423 3338228 14534
10051555 10214716 3369362 14679
10143987 10307910 3400438 14824
10236308 10401016 3431473 14968
10329184 10494035 3462487 15112
10421971 10586989 3493455 15256
10514661 10679881 3536481 15399
10607251 10772703 3567481 15399
10699760 10865482 3586306 15541
10792209 10958212 3629414 15683
10884602 11051443 3648199 15824
10976931 11144648 3679132 15965
11069235 11237779 3710058 16106
11161515 11330822 3740950 16247
11253727 11423789 3771953 16387
11346524 11516684 3802961 16527
11439311 11609526 3846046 16666
11532039 11702316 3877078 16666
11624669 11795090 3895919 16804
11717188 11886292 3926927 16941
11808063 11977442 3957366 17078
11898843 12068686 3987763 17215
11989667 12160588 4018194 17352
12080564 12252590 4048650 17490
12171547 12343581 4079108 17627
12261737 12435538 4109340 17765
12352870 12528593 4152057 17906
12538357 12622658 4183079 18048
12632490 12717599 4233579 18191
12727461 12813329 4265397 18334
12823161 12909783 4297432 18479
12919513 13006867 4329829 18624
13016391 13104498 4362418 18769
13114443 13202623 4395178 18914
13212987 13301210 4428066 19060
13311919 13400208 4461068 19207
13411149 13499570 4494186 19354
13510645 13599255 4527417 19501
13610412 13699229 4560757 19648
13710423 13799459 4594191 19795
13810614 13899913 4627686 19944
13911005 14000575 4661227 20093
14011553 14101407 4694822 20242
14112250 14202388 4728472 20391
14213067 14303515 4762175 20540
14313984 14404759 4796011 20689
14415061 14506118 4829906 20838
14516726 14608026 4864011 20987
14618499 14710548 4898128 21136
14720292 14813121 4932242 21285
14822106 14915669 4966342 21434
14923920 15018174 5000438 21584
15025762 15120655 5034541 21734
15127660 15223119 5068666 21882
15230229 15325552 5102940 21882
15332821 15427965 5137223 22030
15435398 15530365 5171505 22177
15537920 15632737 5205780 22324
15640363 15735093 5239995 22471
15742382 15837127 5273917 22618
15842805 15937673 5307502 22913
