0 28554 0 1864
70856 88253 9751 2891
100329 125225 29099 2891
164753 207884 44564 4095
246072 307710 71963 4095
292127 363360 104397 4095
395464 487226 122405 4095
453009 554903 162120 5210
580501 625945 183836 5210
648714 775605 206501 5210
719669 853830 244549 5210
793192 934255 279337 5210
946811 1016646 305167 5210
1026727 1100171 331840 6221
1108357 1185225 359124 6221
1190964 1271711 386962 6221
1274984 1358342 432477 6221
1360448 1535007 461372 6221
1447117 1624909 490661 6221
1534928 1715724 532043 6221
1713606 1807350 562126 7129
1803670 1899680 592423 7129
1894512 1992079 622829 7129
1986067 2085038 653480 7129
2078283 2178547 684360 7129
2171113 2272554 715425 7129
2264484 2366998 746666 7942
2358351 2461828 778011 7942
2452058 2556456 809508 7942
2546175 2651393 841006 7942
2640692 2746653 872629 7942
2735556 2842213 904380 7942
2830736 2938036 936243 8671
2926220 3034096 968107 8671
3021372 3129815 999943 8671
3114523 3223966 1031554 8671
3205607 3316067 1062525 8671
3297168 3408471 1093123 9274
3389363 3501446 1123880 9274
3481487 3594965 1154767 9274
3574221 3688398 1185728 9274
3667505 3782249 1216868 9274
3761332 3876536 1248191 9816
3855673 3971209 1279704 9816
3949881 4065698 1311301 9816
4044407 4160504 1342884 9816
4139281 4255634 1374577 10306
4234518 4351066 1406398 10306
4329433 4446183 1438261 10306
4424683 4541553 1470085 10306
4520228 4637197 1521460 10751
4616066 4733095 1534026 10751
4711544 4828675 1566078 10751
4807266 4924453 1617579 11157
4903271 5020470 1630161 11157
4998913 5116694 1681727 11157
5094790 5212560 1713840 11529
5190965 5308588 1726456 11529
5287380 5404816 1778106 11529
5383394 5500683 1810229 11870
5479570 5596704 1822849 11870
5575979 5692913 1874543 11870
5671966 5788765 1906706 12184
5768134 5884781 1919326 12184
5863891 5980453 1970991 12475
5959821 6076284 1983583 12475
6056001 6172332 2015679 12746
6151820 6268040 2047735 12746
6247795 6363926 2079778 13000
6343398 6459481 2111757 13000
6439201 6555216 2143743 13239
6534640 6650636 2175699 13239
6630305 6746264 2207657 13466
6725591 6841597 2239556 13466
6820536 6936608 2271460 13682
6915743 7031856 2303341 13879
7009368 7125643 2335071 13879
7103289 7219667 2366427 14068
7197009 7313545 2397746 14250
7290495 7407253 2429133 14250
7384426 7501354 2460473 14426
7478190 7595296 2491752 14597
7571764 7689084 2523156 14764
7665620 7783121 2554589 14764
7759956 7877568 2586071 14927
7854100 7971857 2617485 15088
7947971 8065946 2648881 15246
8041615 8159837 2680341 15401
8135063 8254106 2711746 15401
8228946 8348229 2743092 15554
8322718 8442182 2774371 15705
8416328 8535968 2805602 15854
8509773 8629604 2836879 16000
8603082 8723095 2868249 16145
8696292 8816472 2899564 16145
8789982 8910295 2930837 16288
8883540 9004005 2962062 16430
8976927 9097560 2993247 16572
9070180 9190985 3024372 16714
9163265 9284286 3055546 16854
9256218 9377487 3086821 16994
9349084 9470599 3118058 17134
9441855 9563628 3149233 17273
9534530 9657137 3180372 17411
9627744 9750588 3211488 17411
9720911 9843931 3242566 17549
9813920 9937170 3273588 17687
9906763 10030317 3304590 17825
9999543 10123378 3335582 17962
10092251 10216368 3366554 18099
10184878 10309290 3397494 18235
10277429 10402142 3428504 18370
10369917 10494936 3459635 18505
10462322 10587688 3490721 18640
10554625 10680394 3521764 18775
10646938 10773109 3552782 18908
10737255 10863888 3583523 19041
10827500 10954626 3613823 19174
10917864 11045512 3644132 19307
11008386 11136548 3674489 19307
11099024 11227725 3704871 19574
11188836 11318555 3735214 19709
11279678 11410449 3765600 19848
11371704 11502906 3796338 19987
11464763 11596966 3827423 20126
11558754 11691992 3858835 20265
11654311 11787789 3890544 20405
11750600 11884306 3922499 20545
11847501 11981461 3954680 20685
11944978 12079192 4006873 20825
12042954 12177432 4039590 20966
12141391 12276128 4072449 21107
12240232 12375229 4105448 21248
12339455 12474688 4138580 21248
12438982 12574465 4171966 21389
12538815 12674526 4205553 21530
12638906 12774829 4239221 21672
12739246 12875358 4272953 21814
12839775 12976083 4306716 21956
12940490 13076985 4340514 22098
13041324 13178029 4374352 22240
13142273 13279209 4408222 22382
13243368 13380524 4442136 22524
13344562 13481949 4476083 22666
13445869 13584039 4510073 22808
13547310 13686220 4544086 22951
13648804 13788418 4578121 23094
13750374 13890635 4612147 23237
13851986 13992856 4646180 23380
13953612 14095073 4680225 23523
14055955 14197303 4714296 23666
14158391 14299544 4748400 23809
14260828 14401788 4782525 23952
14363275 14504042 4816669 24095
14465703 14606309 4850824 24238
14568109 14708572 4884882 24380
14670146 14810554 4918451 24523
14770668 14911136 4952020 24667
14871216 15011753 4985633 24811
14971943 15112542 5019311 24955
15072805 15213497 5053052 25098
15173828 15314599 5087071 25098
15274954 15415818 5121129 25241
15376193 15517155 5155220 25383
15477565 15618582 5189333 25668
15579041 15720099 5223450 25813
15680585 15821708 5257551 25959
15782137 15923392 5291640 25959
15883687 16025135 5325720 26105
15985295 16126947 5359803 26251
16086914 16228773 5393906 26543
16188603 16330649 5393906 26882
