41174 89783 11103 0
97195 127768 25582 1075
164927 211820 48802 1075
205141 314143 77081 1075
297472 372394 100100 2098
404945 498897 129180 2098
463668 567173 148937 2098
591891 638682 191862 2098
661850 713151 215055 3046
733730 868617 239080 3046
808099 949272 273867 3046
884868 1031862 315593 3046
1044491 1115561 342591 3046
1126982 1200772 370162 3906
1210965 1287391 398246 3906
1295637 1375288 426559 3906
1381669 1463729 455310 3906
1468871 1553168 484465 3906
1557180 1734794 513980 4679
1646438 1826779 543837 4679
1736489 1918866 585843 4679
1826772 2011543 634601 4679
1917775 2104798 665270 4679
2009461 2198578 696154 4679
2101801 2292828 727242 5374
2194705 2387487 758432 5374
2380869 2481965 789656 5374
2474744 2576216 821183 5374
2569026 2670807 852870 5374
2663739 2765762 884668 6000
2758754 2861040 916485 6000
2853465 2956033 948272 6000
2948467 3051282 980159 6000
3044265 3147294 1012196 6565
3140362 3243538 1044421 6565
3236115 3339961 1076398 6565
3330262 3434698 1107756 6565
3422973 3528026 1138869 6565
3516556 3622117 1170167 7042
3610642 3716634 1201657 7042
3704600 3810971 1233181 7042
3798883 3905641 1264844 7475
3893541 4000658 1296603 7475
3987946 4095448 1328267 7475
4082662 4190514 1360024 7871
4177712 4285881 1391897 7871
4272493 4380995 1423794 7871
4367520 4476360 1455644 8235
4462902 4571980 1487582 8235
4557994 4667300 1519429 8235
4653323 4762844 1551367 8570
4748890 4858640 1583294 8570
4844139 4954123 1615187 8880
4939640 5049799 1647168 8880
5034796 5145705 1679168 8880
5130163 5241290 1711123 9168
5225834 5337059 1743061 9168
5321186 5432516 1774970 9437
5416799 5528176 1806979 9437
5512548 5623938 1839046 9689
5608467 5719914 1871089 9689
5704017 5815558 1903075 9927
5799784 5911387 1935055 10152
5895188 6006882 1967005 10152
5990133 6102564 1998954 10366
6085830 6198357 2030897 10571
6181253 6293809 2062816 10571
6276260 6389462 2094734 10769
6371510 6484812 2126624 10960
6466448 6579848 2158410 10960
6561074 6675121 2190189 11144
6656542 6770572 2221932 11323
6751744 6865714 2253762 11323
6846635 6961105 2285642 11496
6941753 7056217 2317396 11665
7036601 7151028 2349127 11828
7131229 7245646 2380619 11828
7224319 7339277 2411684 11987
7317106 7433222 2442788 12143
7409748 7527046 2473849 12298
7502955 7620189 2504997 12451
7596050 7713184 2536206 12602
7689050 7806117 2567374 12752
7782445 7899413 2598565 12752
7875771 7992632 2629821 12902
7968936 8086316 2661182 13050
8062603 8179914 2692484 13196
8156619 8273805 2723795 13342
8250947 8367993 2755212 13488
8345052 8462027 2786764 13632
8439385 8556316 2818300 13776
8533464 8650968 2849718 13920
8627333 8745433 2881070 14064
8720986 8839174 2912492 14208
8814823 8933150 2943892 14208
8908465 9027487 2975182 14352
9001975 9121658 3006686 14494
9095263 9215631 3038144 14636
9188332 9309974 3069398 14778
9281252 9404165 3100570 14920
9374711 9498159 3131698 15062
9467993 9591972 3162788 15204
9561130 9685616 3193826 15346
9654160 9779120 3224835 15488
9654160 9871995 3256031 15629
9747094 9964762 3287207 15770
9839845 10058018 3318191 15911
9932459 10151241 3349140 16052
10024991 10244371 3380076 16052
10117450 10337410 3410996 16192
10209818 10430794 3442211 16330
10302627 10524076 3473520 16468
10488101 10617247 3504790 16606
10581341 10710331 3536021 16743
10674501 10803885 3567083 16880
10674501 10897360 3585962 17017
10767580 10897360 3598106 17152
10860477 10990680 3628844 17287
10951199 11081893 3671077 17422
11041812 11173006 3701455 17422
11132547 11264226 3719888 17557
11223368 11355556 3762252 17691
11313592 11537996 3792611 17959
11404923 11631475 3842093 18096
11590688 11725412 3873360 18234
11685015 11820809 3904936 18374
11780148 11917031 3936787 18514
11875987 12013931 3969021 18654
11972487 12111430 4001464 18794
12069609 12209471 4034095 18794
12167269 12307988 4066893 18935
12266104 12406400 4099991 19217
12365350 12505195 4133231 19217
12464895 12604953 4166449 19359
12564729 12705055 4199750 19501
12664860 12805407 4233160 19643
12765241 12905971 4266658 19785
12866341 13006612 4300530 19927
12967650 13107401 4334584 20069
13069002 13208345 4368667 20212
13170430 13309998 4402641 20355
13271920 13411782 4436624 20498
13373512 13513624 4470624 20641
13475213 13615517 4504649 20783
13577008 13717434 4538978 20925
13678843 13819383 4573325 21068
13781216 13921810 4607731 21211
13883684 14024827 4642112 21354
13986759 14127840 4676480 21497
14089837 14230783 4710850 21640
14192860 14333160 4745344 21783
14295792 14435482 4779826 21927
14398634 14538364 4814159 22071
14501383 14641254 4848458 22215
14604013 14744040 4882723 22359
14706580 14846765 4916969 22359
14808831 14949443 4951126 22503
14909604 15051791 4984798 22646
15010373 15152672 5018472 22789
15111311 15253036 5052420 22931
15212410 15353545 5086436 23073
15313659 15454250 5120489 23215
15414992 15555707 5154446 23357
15516395 15657326 5188405 23500
15617865 15759035 5222375 23643
15719410 15860813 5256362 23786
15821076 15962646 5290388 23929
15922852 16064530 5324446 24071
16024676 16167023 5358653 24212
16126600 16269010 5393029 24506
