92886 113460 23418 1581
147161 179793 62258 1581
264271 251803 82964 1581
323689 391145 103319 1581
456655 465617 147062 2889
530246 544865 171261 2889
604963 628512 196532 2889
681761 798385 237842 2889
760557 884202 275344 2889
923402 971206 302955 2889
1007194 1059399 331068 2889
1092366 1148649 359636 2889
1178792 1238846 388612 4069
1266312 1329882 417961 4069
1354295 1421094 447438 4069
1443188 1512964 477232 4069
1532966 1605459 507314 4069
1623566 1698528 556219 4069
1714872 1792102 586957 4069
1806861 1886130 617880 4069
1899381 1980561 648964 5122
1992412 2075345 680213 5122
2085901 2170438 711433 5122
2179238 2265275 755137 5122
2368853 2360376 786843 5122
2464565 2455576 818676 5122
2560472 2551020 850599 5122
2656545 2646703 882582 5122
2752791 2742594 914640 6061
2848592 2838672 946705 6061
2944548 2934382 978714 6061
3040670 3030234 1010776 6061
3136987 3126276 1042890 6061
3233402 3222475 1075072 6061
3329918 3318793 1107306 6061
3426564 3415234 1139578 6899
3522696 3511791 1171813 6899
3618976 3607923 1203964 6899
3715424 3704162 1236176 6899
3812024 3800547 1268454 6899
3908740 3897061 1300769 6899
4005564 3993696 1333123 7649
4005564 4090445 1352808 7649
4102195 4187120 1384943 7649
4196140 4282036 1416470 7649
4290192 4377004 1448068 7649
4385320 4471680 1492221 7649
4480819 4566624 1511558 8258
4576520 4661850 1555917 8258
4671831 4756783 1587763 8258
4767412 4851959 1619692 8258
4959350 4947390 1651697 8258
4959350 5043066 1683804 8806
5151412 5138961 1715982 8806
5247969 5235051 1748193 8806
5344784 5331154 1780453 8806
5441710 5427423 1812756 9301
5538000 5523821 1845096 9301
5635037 5620357 1877463 9301
5732223 5716864 1909865 9750
5732223 5813474 1942292 9750
5829467 5910184 1974660 9750
6021849 6007012 2006943 9750
6118766 6103930 2039345 10159
6216507 6200920 2071819 10159
6313745 6297834 2104197 10159
6410993 6394274 2136590 10533
6508167 6490773 2169001 10533
6604759 6588010 2201423 10533
6701945 6685180 2233955 10877
6799953 6782376 2266545 10877
6897394 6879447 2299020 10877
6897394 6976015 2331511 11194
6994843 7072628 2363967 11194
7091188 7169349 2396335 11487
7187586 7266165 2428660 11487
7380760 7363071 2460973 11759
7478224 7459548 2493429 11759
7575221 7555931 2525867 11759
7575221 7651888 2558227 12013
7672278 7747963 2590543 12013
7768249 7844210 2622772 12251
7864300 7940610 2642376 12251
7960039 8036607 2674138 12464
8054117 8130972 2705707 12665
8147709 8224890 2737148 12665
8240982 8319082 2768478 12859
8334618 8413073 2799890 13046
8428037 8506819 2831235 13046
8521261 8600912 2862519 13227
8614858 8694830 2893920 13402
8708311 8788564 2925254 13573
8801563 8882108 2956522 13573
8895244 8976040 2987733 13738
8988699 9069832 3019058 13900
9081896 9163444 3050300 14060
9174941 9256880 3081498 14060
9268411 9350719 3112647 14216
9361726 9444419 3143721 14369
9454813 9537936 3174936 14520
9547748 9631286 3206122 14669
9640508 9724478 3237262 14817
9733109 9817548 3249419 14964
9826216 9911062 3280455 14964
9919196 10004482 3311453 15111
10012006 10097759 3342415 15257
10104632 10190907 3392109 15403
10197169 10283940 3423172 15547
10289580 10376867 3435339 15690
10381854 10469703 3466372 15832
10474079 10562461 3497360 15974
10566208 10655148 3528300 16113
10658873 10748316 3559216 16113
10751467 10841412 3590092 16252
10843990 10934397 3620946 16390
10936355 11027239 3651848 16526
11028626 11119988 3682863 16661
11120860 11212663 3713857 16796
11212999 11305270 3744804 16930
11305087 11397815 3775731 17062
11397769 11490862 3806638 17194
11490419 11583867 3837521 17194
11582942 11676771 3868364 17326
11675326 11769565 3898990 17457
11765966 11860710 3929256 17588
11856520 11951781 3959510 17720
11947145 12042940 3989647 17852
12037148 12133432 4019720 17984
12128190 12224968 4050151 18119
12220324 12317621 4099910 18254
12313427 12411270 4131477 18389
12407411 12505824 4163285 18525
12502188 12601191 4195331 18661
12597661 12697284 4227585 18799
12693811 12794024 4272813 18937
12790530 12891342 4305476 19076
12887767 12989176 4338275 19215
13083630 13186162 4371217 19354
13182177 13285805 4404289 19493
13281685 13385764 4437477 19632
13381483 13485964 4470744 19772
13480903 13586365 4504076 19914
13580504 13686930 4537468 20057
13680989 13787641 4570945 20199
13781684 13888472 4604495 20340
13882505 13989418 4638101 20481
13983438 14090474 4671844 20622
14084432 14191625 4705550 20765
14185468 14292868 4739267 20908
14286559 14394194 4773006 21051
14387741 14495593 4806855 21193
14489015 14597048 4840876 21335
14590325 14698559 4874925 21477
14691713 14800121 4908987 21619
14793117 14901726 4943055 21761
14894554 15003376 4977125 21903
14996005 15105064 5011193 22047
15097453 15206776 5045242 22191
15198918 15308523 5079270 22191
15300412 15410270 5113288 22335
15401965 15512606 5147321 22478
15504193 15614961 5181371 22620
15606146 15717002 5215398 22761
15706491 15817531 5249177 22901
15806813 15918027 5282640 23041
15907267 16018656 5316133 23181
16007876 16119439 5349684 23322
