67827 89762 27937 0
151644 142692 44064 0
254747 266738 80594 1227
313272 336279 100943 1227
440985 486232 145088 1227
512208 565243 168980 1227
665539 647356 204405 1227
746776 732370 247316 2361
829967 909334 275416 2361
914830 1000712 304208 2361
1002694 1093986 333577 2361
1184847 1188937 363658 2361
1277862 1285384 425796 2361
1372327 1383149 457745 3385
1468186 1482075 490042 3385
1565297 1581421 522452 3385
1663530 1681668 555233 3385
1762848 1782760 588483 3385
1863140 1884026 622091 3385
1963703 1985981 656139 4304
2065049 2088613 690432 4304
2167058 2191854 724581 4304
2269692 2295045 758901 4304
2372915 2502815 793413 4304
2476636 2607366 828113 4304
2580905 2607366 861417 5054
2680843 2708040 893923 5054
2777918 2806240 926738 5054
2875126 2904554 959790 5054
2971594 3003841 992863 5054
3068134 3101923 1025589 5054
3164789 3199846 1058278 5726
3262201 3297738 1090767 5726
3359083 3395069 1123135 5726
3456040 3492392 1155539 5726
3553094 3589756 1187969 6331
3650228 3687165 1220427 6331
3747412 3784613 1252838 6331
3844070 3881562 1285159 6331
3940778 3978533 1317511 6331
4037622 4075574 1349907 6877
4134571 4172691 1382247 6877
4230981 4269339 1414500 6877
4327524 4366052 1446810 6877
4424216 4462860 1479181 7372
4521094 4559764 1511523 7372
4617495 4656224 1543770 7372
4713937 4752761 1576052 7372
4810527 4849423 1608389 7822
4907268 4946195 1640704 7822
5003553 5042535 1672951 7822
5099990 5138981 1705232 8232
5196576 5235579 1737563 8232
5292665 5331762 1769732 8232
5388888 5428060 1801962 8607
5485347 5524508 1834267 8607
5581373 5620573 1866410 8607
5677520 5716771 1898595 8952
5773870 5813142 1930777 8952
5869811 5909131 1962909 8952
5965955 6005267 1995108 9270
6062289 6101588 2027271 9270
6158151 6197539 2059366 9565
6254206 6293638 2091457 9565
6349889 6389390 2123515 9824
6445807 6485323 2155417 9824
6539694 6579341 2186838 10065
6633768 6673527 2218351 10065
6727644 6767533 2249803 10292
6821909 6861893 2281308 10292
6915985 6956094 2312814 10508
7010419 7050637 2344366 10714
7104611 7145001 2375925 10714
7198571 7239689 2407412 10911
7292915 7334183 2438933 11102
7387019 7428458 2470448 11102
7480904 7523067 2501908 11286
7575163 7617488 2533429 11464
7669292 7711690 2564969 11637
7763153 7805689 2596408 11637
7856745 7900046 2627771 11806
7950751 7994241 2659202 11970
8044624 8088220 2690658 12131
8138295 8182017 2722038 12131
8231746 8276202 2753355 12289
8325669 8370253 2784759 12443
8419501 8464129 2816124 12595
8513147 8557841 2847488 12595
8606617 8651932 2878813 12744
8699954 8745884 2910102 12891
8793815 8839652 2941475 13035
8887522 8933270 2972778 13178
8981062 9026751 3004042 13320
9074455 9120102 3016325 13460
9167712 9213884 3047623 13460
9260807 9307575 3078862 13600
9353752 9401130 3128971 13740
9447220 9494545 3141180 13878
9540602 9587845 3160221 14016
9633828 9681034 3191432 14154
9726911 9774138 3222581 14292
9819875 9867154 3253699 14430
9912747 9960100 3296942 14568
10005448 10052970 3328060 14705
10098058 10145775 3346933 14705
10098058 10238559 3377989 14842
10190618 10330290 3408835 14977
10281636 10421960 3439338 15112
10372523 10513680 3469816 15247
10463466 10605453 3500320 15382
10645662 10697285 3530861 15517
10737490 10789166 3561402 15651
10829403 10881075 3592099 15785
10921294 10973017 3622829 15919
11013153 11064998 3653539 16053
11104997 11157017 3684247 16187
11196865 11249066 3714964 16321
11288712 11341145 3745697 16455
11380531 11433246 3776401 16589
11472371 11525366 3807114 16723
11564208 11617502 3837837 16857
11655970 11709668 3868547 16991
11747715 11801849 3899240 17125
11839460 11894030 3929942 17259
11931145 11986217 3960643 17393
12022848 12078412 3991313 17526
12114600 12170621 4022088 17526
12206368 12263383 4052882 17659
12298067 12356168 4083663 17792
12389783 12448911 4114421 17925
12481558 12541610 4145193 18058
12573285 12634279 4175969 18193
12664986 12726894 4206708 18328
12756703 12819473 4237451 18463
12849070 12912012 4268197 18598
12940850 13004531 4298939 18734
13033179 13097025 4329667 18869
13125528 13189506 4360534 19004
13217805 13281979 4391406 19139
13310053 13374443 4422245 19274
13402279 13466893 4453085 19409
13494510 13559328 4483936 19544
13586647 13651750 4514771 19679
13678768 13744163 4545582 19814
13770890 13836562 4576396 19814
13770890 13928925 4607285 19949
13862899 14020071 4637918 20082
13953218 14111187 4668199 20215
14043528 14202411 4698505 20348
14134027 14293757 4728854 20482
14224607 14385202 4759223 20616
14315325 14476043 4789475 20749
14497845 14567881 4819956 20886
14590691 14660822 4862909 21023
14684539 14754780 4913389 21161
14779277 14849639 4945199 21299
14874746 14945304 4977242 21438
14970919 15041692 5009524 21577
15067767 15138729 5042009 21717
15165103 15236328 5074662 21858
15262904 15334448 5107446 22000
15361151 15433027 5140380 22142
15459824 15532008 5173539 22284
15558853 15631923 5206823 22426
15658250 15732160 5240210 22570
15757929 15832637 5273676 22715
15857836 15933320 5307202 22861
15957884 16034177 5340764 23008
16058139 16135190 5374384 23302
