71374 97307 27308 1396
168252 154461 50049 1396
286132 286657 87924 1396
352444 360696 122804 1396
498758 523158 156780 2704
578051 609834 182781 2704
660422 699274 226817 2704
746182 791868 267644 2704
927367 985458 298067 2704
1022130 1085827 348768 2704
1119442 1188221 381499 3892
1218879 1292390 414929 3892
1319533 1397502 448756 3892
1422708 1503383 483170 3892
1633919 1610551 518124 3892
1633919 1718897 552507 3892
1733556 1820866 598149 4850
1930060 1920510 631092 4850
2030957 2021533 664715 4850
2133711 2123762 698940 4850
2238181 2227684 733747 4850
2344111 2333185 768767 4850
2448110 2438123 803601 4850
2551255 2542245 838183 5708
2653165 2645625 872469 5708
2653165 2747822 906438 5708
2754526 2849429 927048 5708
2855480 2950552 960777 5708
2956085 3051261 994396 5708
3056377 3151591 1027907 6478
3156340 3251595 1061318 6478
3255401 3350788 1094437 6478
3354226 3449703 1127487 6478
3452873 3548459 1160488 6478
3551441 3647084 1193461 7169
3649975 3745577 1226411 7169
3748373 3843959 1259247 7169
3846085 3941702 1291929 7169
3943658 4039344 1324590 7169
4041199 4136938 1357243 7790
4138743 4234526 1389892 7790
4236316 4332101 1422470 7790
4333312 4429145 1454929 7790
4430299 4526171 1487393 7790
4527338 4623239 1519889 8350
4624450 4720361 1552411 8350
4721034 4816982 1584758 8350
4817703 4913637 1617110 8350
4914442 5010378 1649486 8856
5011233 5107204 1681890 8856
5108117 5203553 1714129 8856
5204499 5299981 1746394 8856
5300977 5396533 1778708 9315
5397592 5493210 1811058 9315
5493659 5589450 1843236 9315
5590080 5685999 1875523 9315
5685101 5781160 1907326 9700
5780223 5875882 1939101 9700
5874989 5970841 1970829 10052
5969959 6066076 2002650 10052
6065262 6161025 2034376 10052
6160242 6256180 2066187 10376
6255472 6351593 2098092 10376
6350307 6446700 2129868 10376
6445379 6542014 2161727 10676
6540713 6637034 2193587 10676
6635741 6732274 2225409 10955
6730968 6827742 2257222 10955
6825788 6922898 2289000 11216
6920830 7018275 2320769 11216
7015565 7113335 2352510 11461
7110577 7208623 2384266 11461
7205218 7303605 2415979 11693
7300113 7398805 2447710 11912
7394728 7398805 2479411 11912
7489015 7588332 2511012 12121
7583548 7588332 2542691 12121
7677816 7683200 2574286 12321
7772355 7872166 2605769 12513
7866683 7872166 2637367 12698
7960662 7966815 2649717 12698
8054332 8061247 2700269 12879
8148344 8155429 2712621 13053
8242141 8249925 2744095 13224
8335647 8344177 2775485 13224
8428903 8438200 2825857 13392
8523108 8532436 2857335 13555
8617161 8626998 2869663 13715
8710916 8721342 2901118 13873
8804365 8815448 2932488 13873
8897601 8909317 2963760 14029
8991329 9002988 2994965 14181
9084882 9097040 3026243 14332
9178161 9190944 3057548 14481
9271241 9285202 3088720 14628
9364660 9379150 3119957 14628
9456328 9472917 3151077 14773
9548253 9565326 3181879 14918
9640585 9657982 3212713 15063
9733534 9750556 3243618 15207
9826344 9843072 3274503 15351
9918967 9936097 3305229 15494
10011434 10029620 3336107 15637
10104298 10122951 3367095 15780
10197021 10216113 3398252 15922
10289614 10309146 3429357 16064
10382084 10402067 3460472 16206
10474874 10495314 3491533 16349
10567527 10589032 3522518 16492
10660036 10682628 3553448 16634
10752462 10776071 3584346 16634
10844811 10868873 3615348 16776
10937052 10961550 3646325 16918
11029811 11054139 3677323 17059
11123014 11147115 3708288 17199
11216078 11240578 3739459 17339
11308970 11333948 3770673 17478
11401732 11427740 3801721 17617
11494396 11521404 3832723 17756
11586909 11614394 3863824 17895
11679322 11707238 3894883 18033
11771689 11799993 3925965 18033
11864463 11893116 3957024 18171
11957162 11986160 3988214 18309
12050896 12079540 4019357 18447
12144591 12172798 4050549 18583
12238061 12266461 4081832 18719
12331245 12360011 4113055 18855
12424231 12453950 4144084 18991
12517117 12547739 4175126 19127
12610322 12641216 4206351 19262
12703357 12734523 4237688 19397
12796729 12828139 4268960 19532
12889982 12921603 4300271 19667
12983054 13014916 4331525 19667
12983054 13108666 4362594 19802
13075877 13202211 4381432 19935
13166803 13293877 4411820 20068
13257626 13385402 4454107 20201
13348405 13476960 4472543 20334
13439270 13568568 4514789 20466
13620187 13659532 4545093 20600
13712209 13751487 4575739 20734
13805983 13844508 4606725 20868
13900684 13938496 4638032 21002
13995425 14128948 4688912 21140
14091549 14225709 4721270 21277
14188829 14323055 4753949 21415
14286687 14420923 4786786 21554
14384937 14519834 4819623 21694
14483491 14619144 4852567 21835
14582364 14718748 4885619 21976
14681526 14818609 4918774 22118
14781003 14918704 4952025 22260
14880727 15019011 4985372 22402
14980649 15119505 5018879 22544
15080769 15220166 5052452 22686
15181061 15320842 5086275 22829
15281949 15421632 5120231 22972
15383020 15522551 5154219 23115
15484154 15624170 5188094 23258
15585401 15725898 5221977 23401
15686702 15827661 5255886 23544
15788041 15929458 5289812 23687
15889401 16031270 5323736 23830
15990766 16133102 5357675 23973
16092209 16234948 5391639 24267
