230120 123864 37894 2006
355780 387125 120992 2006
487536 526637 165602 2006
767442 670956 212042 2006
914458 819487 260137 2006
1051488 971724 309673 2006
1187519 1113430 383489 2006
1327847 1253672 448729 3628
1472772 1545080 497322 3628
1621149 1696173 547152 3628
1773259 1850612 598214 3628
1928721 1850612 629862 3628
2078763 2003193 649432 3628
2078763 2149627 698718 3628
2222817 2149627 727981 3628
2361537 2290300 774278 3628
2361537 2425888 791788 5077
2495510 2557003 835915 5077
2624853 2557003 878647 5077
2750549 2683758 904191 5077
2873039 2807056 920211 5077
2873039 2927328 960777 5077
2992750 3044961 1000471 5077
3110039 3160254 1039378 5077
3225111 3160254 1077581 5077
3338228 3273483 1115171 5077
3449575 3384898 1137827 6366
3559444 3494713 1174564 6366
3667445 3602622 1188706 6366
3774248 3709303 1224670 6366
3774248 3814940 1260265 6366
3880092 3919657 1295556 6366
3985041 4023547 1330566 6366
4089219 4126716 1365328 6366
4192747 4229257 1399887 6366
4295688 4331237 1434266 6366
4398085 4331237 1468467 7511
4499995 4432715 1502446 7511
4600925 4533213 1536182 7511
4701489 4633342 1569813 7511
4801797 4733188 1603356 7511
4901838 4832785 1636811 7511
5001633 4932155 1670187 7511
5101224 5031335 1703489 7511
5200638 5130341 1736747 7511
5299939 5229198 1757178 8529
5400152 5328960 1790344 8529
5498371 5426815 1823202 8529
5596386 5524464 1856014 8529
5694324 5622107 1888811 8529
5792262 5719748 1921608 8529
5890212 5817391 1954405 8529
5988190 5915028 1987218 9343
6086210 6012669 2020039 9343
6183626 6109789 2052651 9343
6281026 6206934 2085260 9343
6378501 6304140 2117894 9343
6476018 6401407 2150541 9343
6573613 6498701 2183215 10070
6671270 6596031 2215904 10070
6768382 6692863 2248406 10070
6865504 6789749 2280917 10070
6962710 6886725 2313460 10070
7060091 6983793 2346058 10070
7157634 7080948 2378710 10722
7254632 7178170 2411256 10722
7351655 7274927 2443729 10722
7448763 7371732 2476228 10722
7545970 7468630 2508756 10722
7643277 7565614 2521505 11309
7740080 7662676 2573795 11309
7836988 7759289 2586494 11309
7933983 7855977 2638670 11309
8031108 7952781 2671162 11839
8128312 8049698 2683896 11839
8225015 8146178 2716365 11839
8321787 8242727 2748739 11839
8418687 8339402 2800856 12319
8515688 8436185 2813572 12319
8612210 8532538 2845965 12319
8708871 8628988 2878286 12756
8805729 8725584 2910668 12756
8902087 8822322 2943019 12756
8998565 8918648 2975280 12756
9095247 9015075 3007587 13155
9192067 9111645 3039965 13155
9192067 9207843 3072213 13155
9286971 9302140 3103813 13492
9381344 9396589 3135451 13492
9569853 9490846 3167000 13802
9569853 9585434 3198685 13802
9759391 9679833 3230428 13802
9759391 9774555 3262155 14089
9948989 9869587 3293974 14089
10043994 9964373 3325715 14356
10139310 10059418 3357558 14356
10234273 10154224 3389417 14606
10329502 10249300 3421235 14606
10424477 10344130 3452950 14842
10519747 10439231 3484785 14842
10519747 10534099 3516660 15064
10709379 10629236 3548505 15064
10709379 10724125 3580230 15276
10898994 10819273 3611980 15478
10898994 10914168 3643722 15478
10994000 11008787 3675487 15672
11088662 11103682 3707131 15859
11182992 11198345 3738750 15859
11277637 11292759 3770291 16040
11372077 11386922 3801876 16216
11466223 11481428 3833449 16387
11560103 11575755 3864942 16387
11654425 11669873 3896504 16552
11748592 11764348 3928001 16714
11842502 11858650 3959490 16873
11936163 11952735 3990902 17028
12030269 12046624 4022383 17028
12124223 12140337 4053809 17181
12217960 12233888 4085156 17332
12311462 12327862 4116427 17481
12404789 12421712 4147721 17629
12497974 12515400 4178975 17777
12590982 12608944 4210167 17922
12684479 12702354 4241433 17922
12777861 12795632 4272670 18066
12871161 12888901 4303887 18209
12964387 12980424 4334840 18350
13055754 13072390 4365397 18490
13147016 13164435 4396033 18629
13238340 13256520 4426698 18767
13329724 13348633 4457175 18767
13420414 13440050 4487563 19039
13512120 13532441 4518441 19176
13604888 13625881 4549656 19314
13698579 13720281 4581170 19452
13888577 13815544 4612975 19592
13984639 13911577 4645038 19733
14081333 14008294 4677304 19874
14178580 14105617 4709759 20015
14276404 14204072 4742407 20157
14374665 14303014 4775227 20299
14473333 14402341 4828305 20442
14572348 14501994 4861458 20586
14671660 14601939 4894715 20586
14771300 14702147 4928070 20730
14871239 14802586 4961616 20873
14971434 14903236 4995250 21016
15071835 15004064 5028941 21160
15172395 15105054 5062674 21305
15273097 15206177 5096446 21450
15373937 15307423 5143551 21595
15475523 15408789 5177408 21740
