93569 117755 24238 1262
149534 186923 64864 1262
276076 338841 87111 1262
347371 421290 136000 1262
423066 507827 161498 1262
566864 589341 186202 2313
641721 669993 211238 2313
718644 753480 237086 2313
797580 837947 263369 2313
878253 1011061 317716 2313
1044605 1098866 345850 3264
1129986 1187722 374468 3264
1215982 1277014 403291 3264
1303166 1367187 432502 3264
1391386 1458214 462094 3264
1480571 1550001 491976 3264
1570588 1642446 522132 4118
1661394 1735495 552556 4118
1752235 1829076 583110 4118
1843720 1922567 613742 4118
1935775 2016472 644568 4118
2028342 2110789 675555 4118
2121479 2205492 706718 4884
2215062 2300532 738041 4884
2309068 2394828 769437 4884
2403419 2489400 800817 4884
2498179 2584325 851554 4884
2593221 2679574 883260 5573
2688522 2775106 915068 5573
2784080 2870891 959212 5573
2879309 2966359 991049 5573
2974751 3062025 1022999 5573
3070445 3157923 1055004 6194
3166335 3254027 1087009 6194
3261807 3349780 1118966 6194
3357527 3445703 1150999 6194
3453452 3541818 1183119 6755
3549571 3638124 1215296 6755
3645906 3734591 1247339 6755
3741833 3830664 1279440 6755
3837878 3926880 1311617 7263
3934110 4023258 1343846 7263
4030493 4119790 1375910 7263
4126377 4215923 1408038 7263
4222481 4312181 1408038 7688
4318556 4408473 1440169 7688
4411340 4502476 1471408 7688
4504218 4596617 1502546 8075
4597569 4691131 1533816 8075
4690832 4786002 1565173 8075
4784503 4880648 1596556 8430
4879102 4975599 1628127 8430
4974102 5070160 1659844 8758
5069484 5165003 1691560 8758
5165114 5260163 1723380 8758
5260243 5355631 1774590 9062
5356272 5451211 1787128 9062
5451420 5547038 1838554 9345
5546755 5643085 1851073 9345
5643057 5738779 1883032 9610
5739007 5834104 1914941 9610
5835113 5929635 1946854 9859
5930313 6025422 1978742 9859
6025724 6121426 2010652 10094
6120761 6217095 2042527 10094
6215403 6312394 2093721 10318
6310867 6407905 2106273 10531
6406689 6502984 2138297 10531
6502769 6598288 2170291 10734
6597893 6693870 2202152 10734
6692589 6789156 2234005 10930
6787583 6884668 2265832 11118
6882256 6979893 2297542 11301
6976581 7074799 2329266 11301
7071214 7169959 2360871 11479
7165608 7264868 2392466 11652
7259770 7359490 2423986 11821
7353660 7453852 2455556 11821
7448448 7548551 2487098 11986
7543652 7642907 2518736 12147
7638600 7737041 2550300 12306
7732692 7831513 2581912 12464
7826408 7925805 2613431 12621
7919854 8019870 2644843 12621
8013754 8114287 2676196 12774
8107559 8208546 2707406 12924
8199891 8301413 2738294 13073
8292007 8394082 2769123 13220
8384095 8486698 2800070 13367
8476116 8579256 2831010 13514
8568083 8671778 2861906 13660
8660000 8764823 2892779 13660
8752515 8857836 2923638 13806
8845018 8950783 2954492 13951
8937401 9043653 2985308 14096
9029730 9136467 3016199 14240
9122016 9229223 3047087 14384
9214207 9321922 3077950 14528
9306279 9414558 3108770 14672
9398333 9507161 3139578 14816
9490337 9599736 3170505 14960
9582262 9692275 3201399 15104
9674143 9784786 3232265 15248
9765980 9877237 3263107 15392
9857753 9969662 3293929 15536
9949503 10062063 3324718 15536
10041887 10155024 3355508 15678
10134266 10247978 3386292 15962
10226526 10340873 3417056 15962
10318678 10433697 3447797 16105
10410794 10526462 3478530 16248
10502871 10619180 3509351 16390
10594858 10711843 3540143 16532
10686797 10804462 3570922 16675
10778711 10897041 3601693 16818
10870580 10989587 3632451 16961
10962421 11082107 3663197 17104
11054262 11174598 3693945 17246
11146084 11267069 3724822 17388
11237823 11359525 3755660 17530
11329507 11451960 3786471 17672
11421224 11544373 3817276 17814
11512884 11636767 3848066 17956
11604462 11729148 3878818 18099
11696052 11821517 3909549 18242
11787624 11913863 3940027 18242
11877270 12004353 3970092 18383
11966861 12095336 3999997 18524
12056025 12185947 4029901 18665
12146984 12277643 4060194 18806
12239124 12370467 4090879 18949
12332302 12464304 4121917 19235
12426380 12559059 4153369 19381
12521207 12654632 4185005 19529
12616786 12750941 4216892 19677
12713068 12847901 4249110 19826
12809910 12945447 4281541 19975
12907276 13043512 4346862 20124
13005088 13142044 4379756 20273
13103377 13240986 4412773 20273
13202040 13340290 4445904 20422
13301019 13439933 4479263 20571
13400316 13539861 4512707 20720
13499849 13640037 4546218 20869
13599621 13740443 4579791 21018
13699635 13841051 4613415 21168
13799845 13941845 4647094 21318
13900245 14042790 4680828 21468
14101463 14143870 4714597 21618
14202236 14346390 4748389 21769
14303123 14448376 4782211 21920
14404089 14550455 4816056 22072
14505833 14652564 4849928 22224
14607680 14754691 4883824 22376
14709568 14856830 4917751 22528
14811442 14958983 4951707 22680
14913299 15061136 4985679 22832
15015171 15163293 5019745 22984
15117053 15265462 5053823 23136
15218914 15367645 5087905 23288
15320794 15469835 5121989 23440
15422698 15572032 5156081 23592
15524658 15674228 5190187 23744
15626630 15776431 5224429 23896
15626630 15776431 5258643 23896
15728362 15878431 5292581 24048
15828499 15978883 5326187 24198
15928655 16079330 5346640 24498
