54871 71530 18586 1080
119721 162018 38123 1080
203975 213753 67486 2174
254183 331576 95344 2174
366627 396880 122513 2174
429310 540866 156833 3191
566637 618794 189512 3191
640138 700130 214201 3191
716795 869496 255939 3191
878982 957616 294342 3191
964022 1047988 323035 4120
1051454 1139730 352512 4120
1140303 1232617 382571 4120
1231018 1327117 431885 4120
1323526 1423080 463312 4120
1513226 1520401 495245 4120
1610254 1618928 527648 4959
1708330 1818475 560481 4959
1808167 1919094 606729 4959
1908970 2020505 640284 4959
2010598 2122648 674127 4959
2112935 2225452 708231 5714
2215930 2328845 742486 5714
2318907 2432195 776819 5714
2422351 2535984 811341 5714
2526290 2635961 845366 5714
2625685 2733575 878197 6338
2722596 2831878 910565 6338
2819565 2931250 943185 6338
2918404 3031431 976314 6338
3018394 3132470 1009819 6901
3119378 3234279 1043415 6901
3218691 3334486 1076743 6901
3317644 3434271 1109867 6901
3416445 3533815 1142915 7411
3515141 3633159 1175925 7411
3613174 3731800 1208849 7411
3711173 3830279 1241645 7411
3809206 3928669 1274439 7874
3907244 4026999 1307166 7874
4004691 4124744 1339878 7874
4102103 4124744 1372475 8296
4199589 4222435 1405087 8296
4296536 4320136 1437646 8296
4393535 4417320 1470107 8682
4490662 4514512 1489858 8682
4587282 4611769 1522360 8682
4684008 4708563 1567379 9037
4780880 4805394 1587071 9037
4877305 4902321 1619503 9037
4973866 4998817 1651781 9364
5070532 5095406 1684089 9364
5166735 5192114 1716233 9364
5263080 5288400 1748441 9667
5359041 5384798 1780727 9667
5455187 5480816 1812874 9948
5551471 5576985 1845058 9948
5647341 5672798 1877095 10211
5743387 5768771 1909199 10211
5839137 5864951 1941203 10458
5935097 5960791 1973288 10458
6030688 6056800 2005252 10690
6126516 6152473 2037288 10690
6222009 6248322 2069227 10909
6317093 6343856 2101253 11118
6317093 6439015 2133163 11118
6412531 6534521 2164744 11312
6505809 6627944 2195989 11498
6598676 6721060 2227144 11498
6692021 6814626 2258265 11679
6785291 6908122 2289449 11855
6878343 7001501 2320668 12027
6971241 7094755 2351856 12027
7064716 7188456 2383009 12194
7158052 7282073 2414220 12358
7251164 7375557 2445451 12520
7344098 7468913 2476635 12679
7437531 7562169 2507764 12837
7530820 7655874 2538834 12994
7623911 7749487 2569862 12994
7716834 7842943 2600854 13149
7809639 7936282 2631939 13303
7902298 8029505 2663060 13456
7994861 8122621 2694159 13606
8087962 8215646 2725226 13755
8181003 8309149 2756241 13904
8273852 8402573 2787209 14052
8366589 8495880 2818160 14200
8459228 8589080 2849092 14200
8551766 8682193 2879979 14348
8644199 8775230 2910990 14494
8736570 8868194 2942076 14638
8828928 8961095 2973127 14783
8921204 9053939 3004145 14926
9014046 9146716 3035143 15068
9106834 9239954 3066116 15210
9199526 9333142 3097048 15352
9292101 9426247 3127951 15352
9384555 9519263 3158834 15494
9476957 9612207 3189717 15636
9569326 9705092 3220703 15777
9661602 9797919 3251663 15918
9753828 9890690 3282699 16058
9846042 9983417 3313718 16198
9938236 10076101 3344705 16338
10030366 10168754 3356838 16477
10123018 10261368 3387583 16614
10214179 10352947 3418027 16751
10305266 10444487 3448455 16888
10396389 10536096 3478901 16888
10487580 10627762 3509379 17025
10578832 10719492 3539880 17162
10670090 10811278 3570391 17299
10761412 10903116 3600918 17436
10852764 10995011 3631475 17575
10944122 11086947 3662020 17714
11035501 11178923 3711315 17852
11126969 11270939 3742040 17990
11218456 11362982 3772761 18128
11309921 11455044 3803561 18265
11401450 11547129 3815639 18403
11492994 11639246 3846448 18541
11584574 11731389 3877232 18679
11676171 11823551 3908019 18816
11768452 11915730 3938809 18953
11860720 12007906 3969590 19090
11952928 12100643 4000359 19227
12045121 12193396 4031127 19364
12137261 12286100 4061902 19501
12229342 12378764 4092642 19638
12321363 12471381 4123382 19775
12413406 12563975 4154129 19912
12505397 12656540 4184879 20049
12597350 12749079 4215613 20186
12689272 12841591 4246345 20324
12781193 12934093 4277085 20324
12873068 13026580 4307800 20462
12964909 13119053 4338519 20600
13056791 13211518 4387937 20738
13148644 13303961 4418781 20876
13240451 13396352 4449616 21014
13332240 13488728 4480532 21151
13424069 13581092 4492653 21288
13515885 13673444 4542316 21425
13607664 13765779 4573175 21562
13699435 13858110 4585255 21700
13791176 13950418 4615857 21837
13881213 14041117 4645963 21973
13970410 14131219 4675963 22110
14061435 14222429 4706350 22247
14153676 14315423 4755959 22386
14246932 14409502 4787289 22526
14341138 14504496 4818910 22667
14531840 14600286 4850788 22809
14628187 14696758 4882890 22951
14725172 14793851 4915216 23094
14822723 14891514 4947751 23237
14920689 14989688 4980444 23382
15019045 15088312 5013280 23528
15117778 15286724 5046231 23674
15216821 15386428 5079307 23821
15316191 15486424 5125545 23969
15415838 15586671 5158871 24117
15515703 15687147 5192276 24267
15615751 15787817 5225739 24417
15716003 15888669 5259268 24566
15816459 15989681 5293008 24715
15917115 16090834 5326896 24863
16017933 16192089 5360825 25011
16118878 16293462 5381469 25159
