24984 29711 0 1827
75652 92200 19902 1827
105233 171068 39022 2930
174062 216543 52107 2930
259118 319394 81377 3985
307831 377764 108129 3985
415393 505891 133939 3985
474035 574902 166148 3985
602342 647083 196921 4962
671715 720836 220023 4962
743621 875065 243935 4962
817314 955189 283680 4962
971241 1037272 309487 4962
1051287 1121131 346718 4962
1133144 1206548 374070 5848
1216604 1292757 402052 5848
1300952 1380205 447959 5848
1386669 1468240 477031 5848
1473633 1647360 506479 5848
1561769 1738302 536287 5848
1741135 1830016 566427 6645
1832124 1922415 596832 6645
1923203 2014873 627281 6645
2014945 2107865 657962 6645
2107355 2201396 688857 6645
2200308 2295411 719942 7360
2293832 2389854 751222 7360
2387788 2484675 794873 7360
2481563 2579288 826289 7360
2575698 2674194 857844 7360
2670232 2769413 889535 8003
2765109 2864891 921334 8003
2860329 2960612 953148 8003
2955267 3056024 972457 8003
3048003 3149701 1003968 8003
3138974 3241641 1046807 8539
3230454 3333951 1077467 8539
3322623 3426838 1108224 8539
3414801 3519731 1139066 8539
3507551 3613101 1170106 9023
3600861 3706967 1201320 9023
3694648 3801273 1232631 9023
3788290 3895434 1263977 9023
3882388 3989942 1295477 9463
3976951 4084812 1327032 9463
4071269 4180011 1358733 9463
4165924 4274966 1390440 9864
4261003 4370189 1422250 9864
4356362 4465658 1454073 9864
4451400 4560845 1485878 10231
4546740 4656271 1517804 10231
4642421 4751955 1549760 10231
4737784 4847350 1581809 10568
4833396 4942964 1613814 10568
4929255 5038820 1645830 10568
5024749 5134357 1677798 10879
5120459 5230087 1709768 10879
5215840 5325509 1741814 11168
5311439 5421137 1773828 11168
5407305 5516994 1805852 11437
5502866 5612530 1837841 11437
5598675 5708256 1869838 11437
5694150 5803674 1901907 11689
5789845 5899302 1933876 11689
5885231 5994627 1965940 11925
5980881 6090163 1997893 11925
6076220 6185409 2029930 12148
6171825 6280886 2061849 12359
6267116 6376084 2093861 12359
6362667 6471524 2125774 12559
6457907 6566684 2157562 12751
6552796 6662086 2189442 12751
6647974 6757201 2221223 12936
6742852 6852009 2252913 13109
6838022 6947079 2284529 13109
6931636 7040695 2316057 13277
7024902 7134020 2347239 13440
7118030 7227209 2378478 13599
7211640 7320847 2409767 13599
7305122 7414408 2441000 13756
7398411 7507827 2472173 13911
7491543 7601129 2503309 14063
7584554 7694331 2534533 14214
7677462 7787990 2565797 14363
7770845 7881568 2597011 14363
7864113 7975014 2628186 14511
7957256 8068347 2659313 14659
8050249 8161577 2690392 14807
8143075 8254705 2721423 14953
8235819 8347749 2740400 15098
8328473 8440720 2783673 15241
8421065 8534173 2814833 15382
8514193 8627570 2845960 15382
8607241 8720863 2877061 15523
8700201 8814044 2908114 15664
8793004 8907122 2939133 15805
8885706 9000115 2970124 15945
8978352 9093037 2988949 16084
9070953 9185894 3020060 16223
9163466 9278695 3051125 16362
9255910 9371447 3082166 16500
9348302 9464706 3113189 16638
9440635 9557926 3156280 16776
9533521 9651057 3187314 16913
9626372 9744107 3206152 17050
9719152 9837081 3237173 17050
9811836 9929990 3268155 17187
9904381 10022833 3299095 17324
9996835 10115624 3330020 17461
10089265 10208371 3360941 17598
10181666 10301067 3391838 17735
10273989 10393721 3422721 17871
10366276 10486344 3453732 18007
10458550 10578924 3484732 18143
10550773 10671500 3515682 18276
10641127 10762655 3546013 18409
10731450 10853769 3576327 18544
10731450 10944875 3606722 18677
10912122 11035214 3637091 18810
11003605 11126610 3667443 18944
11096246 11219163 3710432 19079
11189847 11312770 3741691 19215
11284336 11407331 3773269 19353
11379652 11502739 3805113 19492
11475679 11598913 3837196 19631
11572293 11695736 3869491 19771
11669493 11793157 3901990 19912
11767198 11891106 3934671 20055
11865401 11989537 3967512 20198
11964026 12088400 4020544 20341
12063011 12187641 4053709 20484
12162312 12287224 4086995 20627
12261900 12387104 4120513 20771
12361771 12487246 4154120 20915
12461891 12587627 4187787 21060
12562230 12688220 4221489 21205
12662738 12789004 4255243 21350
12763428 12889960 4289045 21495
12864271 12991058 4322897 21495
12965278 13092869 4356793 21640
13066406 13194794 4390724 21930
13167660 13296765 4424686 22077
13268999 13398779 4458656 22077
13370381 13500815 4492638 22224
13471816 13602879 4526635 22370
13573989 13704967 4560732 22516
13676246 13807071 4594863 22662
13778518 13909193 4629008 22808
13880791 14011337 4663162 22954
13983050 14113500 4697327 23100
14085301 14215678 4731505 23246
14187555 14317865 4765698 23392
14289833 14420059 4800028 23540
14392127 14522270 4834227 23688
14494377 14624490 4868308 23835
14596296 14726451 4901907 23982
14696788 14827079 4935520 24128
14797327 14927720 4969333 24274
14898030 15028524 5003209 24420
14998888 15129483 5037122 24420
15099884 15231154 5071072 24566
15200992 15332957 5105045 24712
15302197 15434813 5139028 24859
15403480 15536701 5173028 25006
15505498 15638625 5207035 25153
15607591 15740595 5241134 25300
15709710 15842603 5275262 25447
15811848 15944640 5309405 25594
15913981 16046707 5343558 25741
16016090 16148779 5377719 25888
16118250 16250865 5398484 26188
