49358 66046 10967 0
112116 105144 33861 1119
187002 195584 52317 1119
231329 304142 83305 1119
332085 364342 100888 2182
387931 428477 139239 2182
508475 566718 159888 2182
573611 640086 181583 2182
641854 716166 227901 2182
787100 794678 252371 3157
863767 956039 277552 3157
941929 1039145 303331 3157
1021940 1123903 346193 3157
1103785 1210144 384655 3157
1272588 1297547 413132 3157
1359361 1386092 442060 4037
1446638 1475672 471294 4037
1534873 1565610 500740 4037
1624065 1656369 530499 4037
1714147 1747924 560571 4037
1805010 1840182 590906 4827
1896531 1933065 621472 4827
1988764 2026507 652190 4827
2080914 2119885 682978 4827
2173567 2213684 732983 4827
2266749 2401457 764376 4827
2360449 2495939 795913 5537
2454574 2590786 827586 5537
2548468 2685425 859176 5537
2642728 2780367 890850 5537
2737384 2780367 902843 5537
2829677 2873581 951785 6126
2920304 2965147 982328 6126
3010796 3149133 1012885 6126
3102010 3241729 1043652 6126
3193856 3334902 1074625 6657
3286358 3428595 1105794 6657
3379458 3522196 1136915 6657
3472394 3616204 1168185 6657
3565832 3710631 1199620 7139
3659744 3805441 1243526 7139
3753470 3900043 1275072 7139
3847579 3994944 1306742 7578
3942136 4090163 1338536 7578
4037056 4185681 1370364 7578
4131688 4280914 1402157 7578
4226635 4376378 1434047 7979
4321909 4472094 1465962 7979
4416841 4567503 1497845 7979
4512048 4663130 1529805 8347
4607562 4758985 1561768 8347
4702710 4854519 1593686 8686
4798092 4950238 1625692 8686
4893768 5045652 1657581 8686
4989105 5141269 1689533 9000
5084641 5237127 1721491 9000
5179796 5332661 1753408 9292
5275170 5428388 1785334 9292
5370865 5523809 1817212 9565
5466175 5619431 1849166 9565
5561684 5714748 1880991 9821
5656805 5810274 1912898 9821
5752151 5905515 1932238 10062
5847173 6000988 1976496 10062
5942419 6096179 2008263 10291
6037341 6191602 2040046 10508
6131911 6286726 2059352 10508
6226779 6382099 2091165 10715
6321339 6477192 2122850 10715
6416184 6571979 2154444 10914
6510720 6667023 2186130 11100
6605016 6760274 2198504 11279
6697874 6853780 2229543 11279
6790463 6947182 2279125 11454
6882878 7040469 2310238 11624
6975230 7133656 2341333 11792
7067502 7226743 2372384 11956
7160344 7319748 2403409 11956
7253122 7413121 2434472 12117
7346232 7506944 2465793 12276
7439267 7600658 2497081 12432
7532187 7694229 2528329 12586
7625563 7787643 2559520 12738
7718850 7881366 2590738 12738
7812475 7975516 2621945 12890
7905923 8069531 2653365 13040
7999168 8163374 2684747 13188
8092314 8257062 2716058 13334
8185948 8350595 2747313 13479
8279474 8444441 2778531 13623
8373289 8538152 2809951 13766
8466972 8632151 2841312 13766
8560905 8726432 2872769 13909
8655137 8821071 2904467 14051
8749167 8915524 2936103 14193
8842998 9009760 2967637 14335
8936585 9104338 2998975 14476
9029980 9198726 3030248 14617
9123177 9292897 3061452 14758
9216235 9386768 3092719 14900
9309621 9480454 3124096 15041
9403495 9574004 3155426 15182
9497209 9667858 3186697 15323
9591230 9762016 3218074 15464
9685558 9856432 3249645 15605
9780103 9950669 3281313 15746
9874410 10045145 3312894 15746
9968941 10139853 3344546 15887
10063702 10234873 3376401 16027
10158226 10329661 3408175 16167
10252458 10329661 3420540 16306
10346394 10424084 3451920 16444
10438409 10517096 3482780 16582
10530177 10609879 3513386 16721
10621063 10794138 3543770 16860
10712879 10887747 3574612 17000
10805746 10982299 3624915 17142
10899519 11077699 3656580 17285
10994130 11173858 3688490 17430
11089484 11270692 3733260 17576
11185458 11368125 3765655 17722
11379177 11466103 3798220 17869
11476807 11564550 3830949 18016
11574914 11663421 3863828 18164
11673402 11762675 3896834 18312
11772252 11862264 3929945 18460
11872029 11962114 3963163 18608
11972065 12062235 3996468 18756
12072336 12162595 4029852 18904
12172774 12263166 4063313 19052
12273381 12363934 4096848 19200
12374039 12464872 4130421 19350
12474789 12565959 4164033 19501
12575663 12667177 4197700 19652
12676623 12768521 4231407 19803
12777668 12869964 4265152 19954
12878854 12971498 4299030 20105
12980119 13073109 4332947 20256
13081425 13174787 4366877 20408
13182760 13276519 4400810 20560
13284129 13378309 4434753 20712
13385564 13480148 4468712 20864
13487061 13582026 4502700 21014
13588642 13684510 4536837 21164
13690243 13787045 4570983 21314
13791865 13889563 4605119 21464
13893488 13992058 4639243 21614
13995159 14094531 4673366 21764
14096834 14196982 4707491 21914
14198498 14299406 4741603 22065
14299920 14401811 4775676 22215
14399816 14503970 4809489 22365
14499766 14604634 4842993 22515
14599879 14705308 4876526 22515
14700167 14806146 4910111 22665
14801311 14907144 4943755 22815
14902653 15008262 4977454 22965
15004038 15109513 5011196 23116
15105465 15210880 5044967 23267
15206899 15312348 5078764 23419
15308375 15413906 5112587 23571
15409874 15515536 5146439 23723
15511433 15617250 5180406 23874
15613004 15719034 5214381 24025
15714601 15820882 5248374 24176
15816249 15922781 5282382 24327
15917895 16024721 5316390 24479
16019502 16126700 5350321 24633
16121166 16228712 5384339 24786
