29291 78944 14029 1147
99397 123190 39900 1147
184696 226958 61110 2348
286268 353171 96774 2348
343576 422759 116721 2348
470780 495747 160661 2348
541044 652090 184483 3462
615042 734766 209347 3462
771088 819628 261911 3462
853417 907016 289610 3462
938320 1088529 318169 3462
1025644 1182178 347624 4371
1107625 1182178 376615 4371
1188595 1355963 404218 4371
1356377 1443889 448991 4371
1443907 1534011 489570 4371
1533593 1626137 519533 4371
1625241 1720068 550171 5188
1716993 1815593 581042 5188
1808685 1909892 611738 5188
1900984 2004421 642602 5188
1993797 2098747 673895 5188
2087067 2192864 705350 5923
2180858 2287320 736933 5923
2274497 2382141 768573 5923
2368509 2476756 800209 5923
2462919 2571669 831959 5923
2557778 2666889 863812 6584
2652982 2762406 895762 6584
2748459 2858183 927729 6584
2843526 2953650 959650 6584
2938816 3049303 991625 6584
3034405 3145193 1023673 7179
3130231 3241297 1055810 7179
3226312 3337590 1087950 7179
3321931 3433514 1120021 7179
3417753 3529586 1152133 7179
3513820 3625846 1184319 7716
3610117 3722281 1216510 7716
3706015 3818340 1248650 7716
3802050 3914541 1280848 7716
3898349 4010913 1313101 8203
3994845 4107448 1345334 8203
4090890 4203582 1377512 8203
4187133 4299844 1409763 8646
4283551 4396271 1442073 8646
4380152 4492847 1474341 8646
4476333 4589012 1506542 8646
4572623 4685303 1538803 9050
4669103 4781731 1571052 9050
4765143 4877782 1603228 9050
4861367 4973963 1635453 9420
4957770 5070301 1667675 9420
5052157 5164729 1699615 9736
5146748 5259267 1731275 9736
5241685 5354142 1762932 9736
5336347 5448786 1794559 10027
5431322 5543720 1826230 10027
5525983 5638420 1857907 10299
5620914 5733406 1889607 10299
5715565 5828169 1921271 10556
5810582 5923220 1952973 10556
5905302 6018037 1984677 10798
6000303 6113127 2016423 11027
6095051 6207989 2048139 11027
6190067 6303117 2079865 11245
6284812 6397993 2111590 11245
6379870 6493138 2143365 11452
6474641 6588041 2175040 11652
6569127 6682664 2206669 11652
6663915 6777592 2238345 11844
6758475 6872292 2269953 12030
6852713 6966742 2301552 12030
6947303 7061514 2333174 12210
7041728 7156081 2364725 12385
7135909 7250431 2396206 12556
7229813 7344557 2427693 12556
7324115 7439034 2459222 12722
7418717 7533751 2490739 12885
7513091 7628254 2522287 13045
7607179 7722519 2553852 13202
7701018 7816560 2585452 13202
7795290 7910958 2616897 13357
7889378 8005741 2648350 13510
7983692 8100215 2679815 13662
8077820 8194456 2711305 13814
8171740 8288493 2742711 13965
8265834 8382767 2774106 14115
8359720 8476853 2805623 14263
8453388 8570747 2837202 14409
8547539 8665023 2868705 14409
8641992 8759560 2900197 14554
8736203 8853892 2931558 14699
8829251 8947158 2962570 14844
8922058 9040745 2993581 14989
9014777 9134234 3024573 15134
9107374 9227580 3055628 15278
9199881 9320317 3086657 15421
9292352 9412949 3117649 15564
9384758 9505552 3148708 15564
9477732 9598677 3179884 15704
9570668 9691777 3210957 15844
9663553 9785343 3241996 15984
9756332 9878843 3273099 16123
9849026 9971736 3304192 16262
9941639 10064528 3335170 16401
10034175 10157812 3354018 16540
10126633 10251042 3384947 16680
10218939 10344176 3427922 16820
10311216 10437216 3458860 16960
10403898 10530056 3489846 17100
10496510 10622805 3520909 17240
10589020 10715506 3539772 17382
10681495 10808718 3582803 17524
10773945 10901899 3613816 17665
10866811 10994901 3645098 17805
10960256 11088347 3676447 17945
11053622 11181724 3707737 17945
11147290 11275430 3739047 18085
11240838 11369011 3770415 18225
11334694 11462880 3801706 18366
11428414 11557165 3833034 18507
11521958 11651299 3864405 18647
11615774 11745119 3895791 18787
11709429 11838764 3927118 18927
11802854 11932796 3958375 19067
11896112 12026680 3989582 19207
11989181 12120405 4020742 19347
12082107 12213979 4039684 19487
12174903 12307402 4070745 19627
12267578 12400703 4101776 19767
12360135 12493890 4132788 19907
12452609 12586964 4163750 20045
12543292 12678267 4194109 20045
12633919 12769493 4224579 20182
12724611 12861373 4255180 20318
12815437 12953362 4285774 20455
12906355 13045394 4316383 20729
12996467 13137069 4346595 20869
13088129 13229726 4389124 21013
13182172 13323740 4420561 21157
13277206 13418665 4452544 21302
13372978 13513852 4484701 21447
13469450 13610340 4517050 21593
13566507 13707516 4549596 21739
13664081 13805265 4582315 21885
13762107 13903507 4615196 22034
13860556 14002188 4648196 22184
13959396 14101851 4681183 22334
14058524 14201862 4714273 22484
14157996 14301588 4747623 22484
14257733 14401532 4781078 22782
14357720 14501713 4814619 22782
14457918 14602123 4848226 22933
14558274 14702731 4881867 23084
14658823 14803500 4915546 23235
14860435 14904437 4969831 23386
14962123 15005520 5003875 23534
15063935 15209192 5037971 23682
15165810 15311130 5072087 23830
15267694 15413104 5106217 23978
15369578 15515108 5140349 24127
15471452 15617133 5174472 24278
15573343 15719182 5208573 24429
15675738 15821675 5242729 24580
15778163 15924190 5277001 24731
15880569 16026671 5311279 24882
15982936 16129121 5345554 25033
16085301 16231549 5379831 25184
16085301 16231549 5379831 25503
16085301 16333938 5393248 25683
