85728 52424 25829 0
185727 169759 49935 0
241699 233712 80569 0
301315 372247 109351 960
429641 446162 131333 960
497975 522097 168189 960
569091 600396 202057 960
718560 680886 227277 1837
796623 763348 253245 1837
876582 932113 279774 1837
958381 1018050 306781 1837
1041743 1105306 351299 1837
1126556 1193765 379672 2630
1212596 1283288 419803 2630
1299888 1373190 448906 2630
1476246 1463930 478463 2630
1565917 1554880 508383 2630
1656434 1646539 538617 3345
1747728 1738335 569247 3345
1839076 1830734 600023 3345
1930920 1923193 630859 3345
2023366 2016196 661856 3345
2116405 2109739 693029 3989
2209965 2203754 724381 3989
2303383 2298201 755809 3989
2397257 2392491 787249 3989
2491597 2487110 818833 4571
2586307 2582073 850554 4571
2681307 2677353 882297 4571
2776011 2772376 913996 4571
2871039 2867657 945807 4571
2966409 2963216 997209 5098
3062033 3059030 1009769 5098
3157289 3154539 1041792 5098
3252822 3250250 1093236 5098
3348617 3346188 1105819 5576
3444676 3442323 1137823 5576
3539384 3537541 1169272 5576
3632172 3630887 1200348 5987
3725275 3724466 1231541 5987
3818256 3818476 1262829 5987
3911654 3912373 1294141 6362
4005542 4006651 1325590 6362
4099320 4101317 1357107 6362
4193548 4195801 1388654 6708
4288126 4290589 1420325 6708
4382497 4385719 1452034 7027
4477247 4480615 1483736 7027
4571721 4575779 1515469 7324
4666453 4670675 1547176 7324
4761468 4765827 1578893 7324
4856243 4860718 1610582 7602
4951337 4955866 1642399 7602
5046166 5051292 1674262 7861
5141231 5146452 1706095 7861
5235983 5241840 1737918 8105
5331073 5336959 1769712 8105
5425894 5432321 1801544 8335
5520990 5527420 1833280 8554
5615790 5622237 1864984 8554
5710323 5717336 1896712 8763
5805171 5812200 1928435 8963
5899746 5907330 1960188 8963
5994596 6002209 1991848 9156
6089199 6096812 2023473 9341
6183538 6191701 2055139 9341
6277586 6286364 2086728 9521
6372010 6380778 2118310 9696
6466196 6474971 2149798 9866
6560142 6569506 2181325 9866
6653861 6663862 2212794 10032
6747946 6757991 2244176 10195
6841819 6851914 2275552 10356
6935520 6945651 2306983 10513
7029011 7039771 2338373 10669
7122306 7133764 2369694 10669
7216081 7227584 2400970 10823
7308544 7321322 2432044 10974
7400780 7413712 2462903 11122
7492947 7506474 2493850 11269
7585094 7599236 2524786 11415
7677202 7691942 2555700 11560
7769249 7784609 2586603 11560
7861197 7877248 2617473 11705
7953804 7969863 2648313 11850
8046443 8062452 2679155 11994
8138946 8155019 2709990 12138
8231356 8247569 2740808 12283
8323721 8340108 2771610 12428
8416031 8432618 2802496 12571
8508284 8525653 2833505 12713
8600494 8618674 2864497 12854
8692730 8711637 2895473 12995
8784893 8804539 2926438 13136
8876988 8897396 2957375 13277
8969086 8990211 2988280 13418
9061169 9082974 3019175 13418
9153188 9175694 3050057 13559
9245808 9268385 3080920 13700
9338467 9361592 3111656 13840
9431043 9454260 3142522 13980
9523533 9546852 3173468 14120
9616445 9639814 3204553 14260
9709294 9732739 3235621 14399
9802021 9826143 3266789 14538
9894585 9919491 3297914 14677
9987130 10012728 3328986 14816
10079584 10105872 3360033 14955
10172011 10198931 3391063 15094
10264366 10291924 3422070 15233
10356694 10384844 3453046 15371
10449000 10477700 3484015 15371
10541233 10570492 3514960 15509
10634060 10663248 3545881 15647
10726867 10755955 3576783 15785
10819599 10848630 3607681 15922
10912120 10941273 3638563 16060
11002739 11034351 3669075 16196
11002739 11125555 3699191 16332
11093239 11216668 3729165 16467
11272453 11306821 3759064 16605
11363725 11398034 3789328 16745
11456081 11490417 3819986 16886
11549900 11583737 3851200 17030
11645175 11678505 3882894 17176
11741181 11774110 3915062 17322
11837806 11968075 3947458 17469
11934976 12066865 3999771 17616
12032677 12166002 4032756 17763
12131358 12265459 4066057 17910
12230426 12365234 4099470 18057
12329813 12465288 4132978 18206
12429449 12565587 4166533 18356
12529325 12666694 4200028 18506
12629448 12768004 4233574 18656
12729826 12869322 4280615 18806
12830910 12970723 4314632 18956
12932176 13072220 4348690 19106
13033550 13173811 4382774 19256
13135667 13275473 4416876 19406
13237811 13377201 4450972 19556
13339953 13478994 4485071 19707
13442119 13581427 4519048 19858
13544242 13683907 4553024 20009
13646361 13786382 4587025 20160
13748499 13888316 4621187 20311
13850695 13990243 4655469 20461
13952882 14092214 4689894 20611
14055134 14194790 4724325 20761
14157384 14297392 4758739 20911
14259632 14399966 4793134 20911
14361848 14502964 4827563 21062
14464541 14605915 4862068 21213
14567224 14709237 4896610 21365
14670383 14812896 4931277 21518
14773956 14916453 4966015 21671
14877461 15019865 5000672 21824
14980537 15122871 5035031 21975
15082595 15224770 5069126 22126
15185061 15326566 5103302 22277
15287529 15428400 5137490 22428
15389961 15530717 5171743 22579
15492794 15633501 5206244 22730
15596081 15736276 5240838 22881
15699300 15839007 5275402 23032
15905411 15942254 5309805 23183
16008807 16045899 5344497 23336
