74412 92715 18662 0
166883 147168 50753 0
221467 271526 68916 1341
343619 340591 109585 1341
410098 490594 131701 1341
480164 570648 179692 1341
630825 653868 205433 1341
710948 739918 232297 1341
793799 827814 277363 2569
879277 1009437 318284 2569
1055404 1102139 348327 2569
1146507 1196496 379002 2569
1239395 1292397 410251 2569
1333888 1389665 442021 2569
1429799 1488147 474254 2569
1526947 1587680 506891 3672
1625247 1688161 539893 3672
1723956 1788906 573027 3672
1823607 1890401 626912 3672
1924144 1992627 660795 3672
2025471 2095489 694913 3672
2127548 2198881 742773 3672
2333615 2302769 777397 4658
2437528 2407111 812130 4658
2437528 2511856 812130 4658
2536489 2612026 864983 4658
2633062 2709768 897508 4658
2731031 2808289 930561 4658
2829074 2906158 963261 4658
2927129 3003943 995935 5458
3025196 3101719 1028630 5458
3123272 3199489 1061147 5458
3220787 3296704 1093683 5458
3318299 3393935 1126244 5458
3415885 3491222 1158829 5458
3513489 3588567 1191437 6173
3611123 3685961 1204195 6173
3708853 3783405 1236773 6173
3806055 3880354 1269258 6173
3903319 3977339 1301766 6173
4000669 4074404 1354135 6173
4098045 4171525 1366886 6815
4195521 4268717 1399477 6815
4292453 4365447 1431898 6815
4389456 4462246 1464340 6815
4486609 4559152 1496834 6815
4583882 4656152 1529376 7393
4681240 4753236 1561863 7393
4778102 4849866 1594270 7393
4875049 4946559 1626712 7393
4972102 5043353 1659189 7915
5069246 5140248 1691702 7915
5165878 5236709 1724049 7915
5262624 5333267 1756433 7915
5359530 5429957 1788870 8388
5456532 5526784 1821338 8388
5552534 5623737 1853648 8388
5649164 5720826 1886070 8818
5746694 5817827 1918641 8818
5844359 5914901 1951193 8818
5941500 6011528 1983637 9210
6038657 6108225 2016097 9210
6135898 6205038 2048520 9210
6232496 6301994 2080918 9570
6329812 6398892 2113455 9570
6427179 6495815 2145732 9570
6522038 6591167 2177583 9878
6616935 6686586 2209484 9878
6711511 6781721 2241270 10163
6806371 6877098 2273148 10163
6900977 6972206 2305047 10429
6996596 7067007 2336919 10429
7092567 7162095 2368814 10678
7187641 7257491 2400679 10678
7282921 7353160 2432566 10912
7377930 7448534 2464426 10912
7473746 7544141 2496369 11133
7569870 7639316 2528383 11133
7665506 7734741 2560468 11343
7761855 7830873 2592670 11545
7858310 7927112 2624898 11545
7955610 8023380 2657232 11739
8052513 8119275 2689510 11926
8148362 8215307 2721637 11926
8244303 8311526 2753734 12107
8339835 8407391 2785694 12284
8434964 8502888 2817603 12457
8529735 8598044 2849382 12457
8624210 8693437 2881188 12625
8719050 8788562 2912897 12789
8813641 8883395 2944592 12949
8907913 8977963 2976199 12949
9001938 9072283 3007825 13107
9096327 9166929 3039363 13262
9190531 9261382 3070821 13416
9284474 9355621 3102214 13569
9378183 9449658 3133614 13720
9471682 9543510 3164947 13871
9564994 9637183 3196201 14021
9658084 9730707 3227524 14021
9750992 9824098 3258783 14170
9843788 9917926 3289983 14318
9937122 10011661 3321137 14465
10030330 10105261 3352249 14612
10123524 10198840 3383342 14758
10215156 10290932 3414242 14902
10306666 10382875 3444818 15046
10398149 10474848 3475463 15190
10489628 10566867 3506113 15334
10581145 10658929 3536754 15478
10672716 10751031 3567419 15478
10764312 10843166 3598214 15621
10855959 10935885 3629022 15762
10948265 11028606 3659827 15902
11040539 11121283 3690632 16042
11132730 11213923 3721424 16183
11224912 11306528 3752199 16324
11317056 11399108 3782975 16465
11409187 11491669 3813754 16606
11501321 11584209 3844616 16746
11593455 11676716 3875474 16885
11685527 11769208 3906458 16885
11777566 11861685 3937431 17024
11869641 11954150 3968383 17163
11961706 12047158 3999323 17302
12054373 12140161 4030256 17440
12147045 12233100 4061178 17577
12239673 12325977 4092078 17714
12332167 12418771 4122963 17851
12424554 12511520 4153827 17988
12516903 12604229 4184671 18125
12609183 12696894 4215490 18262
12701386 12789517 4246389 18398
12793494 12882101 4277267 18535
12885558 12974650 4308109 18672
12977617 13067189 4338952 18809
13069635 13159717 4369792 18946
13161605 13252230 4400611 19083
13253582 13344721 4431409 19220
13345497 13437204 4462204 19220
13437401 13529668 4493117 19356
13529312 13622117 4524033 19492
13621242 13714558 4554931 19628
13713156 13806984 4585820 19764
13805610 13899872 4616695 19898
13896428 13991186 4647325 20030
13896428 13991186 4677622 20162
14076974 14172806 4707841 20294
14167836 14264247 4738122 20427
14259844 14356844 4768771 20562
14352873 14450504 4799786 20698
14446887 14545115 4831127 20835
14541799 14640571 4862769 20973
14637432 14736786 4894680 21112
14733756 14833672 4926830 21251
14830675 14931162 4959197 21391
14928105 15029179 4991735 21532
15026033 15127664 5024444 21673
15124410 15226531 5057393 21814
15223148 15325757 5090474 21955
15322248 15425321 5144015 22096
15421712 15525191 5177524 22239
15521453 15625321 5211087 22383
15621399 15725680 5244714 22527
15721571 15826256 5278400 22671
15821945 15927026 5312139 22815
15922508 16027960 5345921 22958
16023900 16129621 5379777 23250
