103039 122973 18868 1695
230389 272063 61727 1695
301869 355172 96058 1695
459981 443539 139075 1695
547347 633068 168081 1695
638999 733187 197356 3091
725174 826974 237040 3091
900457 919511 284352 3091
993788 1015444 315727 3091
1088334 1115053 347991 3091
1183170 1214373 380123 3091
1278201 1313515 412271 3091
1373528 1412499 444460 3091
1469083 1511351 476695 4346
1564841 1610081 508989 4346
1660162 1708709 541219 4346
1755589 1806688 573346 4346
1851324 1904577 605523 4346
1947238 2002453 637755 4346
2043319 2100314 670044 4346
2139606 2198165 702364 4346
2236046 2295460 734862 4346
2332687 2392746 767410 5465
2429458 2490081 799995 5465
2525773 2586935 832541 5465
2622169 2683835 864966 5465
2718769 2780828 897414 5465
2815593 2877913 929915 5465
2912569 2975075 962469 5465
3009643 3072300 995062 5465
3106794 3169597 1027669 6461
3203964 3266948 1060256 6461
3300626 3364352 1092783 6461
3397387 3461253 1125217 6461
3494314 3558191 1157699 6461
3591359 3655222 1190228 6461
3688474 3752336 1222763 6461
3785723 3849531 1255324 6461
3883061 3946795 1287910 7349
3980479 4044126 1320450 7349
4077338 4140976 1352904 7349
4174205 4237872 1385364 7349
4271651 4335314 1417895 7349
4369259 4432820 1450565 7349
4466890 4530353 1483260 8142
4564553 4627917 1515979 8142
4660070 4725528 1548416 8142
4756035 4821381 1580460 8142
4852783 4917697 1612695 8142
4949712 5014184 1645110 8142
5046806 5110813 1677602 8783
5143954 5207578 1710139 8783
5240564 5303909 1742485 8783
5337338 5400355 1774859 8783
5434287 5496963 1807288 8783
5531384 5593710 1839784 9359
5628559 5690584 1872324 9359
5725266 5787039 1904700 9359
5822073 5884184 1936971 9359
5919572 5981353 1969501 9879
6017232 6078569 2002206 9879
6114321 6175313 2034746 9879
6211447 6272133 2067304 9879
6308677 6369064 2099870 10350
6406041 6466107 2132461 10350
6502875 6563251 2164770 10350
6600275 6660343 2197316 10350
6697783 6757495 2230027 10779
6795377 6854712 2262676 10779
6892862 6951863 2295260 10779
6990470 7049058 2327987 11171
7088149 7146321 2360669 11171
7185289 7243110 2393257 11171
7282507 7339964 2425878 11530
7379793 7437517 2458311 11530
7476584 7534629 2490630 11530
7573455 7631756 2522994 11860
7670451 7728402 2555471 11860
7766936 7824583 2587879 12165
7864006 7921341 2620369 12165
7960657 8018267 2652671 12449
8057451 8115305 2685013 12449
8153782 8211890 2717219 12715
8250248 8308030 2749629 12715
8346264 8404305 2782016 12715
8442471 8500745 2814183 12951
8537070 8597307 2846170 13173
8631854 8692256 2877863 13173
8726354 8786770 2909446 13383
8821673 8881459 2941336 13383
8917255 8976343 2973290 13584
9013137 9071501 3005373 13776
9108683 9166408 3037439 13776
9203850 9261587 3069289 13961
9299277 9357075 3101116 14140
9394401 9452276 3132916 14140
9489162 9547167 3164614 14314
9583629 9642325 3196346 14483
9678322 9737234 3227970 14650
9772758 9831880 3259472 14815
9866964 9926276 3290985 14815
9960885 10020437 3322427 14975
10054556 10114939 3353922 15132
10148645 10209273 3385329 15287
10242608 10303394 3416678 15440
10336323 10397332 3447967 15592
10336323 10491097 3479287 15743
10429807 10584705 3510525 15743
10523118 10678177 3541719 15893
10709315 10772076 3573003 16040
10802819 10865859 3604255 16185
10802819 10959500 3635439 16330
10896230 11053004 3666582 16474
10989504 11146389 3697776 16617
11082612 11239661 3710017 16617
11175586 11332836 3741155 16760
11268460 11425902 3772237 16903
11361202 11519447 3822149 17045
11453855 11612920 3853284 17186
11546378 11706283 3865433 17326
11639468 11799529 3896512 17466
11732503 11892679 3927562 17606
11825372 11985745 3958573 17746
11918099 12078731 3989542 17886
12010720 12171654 4020482 18025
12103287 12171654 4039314 18025
12195790 12264571 4070261 18164
12286170 12355810 4100481 18301
12376523 12446476 4130774 18437
12466988 12537243 4161122 18573
12557579 12628169 4191368 18709
12647664 12718573 4233673 18846
12738783 12902682 4264411 18985
12830986 12996372 4314454 19126
13018458 13091619 4346056 19267
13113464 13187718 4378076 19408
13209225 13284515 4410340 19549
13306351 13381929 4442794 19690
13404146 13479883 4475446 19831
13502365 13578310 4508256 19972
13600929 13677168 4541212 20115
13699901 13776414 4574304 20258
13799227 13876009 4607491 20401
13898861 13975903 4640782 20545
13998778 14076073 4674176 20689
14098920 14176488 4707657 20834
14199251 14277117 4741214 20980
14299724 14377930 4774919 21126
14400374 14478911 4808687 21272
14501196 14580043 4842487 21418
14602156 14681305 4876316 21564
14703303 14782680 4910193 21710
14804558 14884158 4944105 21856
14905838 14985719 4978032 22002
15007208 15087362 5011987 22148
15109130 15189514 5046137 22294
15211084 15292289 5080303 22440
15313054 15395086 5114468 22587
15415024 15497328 5148629 22735
15516980 15599527 5182769 22884
15618945 15701735 5216906 23033
15720894 15803934 5251032 23180
15822900 15906699 5285301 23327
15924927 16009483 5319590 23473
16027624 16112225 5340487 23782
