125255 153694 44327 0
276401 240649 70021 0
362689 427192 126960 0
552874 528074 158039 0
655000 633392 211226 1724
760271 742629 260726 1724
867654 969653 297720 1724
1092367 1087435 335645 1724
1210947 1207628 398201 1724
1332164 1329940 438282 1724
1455451 1454108 479090 1724
1579077 1579920 537436 1724
1704246 1707172 579877 3275
1831061 1835693 622686 3275
1958524 1964709 665601 3275
2088753 2094703 708881 3275
2220271 2225618 752537 3275
2351950 2489792 796769 3275
2483808 2622861 841413 3275
2608656 2622861 883528 3275
2731835 2749302 924670 4514
2857117 2873431 966311 4514
3110856 3124744 1008353 4514
3110856 3124744 1050911 4514
3239130 3252123 1077251 4514
3363951 3376969 1119121 4514
3486298 3498713 1159854 4514
3605871 3617647 1175336 4514
3605871 3734093 1214927 5618
3722943 3734093 1253633 5618
3837828 3848343 1291649 5618
3949804 3960200 1314438 5618
4060105 4070363 1351437 5618
4168962 4179073 1387961 5618
4276556 4286511 1424058 5618
4383077 4392816 1438082 5618
4489249 4498113 1473601 6602
4594573 4602525 1508808 6602
4594573 4705655 1543743 6602
4697994 4808101 1578323 6602
4800661 4808101 1612687 6602
4902799 4909997 1646792 6602
5005126 5011409 1680710 6602
5106996 5112395 1714689 7480
5208905 5213434 1748623 7480
5309903 5314146 1782267 7480
5409439 5414002 1815937 7480
5508684 5513554 1849535 7480
5608442 5612894 1882859 7480
5708707 5712047 1916108 7480
5808814 5811027 1949300 8265
5908715 5909860 1982434 8265
6007286 6008034 2015414 8265
6105106 6106105 2048506 8265
6202899 6204142 2081599 8265
6301399 6302135 2114485 8265
6400618 6400092 2134496 8968
6499796 6498015 2180113 8968
6598268 6595370 2199973 8968
6696546 6693212 2232861 8968
6792560 6789417 2265268 8968
6888538 6885568 2297669 9539
6984656 6981871 2330112 9539
7080956 7077787 2362263 9539
7178139 7173847 2394358 9539
7275486 7270095 2426527 10054
7371792 7366513 2458997 10054
7467572 7462549 2491350 10054
7563537 7558710 2523739 10054
7660348 7655012 2556007 10521
7757974 7751400 2588229 10521
7854560 7847374 2620390 10521
7950586 7943475 2652750 10946
8046755 8039741 2685179 10946
8143159 8135622 2717324 10946
8239764 8231654 2749518 10946
8336409 8327877 2781929 11335
8432635 8424717 2814600 11335
8529012 8521175 2847118 11691
8627010 8617715 2879431 11691
8724523 8714385 2911572 11691
8821441 8810636 2943850 12020
8917803 8906995 2976334 12020
9013672 9002949 3008681 12020
9110409 9099053 3040923 12324
9206758 9195337 3073009 12324
9303205 9291243 3105154 12607
9399257 9387296 3137529 12607
9494848 9482992 3169781 12870
9591296 9578822 3182391 12870
9687339 9674325 3233904 13118
9783525 9770028 3265957 13118
9878753 9865419 3298017 13352
9974141 9961013 3310576 13574
10069814 10056304 3342658 13574
10165150 10151825 3374485 13787
10260700 10247053 3406273 13787
10355383 10341964 3438091 13990
10450322 10437125 3470016 14178
10450322 10532071 3501957 14178
10545591 10625345 3533481 14359
10639050 10718895 3564688 14534
10732242 10812344 3595842 14534
10825888 10905677 3627070 14704
10919430 10999444 3658239 14871
11012612 11093504 3689541 15036
11105588 11187418 3720984 15197
11199062 11281157 3752481 15197
11292963 11374723 3783778 15356
11386693 11468699 3815014 15513
11480242 11562547 3846209 15668
11573629 11656229 3877430 15820
11667454 11749746 3908713 15971
11761074 11843126 3939955 15971
11854412 11936802 3971342 16121
11947568 12030368 4002762 16270
12041160 12123791 4033993 16419
12134595 12217644 4065169 16567
12227855 12311386 4096311 16713
12321010 12404987 4127406 16859
12414012 12498412 4158522 17002
12507456 12591710 4189743 17143
12600803 12684903 4220946 17284
12694046 12778003 4252105 17284
12787177 12871022 4283220 17425
12880182 12964508 4314316 17565
12972523 13057920 4345507 17705
13064812 13151228 4376662 17845
13157653 13244420 4407665 17985
13250430 13337514 4438720 18124
13343713 13430528 4469745 18263
13436929 13523469 4500850 18402
13529947 13616339 4531931 18541
13622858 13709134 4562990 18680
13715661 13801874 4594010 18819
13808359 13894555 4624991 18819
13900984 13987192 4655957 18958
13993399 14080193 4687097 19097
14086221 14174182 4718361 19236
14179523 14268021 4749545 19375
14271100 14360085 4780142 19513
14362495 14451979 4810630 19650
14454543 14543880 4841116 19787
14546610 14543880 4871800 19922
14638664 14635803 4902484 20057
14729109 14818120 4933146 20194
14821093 14910902 4963983 20333
14914115 15004712 4995148 20473
15102861 15099450 5026628 20614
15198442 15194994 5058383 20755
15294109 15291274 5090388 20896
15390384 15388190 5122761 21037
15487954 15485692 5155354 21178
15586718 15584319 5207795 21323
15685768 15682867 5240757 21470
15785094 15782209 5273931 21616
15884168 15882497 5307373 21762
15884168 15983065 5320482 22069
