52003 120789 29877 0
164898 187827 49529 0
226248 258403 78701 1420
289910 406223 114731 1420
425760 483608 138235 1420
497888 563270 172349 1420
572470 644988 197780 1420
649222 728534 240232 1420
810453 812544 267506 2710
893650 897961 295307 2710
977675 984768 323409 2710
1063055 1160824 351939 2710
1149662 1250457 392399 2710
1237424 1341018 421868 2710
1326140 1432397 451692 2710
1415824 1524498 481779 2710
1506306 1617241 512139 2710
1597528 1710549 542756 3863
1689399 1804347 573500 3863
1781353 1898049 623139 3863
1873840 1992144 654268 3863
1966869 2086653 685577 3863
2060452 2181536 717014 3863
2248857 2276745 748605 3863
2343619 2372248 780315 3863
2438742 2468011 812146 4891
2533539 2564013 843849 4891
2628602 2659680 875662 4891
2723982 2755522 907589 4891
2819638 2851582 939603 4891
2915541 2947843 971692 4891
3011726 3044292 1003870 4891
3108113 3140902 1036135 5808
3204657 3237648 1068451 5808
3300770 3334518 1100625 5808
3397042 3430972 1132832 5808
3397042 3527506 1164835 5808
3492730 3623699 1196198 5808
3586439 3717935 1227612 5808
3774660 3812320 1259158 6554
3774660 3907060 1290835 6554
3963853 4001587 1322437 6554
4058649 4096436 1354159 6554
4153830 4191615 1386004 6554
4249378 4287100 1417951 6554
4345269 4382857 1450031 7222
4440788 4478841 1482200 7222
4536503 4574492 1514242 7222
4632510 4670325 1546342 7222
4728783 4766388 1578523 7222
4825313 4862652 1610803 7822
4922018 4959091 1643158 7822
5018304 5055143 1675376 7822
5114682 5151309 1707613 7822
5211273 5247651 1739907 7822
5308046 5344151 1772278 8363
5404366 5440796 1804632 8363
5500802 5537039 1836914 8363
5597461 5633392 1869236 8363
5694305 5729915 1901619 8852
5790732 5826588 1934063 8852
5887285 5922866 1966374 8852
5984000 6019261 1998718 9296
6080922 6115811 2031124 9296
6177415 6212516 2063377 9296
6274058 6308809 2095696 9296
6370834 6405208 2128076 9701
6467745 6501757 2160502 9701
6564214 6597911 2192776 9701
6660822 6694209 2225084 10071
6757627 6790677 2257464 10071
6853999 6886744 2289716 10071
6950569 6982952 2322029 10410
7047312 7079340 2354403 10410
7143589 7175348 2386615 10410
7240065 7271503 2418887 10722
7240065 7367839 2451139 10722
7430911 7463785 2482894 10992
7430911 7558550 2514709 10992
7620787 7652970 2546417 11242
7620787 7747703 2578239 11242
7810757 7842779 2609992 11477
7810757 7937633 2641847 11477
8000874 8032758 2673616 11698
8000874 8127633 2705475 11698
8191088 8222238 2737268 11908
8286339 8317147 2769163 11908
8286339 8411809 2800950 12107
8475957 8506769 2832741 12298
8475957 8601504 2864538 12298
8665700 8695980 2896257 12481
8665700 8790775 2928078 12656
8760797 8885369 2959819 12656
8855651 8979719 2991460 12826
8950233 9074404 3023154 12991
9044521 9168887 3054843 13151
9139193 9263146 3086442 13151
9233623 9357187 3117873 13309
9328417 9451591 3149323 13464
9422870 9546250 3181112 13615
9517692 9640712 3212826 13766
9612246 9734954 3244422 13916
9706514 9828974 3275938 13916
9800531 9922810 3307396 14064
9894356 10017037 3338785 14209
9987964 10111128 3370162 14353
10082065 10205035 3401579 14495
10176672 10298771 3433020 14637
10270474 10392355 3445339 14779
10364026 10485809 3476680 14779
10457435 10579144 3507968 14921
10550712 10672918 3539210 15061
10643845 10766601 3570421 15200
10736861 10860146 3601504 15339
10830377 10953567 3632543 15478
10923787 11046867 3663635 15616
11016466 11140124 3694847 15754
11109141 11231488 3725772 15890
11199857 11322714 3756170 16026
11289722 11413714 3786574 16161
11381301 11505765 3817321 16297
11474035 11598927 3848333 16433
11568483 11693091 3898869 16570
11663798 11788158 3930761 16710
11855293 11884027 3962906 16851
11951997 11980608 3995257 16992
12049309 12077821 4027823 17133
12147117 12176188 4060562 17274
12245416 12275067 4093457 17415
12344137 12374337 4126490 17557
12443848 12473958 4159556 17699
12543905 12573886 4192743 17841
12643596 12674036 4226126 17983
12743485 12774411 4259740 18125
12843618 12874998 4293426 18267
12943954 12975786 4327174 18409
13044517 13076747 4360978 18551
13145936 13177860 4394743 18551
13247494 13279111 4428541 18693
13349196 13380487 4462581 18834
13450955 13481981 4496672 18975
13552789 13583566 4530790 19116
13654712 13685244 4564932 19257
13756676 13787001 4599077 19398
13859340 13888832 4633175 19539
13962097 13991299 4667294 19682
14064738 14093302 4701412 19826
14166775 14195282 4735612 19970
14268809 14297293 4769824 20113
14370834 14399897 4804043 20256
14473411 14502532 4838277 20400
14576664 14605563 4886028 20544
14679902 14708569 4920441 20688
14782454 14811507 4941464 20832
14884927 14914374 4975976 20976
14987377 15017178 5010464 21120
15089605 15119935 5044929 21265
15190426 15222440 5079283 21265
15291834 15323546 5113083 21409
15394049 15424619 5146872 21553
15496332 15525811 5180780 21697
15598631 15627123 5214742 21841
15700354 15728526 5248816 21985
15802043 15830025 5282913 22129
15903791 15931614 5317027 22418
15903791 16033286 5351139 22574
