78041 99659 33596 0
177674 222558 68675 0
235294 293127 88621 0
367265 369122 133934 1392
440357 531257 158911 1392
597596 618006 201449 1392
682004 708382 229728 1392
762416 801982 268304 1392
842418 889849 295952 1392
924937 1066692 323943 2525
1010990 1159736 352642 2525
1185736 1251923 399235 2525
1275002 1344578 428743 2525
1365162 1437211 458728 2525
1456103 1530366 489000 2525
1547121 1624044 519648 2525
1638753 1718149 550508 3541
1731734 1812659 581466 3541
1824636 1906993 624659 3541
1917810 2001651 655980 3541
2011449 2097096 687469 3541
2106995 2192313 719191 3541
2203004 2287216 751153 3541
2298631 2382374 783202 4449
2394416 2477820 815099 4449
2489842 2574139 846949 4449
2585495 2670705 878902 4449
2682001 2766871 911138 4449
2778612 2863016 943509 4449
2875391 2959328 975960 5261
2972990 3055803 1008383 5261
3070723 3153017 1040788 5261
3167937 3249835 1073109 5261
3265164 3346674 1105664 5261
3361784 3443637 1138332 5261
3459170 3540525 1171049 5261
3557341 3637965 1203767 5988
3656079 3736041 1236527 5988
3754193 3833602 1269168 5988
3852288 3931135 1301915 5988
3950425 4028163 1334680 5988
4048573 4125650 1367534 6640
4147247 4223673 1400420 6640
4246416 4321712 1433417 6640
4344971 4419723 1466479 6640
4442757 4517734 1499603 6640
4541162 4615560 1532693 7227
4640301 4713257 1565460 7227
4738621 4809586 1598157 7227
4834919 4906462 1630474 7227
4931178 5003472 1662801 7710
5027588 5100543 1695232 7710
5124751 5197705 1727641 7710
5222079 5294248 1760060 7710
5319510 5390857 1792546 8147
5417085 5487592 1825006 8147
5514150 5583913 1857509 8147
5611298 5680342 1889942 8546
5708587 5776924 1922402 8546
5805375 5874242 1954832 8546
5901652 5971153 1987189 8546
5998057 6068105 2019579 8911
6095373 6164597 2051958 8911
6192283 6260649 2084251 9247
6289236 6356827 2116597 9247
6386361 6453188 2148941 9247
6482479 6549725 2181302 9557
6578148 6646406 2213583 9557
6674739 6742174 2245912 9844
6771622 6838055 2278191 9844
6868661 6934130 2310454 9844
6965219 7029851 2330005 10111
7061326 7126339 2374831 10111
7157035 7222516 2394352 10362
7252914 7318823 2439064 10599
7348437 7414770 2458554 10599
7444664 7510876 2490711 10824
7541108 7606477 2522853 10824
7637220 7701725 2554995 11038
7732861 7797781 2587063 11038
7828111 7893566 2619008 11243
7923570 7989521 2651015 11438
8018732 8085142 2682927 11438
8113551 8180416 2714836 11626
8208619 8275898 2746697 11807
8303427 8371089 2778459 11983
8398417 8466005 2810179 11983
8494386 8560616 2842062 12149
8588620 8653971 2873718 12309
8681807 8747529 2904964 12466
8774808 8840988 2936124 12466
8867660 8934322 2967365 12621
8961021 9028077 2998563 12774
9054254 9121745 3029791 12926
9147332 9215272 3060968 13077
9240313 9308674 3092108 13227
9333127 9401955 3123194 13376
9425848 9495131 3154252 13525
9518447 9588217 3185259 13672
9610972 9681203 3216375 13672
9703434 9774112 3247458 13818
9796432 9867496 3278600 13961
9889396 9960815 3309712 14103
9982271 10054036 3340793 14245
10075033 10147162 3371836 14387
10167693 10240200 3402849 14528
10260279 10333154 3433842 14668
10352829 10426035 3464943 14808
10445254 10518861 3496014 14808
10537639 10611634 3527053 14947
10630584 10704923 3558069 15085
10723507 10798170 3589137 15223
10816290 10891322 3620182 15361
10908981 10984375 3651196 15499
11001607 11077339 3682187 15637
11094125 11170237 3713140 15775
11186596 11263082 3744086 15913
11278979 11355869 3775007 16051
11371307 11448598 3805911 16189
11463582 11541274 3836794 16326
11555824 11633911 3867666 16462
11648029 11726519 3898657 16598
11740214 11819103 3929639 16598
11832383 11911657 3960605 16734
11924519 12004740 3991541 16870
12017282 12097803 4022472 17006
12109982 12190778 4053368 17142
12109982 12190778 4084322 17278
12202505 12283628 4114690 17413
12293255 12374772 4145028 17548
12383927 12465836 4175394 17683
12474675 12557010 4205779 17818
12565464 12648298 4236202 17954
12746547 12739693 4266334 18090
12837721 12922369 4296815 18227
12930032 13015351 4327666 18367
13023341 13109344 4358857 18508
13117600 13204255 4390378 18649
13212663 13299973 4422167 18790
13308474 13396413 4454212 18933
13404915 13493491 4486468 19078
13501926 13591154 4531718 19224
13599459 13689325 4564405 19371
13697437 13787934 4597248 19517
13795913 13886928 4630375 19664
13894779 13986288 4663609 19812
13993911 14085966 4696936 19960
14093339 14185926 4730360 20108
14193063 14286713 4763862 20256
14293689 14387732 4797522 20404
14394585 14488895 4831248 20553
14495589 14590181 4865010 20703
14596695 14691581 4898804 20853
14697880 14793084 4932552 21006
14799084 14894670 4966415 21158
14900397 14996344 5000326 21309
15001795 15098084 5034261 21460
15103255 15199890 5068212 21611
15204746 15301743 5102170 21764
15306255 15403636 5136142 21917
15407815 15505572 5170128 22070
15509443 15607554 5204125 22070
15611066 15709565 5238132 22223
15712761 15811602 5272152 22376
15814436 15913662 5306184 22529
15916129 16015757 5360920 22682
16017853 16117867 5381744 22986
