137756 44794 71046 0
402610 139821 171529 0
688445 253961 263414 0
844194 313556 349730 1295
1178864 374911 457469 1295
1361855 508755 560070 1295
1554251 579068 687668 1295
1959622 652290 771860 1295
2175389 728217 858630 1295
2397650 887093 948049 2463
2625574 969586 1076111 2463
2856704 1053198 1228732 2463
3092416 1138339 1325631 2463
3331975 1224844 1424349 2463
3818099 1312627 1524563 3510
4067978 1401543 1625722 3510
4318723 1491446 1727239 3510
4571920 1581675 1829774 3510
4827216 1672681 1933323 3510
5084595 1764453 2037743 4453
5343836 1856907 2143013 4453
5603066 1949420 2248333 4453
5862017 2136039 2354531 4453
6122436 2230057 2461391 5306
6386043 2324491 2568512 5306
6649288 2418753 2675829 5306
6913592 2513347 2783183 5306
7178937 2608302 2891002 6078
7445148 2703583 2999226 6078
7710532 2798604 3148961 6078
7976653 2893858 3257674 6781
8242020 2989388 3324302 6781
8506633 3084628 3475415 6781
8773882 3180078 3584205 7423
9042137 3275780 3693294 7423
9311015 3371180 3802401 7423
9578839 3466787 3911371 8011
9847043 3562608 4020591 8011
10115841 3658116 4129773 8011
10383370 3753825 4238807 8552
10651452 3849762 4348009 8552
10916846 3945355 4457495 9053
11182912 4041132 4524322 9053
11450865 4041132 4633413 9053
11712795 4136424 4741162 9490
11975126 4229981 4847712 9490
12236752 4323754 4953946 9896
12499657 4417368 5060666 9896
12762166 4605260 5167732 10276
13024135 4605260 5275206 10276
13285607 4699514 5382461 10635
13550139 4887524 5489885 10977
13814314 4887524 5597108 10977
14077569 5075940 5704480 11304
14341959 5170415 5811883 11614
14605699 5170415 5919485 11614
14868527 5358761 6026821 11916
15132382 5453175 6134101 12206
15395776 5453175 6241161 12206
15656812 5547412 6348583 12487
15918859 5641416 6456021 12760
16182359 5735245 6563022 13024
16445517 5829457 6670272 13283
16707986 5923515 6777325 13283
16969901 6017375 6884140 13538
17232974 6111067 6991039 13785
17495581 6205155 7097754 14026
17757593 6299105 7204692 14264
18018648 6392873 7311696 14264
18279282 6486868 7419013 14500
18543236 6580727 7526165 14730
18806975 6674967 7633172 14957
19070146 6769060 7740406 15183
19332651 6862970 7847460 15409
19594445 6956704 7954249 15634
19854110 7050273 8061060 15857
20113249 7143707 8167669 16078
20373847 7237013 8273844 16078
20634067 7330167 8379780 16299
20895729 7423225 8485585 16739
21157271 7516202 8591622 16966
21415258 7609117 8697563 16966
21672823 7701942 8803330 17193
21933899 7794702 8909098 17416
22191490 7887500 9013448 17635
22448603 7979475 9117680 17854
22705602 8071394 9221938 18073
22960965 8163349 9326424 18292
23216356 8255336 9431001 18509
23471988 8347352 9536052 18726
23729359 8439408 9640852 18943
23986731 8531488 9745640 19160
24243942 8623576 9850359 19378
24500941 8715661 9955028 19600
24756345 8807762 10059919 19825
25011820 8899891 10164466 20049
25269341 8992046 10269273 20272
25526965 9084214 10374099 20495
25784511 9176365 10478929 20716
26041616 9268529 10584017 20937
26298603 9361113 10689654 20937
26555585 9453703 10795233 21158
26814148 9546258 10900507 21378
27072813 9638787 11005696 21598
27331262 9731278 11110820 21819
27589549 9823757 11215953 22041
27849407 9916222 11321299 22262
28108747 10009077 11427466 22707
28366302 10101911 11533293 22707
28625119 10194675 11638762 22933
28884003 10287367 11744156 23159
29144413 10380028 11849481 23384
29404705 10472663 11955077 23605
29663273 10565817 12060908 23826
29921506 10658941 12166655 24046
30181065 10751985 12272063 24267
30440482 10844941 12377336 24488
30699852 10937826 12482632 24709
30959007 11030660 12588303 24932
31217969 11123455 12693617 25157
31476676 11216210 12798805 25382
31735232 11308922 12903929 25607
31993283 11401594 13009318 25607
31993283 11494628 13115557 25831
32251278 11587565 13218220 26047
32500783 11677256 13320783 26265
33008442 11767808 13424699 26702
33267181 11859536 13529923 26922
33528563 11952353 13636275 27144
33792442 12046193 13743701 27370
34058156 12236511 13851953 27599
34325814 12332814 13960965 27830
34595355 12429768 14070770 28061
34866679 12527297 14181292 28292
35139580 12625352 14292454 28525
35413867 12723883 14404219 28762
35689094 12822797 14516412 29000
35965281 12922075 14672711 29238
36242444 13021659 14855309 29477
36520429 13121552 14969009 29717
36799267 13221699 15082983 29958
37078879 13322094 15197241 30200
37359138 13422696 15311807 30444
37640036 13523486 15426611 30688
37921505 13624450 15541915 30928
38205302 13726131 15657409 31171
38489608 13827441 15773048 31415
38774140 13928803 15888819 31660
39058978 14030271 16004752 31902
39344101 14132403 16120826 32144
39629397 14234611 16236989 32387
39914685 14336813 16353158 32387
40200117 14439016 16469825 32628
40485552 14541215 16586578 32867
40771056 14643422 16703290 33106
41056481 14745629 16819957 33344
41341938 14847832 16936618 33582
41627365 14950021 17053220 33821
41912644 15052209 17169753 34061
