252820 47831 98042 0
535100 158037 213370 1466
893097 291766 328598 1466
1072234 366186 434857 1466
1254480 437590 559694 1466
1662833 585645 678703 1466
1889342 666111 769926 1466
2127526 750848 923178 1466
2368292 836672 1020937 2643
2610691 924436 1119881 2643
3101152 1013393 1219691 2643
3352612 1102768 1320646 2643
3606589 1192433 1422693 2643
3862697 1374194 1525835 3697
4120860 1466182 1629883 3697
4379067 1558247 1734103 3697
4638822 1650760 1839381 3697
4897880 1744420 1946311 4647
5158358 1838601 2053831 4647
5422183 1932640 2161131 4647
5687314 2027013 2268417 4647
5953296 2121744 2376128 5509
6220251 2216804 2484264 5509
6486407 2311619 2592101 5509
6753349 2406703 2700373 6292
7021015 2502069 2809031 6292
7287671 2597150 2917797 6292
7555002 2692447 3026449 6292
7822929 2787996 3135387 7007
8091592 2883794 3286732 7007
8357656 2979824 3396278 7661
8623906 3075907 3463139 7661
8894870 3171602 3573440 7661
9164946 3267444 3683016 8263
9435382 3363484 3792753 8263
9703963 3459707 3902628 8263
9974882 3555957 4012612 8820
10246361 3652342 4122780 8820
10516634 3748345 4232497 9336
10787331 3844475 4342463 9336
11055149 3940794 4452385 9817
11323337 4037269 4562068 9817
11590502 4133331 4671676 10267
11859954 4229016 4781115 10267
12123286 4322537 4889677 10669
12385150 4416831 4996700 10669
12646281 4510978 5103727 11045
12908648 4605486 5210774 11403
13170675 4699800 5317631 11403
13433877 4793366 5424732 11747
13698341 4887281 5531918 12075
13962184 4981050 5639301 12075
14223809 5075202 5746485 12394
14486211 5169609 5854347 12702
14751295 5263706 5962527 12702
15017343 5358112 6070905 13001
15284480 5452897 6179235 13290
15550453 5548047 6287452 13570
15816779 5643325 6396339 13846
16081971 5738686 6505187 13846
16346353 5833775 6613588 14117
16611556 5929107 6721908 14381
16877417 6024205 6830061 14639
17144224 6118838 6938716 14895
17410061 6213191 7047047 15150
17673311 6307839 7154952 15405
17935560 6402266 7262469 15657
18197151 6496463 7369654 15657
18458135 6590440 7476492 15907
18720326 6684773 7583127 16154
18982175 6778941 7689567 16401
19243566 6872922 7796127 16645
19504553 6966719 7902568 16888
19765088 7060349 8008850 17130
20025236 7153817 8115001 17371
20285053 7247153 8221429 17611
20544595 7340384 8327749 17849
20805183 7433530 8434125 18086
21067029 7526394 8540605 18086
21326763 7619710 8646870 18323
21586035 7712963 8752972 18559
21845181 7806123 8858976 18795
22105762 7899722 8964874 19029
22367442 7899722 9071134 19263
22625265 7993230 9177059 19491
22882470 8085771 9281985 19719
23139492 8178167 9386710 19947
23396445 8270523 9491383 20173
23653411 8362875 9596506 20400
23910440 8455206 9701678 20625
24167583 8547538 9806862 20850
24424538 8639862 9911998 21076
24681405 8732168 10017067 21302
24681405 8824444 10121991 21302
25194399 8916692 10226829 21528
25194399 9008915 10331603 21753
25450864 9101137 10436395 21978
25707195 9193359 10541102 22203
25963428 9285562 10645769 22428
26219526 9377745 10750422 22653
26475832 9469926 10855091 22879
26732138 9562098 10959765 23106
26988362 9654281 11064393 23333
27244691 9746490 11169043 23562
27756948 9838692 11273583 23791
28014845 10023600 11378418 24015
28272809 10116336 11483310 24238
28530726 10209024 11588197 24460
28788506 10209024 11693096 24683
29046187 10301664 11797929 24906
29303805 10394264 11902784 25130
29561239 10486826 12007642 25356
29818647 10579346 12112460 25582
30075858 10671839 12217263 25808
30332939 10764299 12322000 26035
30589987 10856748 12426745 26262
30847135 10949195 12531542 26491
31104216 11041637 12636330 26720
31361196 11134062 12741107 26950
31618049 11226461 12845803 27180
31618049 11318830 12950501 27410
32131701 11411196 13055233 27636
32131701 11503572 13160413 27636
32388607 11595945 13265028 27860
32644048 11687849 13368719 28078
32894299 11777908 13471094 28296
33144465 11867963 13573038 28509
33393460 11957621 13675406 28722
33645841 12048438 13779127 28939
34158376 12233623 13883835 29395
34418146 12327227 13989735 29631
34680409 12421708 14096711 29868
34944818 12517004 14204570 30105
35211290 12613635 14313230 30105
35479639 12710950 14422684 30344
35751648 12808824 14532878 30583
36025301 12907165 14644044 30821
36300392 13005932 14755853 31059
36576621 13105067 14868133 31297
36853753 13204525 15094020 31536
37131896 13304298 15207521 31776
37410771 13404336 15321340 32017
37690453 13504625 15435971 32256
37972625 13604586 15551044 32495
38254890 13705322 15666582 32735
38537356 13806683 15782197 32977
38819977 13908187 15897872 33221
39102821 14009774 16013606 33463
39385842 14111411 16129404 33705
39669037 14213091 16245179 33947
39952240 14314793 16360927 34189
40235512 14416534 16476736 34430
40518821 14518318 16592568 34671
40802309 14620124 16708440 34911
41086158 14721960 16824456 35152
41370259 14823853 16940508 35394
41654410 14925771 17056553 35636
41938703 15027710 17172612 36124
