233358 103133 104165 1480
570476 232648 246541 1480
977921 306005 383427 1480
1207013 470362 517005 1480
1707929 560393 684089 1480
1976917 654889 794600 1480
2256334 855171 909233 2828
2544864 960116 1074315 2828
2839237 1067076 1196071 2828
3449463 1176410 1398050 2828
3764097 1287922 1526789 4040
4086177 1401343 1657163 4040
4410930 1516446 1788576 4040
4737780 1632421 1922239 4040
5068261 1868200 2057534 5136
5402071 1987740 2194159 5136
5737046 2107623 2331172 5136
6074571 2228325 2523014 5136
6414699 2349840 2662465 6131
6757232 2472050 2802504 6131
7099834 2594295 2942774 6131
7444238 2717072 3083767 7036
7790474 2840397 3225163 7036
8140211 2963630 3366707 7036
8489760 3087287 3508436 7864
8838532 3211389 3650913 7864
9188470 3335296 3793906 7864
9537494 3459520 3936836 8623
9887483 3584127 4079793 8623
10236484 3708485 4222627 9326
10586520 3833141 4365520 9326
10937420 3957549 4508788 9978
11287512 4082247 4652004 9978
11638770 4206699 4795398 10587
11990937 4331431 4938245 10587
12344048 4456472 5081224 11157
12694477 4581228 5224644 11157
13045898 4706240 5367888 11157
13396542 4830287 5509935 11664
13745869 4952410 5651456 12137
14087294 5074300 5791262 12137
14430002 5196150 5931414 12586
14772854 5318588 6071519 12586
15115616 5441013 6211876 13019
15460053 5563947 6352616 13432
15806277 5686823 6492850 13833
16152183 5809576 6633296 13833
16497775 5932211 6774632 14219
16843097 6055333 6915855 14594
17187891 6178367 7056879 14962
17532458 6301273 7197766 14962
17878550 6424085 7339267 15321
18224588 6547390 7480717 15669
18572200 6670589 7621586 16011
18919360 6793636 7762253 16349
19264329 6916563 7903196 16681
19610309 7039362 8044777 16681
19956141 7162044 8186276 17006
20301667 7285209 8327591 17326
20646836 7408313 8468699 17642
20993551 7531274 8609215 17958
21339804 7654073 8749506 18275
21683703 7776716 8890113 18589
22027090 7899267 9030598 18902
22370313 8021712 9170971 19209
22715256 8144089 9312030 19512
23060124 8266421 9453068 19814
23404853 8388694 9594020 20115
23749435 8510928 9734900 20115
24095795 8633143 9875282 20416
24442050 8755910 10015573 20714
24786345 8878638 10156223 21010
25129960 9001282 10296700 21307
25473080 9123832 10437030 21603
25816026 9246281 10577234 21899
26158830 9368629 10717349 22195
26503329 9490901 10856930 22492
26847518 9613105 10942356 22790
27189742 9735250 11082226 23088
27526504 9855652 11219963 23381
27863227 9975975 11357665 23672
28200508 10096457 11495572 23962
28538498 10217108 11633713 24250
28878861 10337928 11772527 24544
29219618 10458893 11910641 24838
29560614 10579976 12048874 25132
29900229 10701170 12187778 25426
30240046 10822458 12326867 25721
30580163 10943837 12466003 26017
30920593 11065299 12605261 26313
31261292 11186825 12744554 26610
31602359 11308403 12883964 26909
31945076 11429982 13076779 27205
32290072 11551596 13216557 27501
32634576 11673662 13356816 27797
32978976 11795767 13443372 28094
33323078 11917870 13638063 28391
33666988 12039946 13778577 28687
34010795 12162022 13919339 28982
34356561 12284082 14059683 29275
34702254 12406154 14199971 29275
35046068 12528230 14340697 29860
35389737 12650863 14481373 30157
35733011 12772952 14621904 30454
36076308 12894966 14762388 30454
36419588 13016976 14902842 30751
36764684 13139575 15042797 31045
37109524 13262155 15182621 31338
37453990 13384655 15322369 31631
37796517 13507080 15408437 31924
38138894 13629462 15602749 32217
38481177 13751801 15688807 32509
38823417 13874054 15828898 32802
39165621 13996243 15968903 33095
39509401 14118374 16108339 33388
39853150 14240445 16247769 33681
40195076 14362486 16387649 33974
40536848 14484496 16527575 34265
40879038 14606468 16667541 34551
41214820 14726253 16804880 34837
41552075 14846459 16942429 35126
41891857 14846459 17080132 35694
