63576 35826 25135 0
150138 121637 84862 0
392277 166194 150064 0
656496 267153 279148 0
812167 386889 371092 1372
1164970 453578 488939 1372
1359250 524741 601802 1372
1780556 679033 741959 1372
2005811 761309 834370 1372
2239656 846493 930217 1372
2480920 934233 1068530 2612
2981282 1116325 1170765 2612
3238786 1209576 1339320 2612
3501077 1304400 1446609 2612
3767816 1400671 1555647 2612
4038404 1498247 1666266 3723
4312515 1597000 1778293 3723
4567320 1689638 1882401 3723
4814910 1780427 1983525 3723
5066915 1871337 2086454 3723
5324291 1963947 2191610 4622
5586689 2058285 2298812 4622
5846600 2152051 2404912 4622
6107749 2246172 2511486 4622
6370328 2340707 2618628 5432
6634138 2435621 2726291 5432
6897295 2530303 2833686 5432
7161447 2625261 2941475 6168
7426640 2720523 3049723 6168
7692969 2816075 3158162 6168
7959933 2911217 3267229 6168
8227708 3006570 3376999 6839
8496117 3102185 3487032 6839
8763390 3198011 3596159 7454
9031294 3294069 3705513 7454
9299788 3390323 3814845 7454
9567280 3486211 3923989 8022
9835404 3582249 4033459 8022
10102547 3677940 4142495 8548
10370246 3773801 4251734 8548
10639985 3869742 4404114 9036
10908854 3965321 4471842 9036
11179593 4061553 4624964 9493
11449256 4158005 4692399 9493
11719284 4254588 4802579 9922
11988196 4350774 4912291 9922
12257397 4447070 5021875 10327
12525499 4542970 5131225 10327
12792311 4638486 5240095 10714
13059625 4734181 5349201 11080
13325913 4829555 5457867 11080
13592845 4925146 5566571 11429
13858948 5020459 5675137 11766
14123879 5115429 5783303 11766
14389647 5210660 5891510 12090
14654567 5305636 5999608 12402
14918347 5400319 6107319 12402
15181887 5495306 6214868 12698
15441385 5588527 6320579 12982
15700339 5681476 6426331 13258
15958960 5774317 6531933 13258
16217054 5867085 6637385 13529
16476742 5960301 6743177 13791
16736314 6053467 6849184 14049
16995430 6146520 6955057 14303
17254362 6239476 7060819 14554
17513099 6332365 7166446 14554
17773289 6425731 7272459 14798
18033415 6519050 7378413 15040
18293310 6612256 7484560 15278
18553118 6705377 7590658 15515
18812558 6798418 7696654 15749
19071653 6891356 7802475 15980
19330598 6984206 7908222 16210
19589489 7077564 8013919 16441
19848256 7170887 8119600 16676
20106893 7263618 8225191 16907
20366997 7356769 8331115 17140
20625352 7449880 8436961 17140
20885240 7542931 8542756 17370
21145060 7635898 8648479 17599
21404775 7728803 8754209 17828
21664312 7821662 8859881 18058
21923709 7914470 8965508 18289
22182882 8007235 9071071 18520
22441984 8099967 9176647 18751
22701023 8192671 9282175 18984
22959657 8285351 9387557 19220
23218459 8378003 9493340 19451
23477166 8470606 9599060 19681
23735787 8563185 9704732 19910
23994361 8655733 9810402 20138
24252773 8748252 9915947 20366
24510914 8840739 10021417 20593
24768869 8933180 10126784 20820
25026780 9025613 10232120 21046
25284760 9118601 10337481 21272
25542690 9211514 10443132 21496
25796265 9302969 10547034 21726
26049721 9393846 10650455 21957
26303462 9484790 10753969 22189
26557528 9575860 10857614 22422
26811623 9667040 10961273 22654
27065874 9758326 11065006 22888
27320301 9849731 11168791 22888
27574950 9941235 11272664 23123
27831601 10033397 11377120 23353
28088479 10125630 11481653 23582
28345351 10217886 11586216 23810
28602279 10310151 11690800 24039
28859174 10402424 11795431 24268
29116029 10494691 11900057 24498
29373043 10586953 12005057 24726
29630221 10679228 12110087 24957
29887480 10771534 12214941 25191
30144784 10863861 12319758 25426
30402080 10956197 12424600 25661
30659317 11048525 12529407 25897
30916418 11140855 12634496 26131
31173593 11233187 12739634 26365
31430856 11325533 12844765 26598
31688077 11417874 12949880 26831
31945133 11510200 13054891 27064
32202035 11602512 13159866 27296
32458995 11694814 13264820 27528
32715941 11787113 13369776 27760
32972879 11879416 13474697 27990
33231175 11972139 13580175 28222
33489581 12064836 13685653 28455
33747821 12157493 13791113 28684
34007697 12250659 13896948 28913
34267599 12343810 14002802 28913
34527452 12436900 14108656 29142
34787205 12529901 14214473 29369
35046709 12622833 14320191 29596
35306112 12715702 14425867 29823
35565362 12808512 14531524 30051
35823989 12901174 14636963 30279
36077512 12992078 14740495 30500
36327988 13081982 14842887 30718
36581371 13172941 14946456 30937
36837902 13265065 15051270 31157
37097363 13358269 15157283 31381
37359324 13452441 15264264 31606
37623660 13547510 15372246 31831
37890345 13643976 15481178 32055
38160872 13741141 15591307 32289
38431639 13838340 15701829 32525
38703994 13936048 15856282 32760
38977935 14034825 15968743 32995
39255019 14134061 16081759 33233
39531787 14233643 16195234 33476
39809453 14332995 16308652 33723
40087804 14432581 16422337 33970
40367088 14532451 16536404 34218
40647184 14632602 16650729 34467
40927762 14732975 16765211 34719
41208623 14833539 16879813 34971
41489842 14934292 16994553 35226
42052987 15035191 17109395 35480
42335158 15136245 17224397 36871
