84889 48206 47977 0
291822 96072 129756 0
548177 199590 264216 0
894912 326562 408266 1143
1093315 399050 490797 1143
1530024 558306 578821 1143
1765352 643980 768939 1143
2011550 733403 870304 2179
2530061 921855 975191 2179
2798171 1019494 1152834 2179
3049713 1111004 1192184 2179
3297938 1201310 1396827 3023
3551909 1294153 1502301 3023
3812245 1389127 1610311 3023
4082761 1486698 1720404 3791
4354596 1584884 1830964 3791
4628514 1683100 1941859 3791
4902577 1780609 2052721 4493
5176608 1877962 2164568 4493
5450344 1974809 2276721 4493
5720604 2072174 2388337 5139
5992844 2170205 2500543 5139
6267138 2267731 2611923 5739
6541901 2365256 2723310 5739
6816973 2462301 2834817 5739
7088914 2558858 2946014 6293
7361052 2655511 3056610 6293
7633461 2752281 3166661 6809
7906264 2849185 3277094 6809
8176177 2946208 3388331 7291
8443383 3042803 3499529 7291
8712961 3138465 3609559 7744
8985105 3234840 3719173 7744
9256100 3330896 3829261 8172
9527473 3427002 3939996 8578
9798347 3523096 4051206 8578
10069250 3619972 4162524 8969
10341962 3717505 4273594 9344
10614970 3814428 4384074 9344
10886679 3910878 4494078 9706
11158912 4006907 4562629 10053
11426932 4103068 4715948 10390
11695267 4199414 4826217 10390
11966470 4295408 4936247 10713
12236657 4390921 5003517 11029
12506774 4486563 5113053 11341
12773989 4582403 5222032 11648
13040101 4677922 5330610 11648
13306959 4773663 5439722 11945
13573133 4869103 5548570 12238
13839080 4964388 5590634 12525
14098901 5057626 5698279 12805
14357900 5150529 5804208 13082
14616703 5243344 5909911 13082
14875471 5336113 6080467 13356
15135992 5429415 6121398 13624
15396688 5522705 6293473 13889
15658506 5615919 6400369 14152
15921667 5708882 6441736 14414
16182764 5802311 6548374 14676
16443236 5895665 6719910 14937
16703349 5988878 6826299 15195
16963331 6082001 6867153 15195
17223245 6175055 7038803 15451
17486369 6268616 7146248 15702
17751172 6361989 7253640 15951
18015565 6455254 7360853 16200
18277614 6548980 7467997 16449
18538965 6642632 7509096 16698
18799849 6736160 7616208 16945
19060260 6829550 7722742 17192
19320300 6922830 7829058 17439
19579954 7015994 7935195 17685
19839248 7109042 8041150 17931
20098184 7201993 8146940 18176
20356883 7294853 8252336 18420
20615405 7387623 8358091 18663
20873692 7480347 8464047 18905
21131941 7573038 8569534 19147
21390285 7665698 8675024 19389
21648646 7758348 8780505 19632
21907022 7850984 8885714 19877
22165166 7943590 8991343 20122
22423254 8036182 9096910 20369
22681410 8128757 9202748 20369
22939501 8221325 9308194 20616
23199438 8314431 9413852 21102
23459460 8407522 9519282 21351
23717770 8500052 9624505 21351
23976031 8592529 9730112 21600
24234246 8592529 9835785 21848
24489673 8777112 9941159 22095
24746864 8869197 10045764 22339
25004312 8961369 10150429 22580
25261663 9053576 10255284 22821
25519032 9145813 10360574 23062
25776446 9238067 10466177 23303
26034009 9330336 10571387 23543
26291480 9422593 10676565 23782
26548763 9514843 10781698 24022
26805837 9607071 10886477 24263
27062689 9699318 10991607 24504
27319555 9791555 11096939 24744
27576508 9883795 11201907 24983
27833257 9976045 11306799 24983
28089926 10068291 11411647 25459
28346814 10160548 11516241 25459
28603644 10252829 11621316 25697
28862359 10345675 11726653 25932
29121291 10438547 11831697 26167
29380240 10531387 11937016 26401
29639149 10624200 12042424 26635
29898006 10716981 12147992 26869
30156688 10809734 12253991 27104
30415460 10902465 12359956 27344
30674310 10995171 12465187 27584
30933193 11087855 12570666 27822
31192206 11180530 12676643 28060
31451202 11273187 12782398 28298
31710158 11365828 12888573 28537
31969098 11458452 12994995 28776
32228027 11551063 13100982 29015
32486871 11643648 13206872 29253
32745720 11736203 13312700 29491
33004318 11828728 13418493 29729
33262759 11921236 13524169 29966
33520961 12013707 13629485 30203
33778986 12106140 13735142 30439
34036997 12198548 13841025 30674
34294702 12290925 13946429 30674
34294702 12290925 14051678 30909
34552364 12383299 14154805 31139
34804727 12473869 14257576 31369
35056923 12564428 14360461 31599
35558811 12653918 14463193 31827
35816924 12837594 14567883 32053
36078258 12931159 14673949 32282
36342431 13025699 14781204 32516
36608922 13121101 14955360 32756
36877661 13217275 15065221 32996
37148406 13314144 15176188 33236
37420924 13411626 15287732 33476
37695103 13509649 15399907 33716
37970604 13608140 15512615 33957
38247180 13707033 15625916 34198
38524544 13806279 15739483 34441
38802659 13905834 15897299 34684
39081430 14005665 16011701 34928
39360494 14105740 16125825 35174
39639898 14206019 16240053 35421
39919875 14306510 16354218 35668
40200432 14407180 16469016 35916
40481515 14508002 16584051 36163
40762960 14608948 16699479 36410
41044851 14710033 16814660 36658
41327109 14811238 16929686 36906
41609650 14912546 17045283 37154
41892555 15013956 17161060 37401
