211204 91171 76148 0
458878 197156 219129 1515
787871 327092 288610 1515
1180499 400266 447811 1515
1398270 478538 536258 1515
1628575 648257 688992 1515
2121791 738714 830450 1515
2382253 832366 936474 2899
2650626 928154 1046053 2899
2924142 1125569 1227935 2899
3203987 1227496 1343981 2899
3780379 1331262 1462191 4140
4075863 1436650 1629018 4140
4075863 1542869 1703367 4140
4618495 1642439 1815909 4140
4618495 1740315 1926484 4140
4892790 1837656 2036429 5145
5164358 1934982 2146511 5145
5436066 2031701 2256316 5145
5707494 2128414 2366829 5145
5979209 2225234 2477557 6051
6251242 2322162 2588438 6051
6523525 2418621 2698682 6051
6794115 2515172 2809008 6051
7064973 2611847 2919585 6873
7336180 2708621 3030252 6873
7607679 2804959 3140390 6873
7877938 2901403 3250627 7621
8148184 2997966 3360943 7621
8418688 3094102 3470694 7621
8687915 3190365 3580641 8306
8957560 3286759 3690820 8306
9227635 3383153 3800416 8306
9497546 3479669 3910703 8934
9767691 3576308 4021113 8934
10036489 3673073 4130748 9515
10305713 3769856 4240870 9515
10577012 3866167 4351034 9515
10847031 3962551 4461314 10054
11117019 4059077 4571660 10054
11385793 4155726 4681216 10555
11654819 4252479 4790923 10555
11922691 4348324 4900522 11024
12191210 4444236 5010279 11024
12458558 4539802 5119557 11463
12726422 4635544 5229024 11463
12993394 4731399 5338114 11876
13262231 4827415 5447980 12268
13530079 4923046 5557451 12268
13798605 5018702 5666411 12642
14067251 5114546 5776188 12642
14336519 5210049 5885557 12996
14604606 5305619 5994892 13337
14872866 5305619 6104568 13337
15141602 5401430 6146086 13657
15405637 5496124 6253336 13963
15667392 5589990 6360120 13963
15928412 5684136 6466587 14259
16187284 5778136 6572857 14544
16445665 5870837 6678464 14822
16703787 5962880 6784609 15092
16961774 6055409 6890403 15092
17221083 6148507 6995988 15358
17480253 6241576 7101469 15622
17739071 6334531 7206830 15883
17997562 6427389 7312054 16139
18255814 6520717 7417956 16389
18514172 6613980 7524125 16638
18774018 6706652 7630213 16638
19033876 6799240 7735993 16884
19293347 6892328 7841589 17130
19552313 6985361 7947001 17374
19811032 7078279 8052368 17616
20069627 7171139 8157729 17855
20328133 7264486 8263723 18091
20586487 7357776 8369986 18323
20846463 7450473 8476178 18555
21106378 7543067 8582248 18555
21367467 7636035 8688168 18787
21628160 7729467 8794246 19017
21888219 7822806 8900133 19247
22147775 7916019 9005826 19477
22406872 8009102 9111412 19707
22665875 8102102 9216935 19935
22924747 8195043 9322422 20162
23183447 8287902 9428873 20386
23443381 8381092 9535502 20610
23703248 8474232 9642081 20834
23962725 8567825 9748454 21057
24221924 8661343 9854687 21280
24480979 8754739 9960849 21502
24741593 8848025 10066920 21725
25002209 8941195 10172877 21952
25260893 9034282 10278674 21952
25519054 9127181 10383607 22180
25771626 9218515 10486944 22400
26024053 9308774 10589526 22618
26276815 9399106 10692258 22835
26529969 9489606 10795160 23053
26783450 9580272 10898208 23272
27037195 9671084 11001388 23492
27291103 9762034 11104678 23713
27545323 9853111 11208111 23934
27799857 9944318 11311720 24155
28054710 10035639 11415479 24376
28309709 10127070 11519356 24598
28564830 10218588 11623314 24820
28820045 10310171 11727350 25044
29075206 10401805 11831331 25271
29330289 10493467 11935274 25497
29585412 10585177 12039279 25723
29840750 10676953 12143607 25948
30097528 10769222 12248467 26177
30354384 10861523 12353226 26408
30611298 10953826 12458011 26636
30868246 11046661 12563190 26870
31125025 11138985 12667964 27104
31381706 11231245 12772669 27339
31638435 11323504 12877356 27574
31895140 11415762 12982025 27809
32151687 11508009 13086700 28043
32408318 11600259 13191827 28280
32664956 11692501 13296544 28517
32921649 11784723 13401550 28749
33178513 11877504 13507008 28980
33435411 11970293 13612490 28980
33692341 12063045 13717903 29211
33950951 12155757 13823286 29438
34209531 12248400 13928563 29662
34467935 12340991 14033776 29886
34726282 12433545 14138989 30110
34984422 12526079 14244140 30334
35242435 12618597 14349274 30559
35500183 12711083 14454294 30784
35757556 12803449 14558472 31004
36009971 12894172 14661419 31225
36262386 12984862 14764416 31446
36515282 13075706 14867602 31668
36768542 13166700 14970945 31890
37019051 13257838 15074186 32108
37272643 13349582 15178066 32327
37531045 13442281 15283718 32547
37792566 13535970 15390971 32769
38056765 13630600 15565973 32994
38323164 13822307 15675647 33220
38591628 13919199 15786041 33448
38861778 14016690 15897060 33677
39133576 14114684 16008667 33908
39406902 14213151 16120790 34142
39681499 14312034 16233428 34376
39957332 14411301 16346444 34611
40512211 14510901 16459921 34848
40512211 14610782 16573706 35085
40792802 14710916 16687773 35326
41352378 14811280 16802103 35569
41633136 14911854 16916662 35812
41916371 15012636 17031563 36055
42199993 15113576 17146589 37448
