24014 59569 6500 1570
74536 92691 29366 1570
140382 131230 63349 2641
285992 211476 123332 2641
451245 253574 194741 2641
681185 348108 291344 2641
967781 460111 412452 2641
1130041 522564 480568 2641
1492971 588092 598855 3643
1688739 729058 709465 3643
1890458 803266 792581 3643
2315068 879980 931483 3643
2536855 958983 1021295 3643
2763989 1040056 1113691 4542
2996085 1206253 1245450 4542
3230619 1291065 1341600 4542
3469075 1377230 1439279 4542
3711225 1464629 1538430 5354
3956859 1553146 1638660 5354
4205404 1642113 1802208 5354
4454844 1731988 1904868 5354
4960652 1822724 2008451 6091
5216629 1914233 2112622 6091
5472726 2005862 2217108 6091
5730575 2098096 2322270 6761
5989922 2190930 2428107 6761
6249097 2284298 2533812 6761
6509447 2377583 2640079 7373
6770967 2471260 2746797 7373
7031724 2565333 2853191 7373
7293684 2659222 2958407 7897
7546364 2750681 3060710 7897
7793540 2840600 3161656 7897
8042591 2930549 3263468 8378
8294302 3021249 3366021 8378
8546649 3112144 3469126 8824
8800802 3203697 3573025 8824
9055213 3295861 3676989 9239
9311322 3388056 3781653 9239
9567509 3480774 3886272 9629
9825218 3573470 3991521 9629
10082609 3666637 4096665 9996
10341461 3759728 4202338 9996
10599835 3853242 4307871 10343
10859455 3946622 4413879 10343
11118833 4133929 4519736 10671
11379448 4133929 4626157 10981
11639648 4227863 4732389 11281
11899288 4321643 4838761 11281
12160153 4415229 4944930 11571
12420432 4508627 5051091 11850
12680064 4602378 5157050 11850
12938977 4695975 5263154 12121
13199282 4789404 5369353 12381
13459208 4883217 5475349 12381
13718639 4976885 5581572 12634
13979159 5070362 5687883 12877
14239264 5164192 5793951 13117
14498719 5257862 5899741 13355
14757781 5351336 6005355 13590
15016229 5444619 6111224 13590
15275810 5537748 6216875 13820
15534998 5630709 6322548 14044
15793698 5724095 6428032 14267
16051848 5817369 6533340 14488
16309537 5910507 6638452 14707
16566842 6003498 6743863 14924
16823912 6096369 6849157 15141
17080869 6189128 6954378 15359
17337366 6281800 7059398 15577
17593774 6374379 7164304 15793
17851707 6466924 7269209 15793
18104169 6557996 7372317 16009
18358038 6648984 7475392 16223
18612172 6740056 7578844 16436
18866433 6831165 7682358 16647
19120735 6922887 7785912 16857
19374892 7014661 7889455 17067
19629010 7106461 7992998 17277
19883051 7198259 8096464 17486
20137149 7290063 8199992 17695
20391359 7381870 8303555 17904
20645666 7473684 8407185 18113
20899973 7565505 8511287 18322
21154364 7657312 8615429 18531
21408809 7749115 8719601 18740
21663115 7840916 8823654 18740
21917485 7932717 8927697 18949
22173697 8024520 9031787 19155
22429988 8116330 9135874 19361
22686002 8208126 9239892 19567
22942044 8299933 9344252 19769
23197847 8392296 9448588 19971
23453572 8484648 9552841 20172
23709267 8576948 9657098 20373
23964830 8669210 9761320 20574
24220050 8761425 9865435 20775
24475246 8853588 9969500 20976
24730460 8945725 10073581 21177
24985304 9037824 10177550 21380
25239923 9129880 10281453 21584
25494537 9221904 10385310 21788
25749213 9313919 10489179 21990
26004049 9405911 10593551 22195
26258658 9497906 10697481 22401
26513212 9589865 10801357 22608
26767755 9681826 10905183 22815
27022247 9773778 11009021 23021
27276695 9865711 11112856 23225
27531283 9957629 11217168 23429
27785723 10049537 11321465 23635
28040084 10141418 11424857 23838
28289785 10231661 11527028 23838
28539428 10321893 11629254 24242
28787908 10411266 11730844 24447
29039435 10501726 11833689 24655
29294290 10593370 11937796 24866
29552166 10686113 12043136 25078
29812655 10874449 12149553 25289
30077551 10969845 12298901 25502
30344538 11065927 12407508 25718
30613236 11162661 12516874 25936
30883685 11259970 12626890 26155
31155623 11357772 12737892 26375
31428829 11456456 12849343 26601
31704537 11555554 12961595 26830
31979603 11654955 13074258 27058
32257132 11754632 13187548 27283
32535622 11855107 13301172 27507
32814875 11955806 13415081 27731
33094618 12056632 13529205 27955
33374814 12157573 13713581 28179
33655467 12258611 13828171 28405
33936409 12359737 13942813 28629
34217527 12460906 14058011 28853
34498896 12562133 14173302 29078
34780547 12663434 14288664 29306
35062381 12764779 14403610 29535
35344295 12866174 14518586 29766
35626305 12967592 14633609 29997
35908411 13069041 14748662 30228
36190615 13170528 14863709 30228
36472712 13272034 14978707 30460
36754736 13373560 15094171 30689
37036752 13475102 15209683 30918
37318876 13576662 15325197 31148
37601243 13678265 15440773 31378
37883703 13779892 15556290 31608
38450238 13881525 15671812 31836
38450238 13983173 15787598 32062
38734585 14084848 15903087 32292
39018071 14186365 15946969 32519
39297500 14286525 16061663 32746
39576840 14386692 16175665 32972
39856568 14487033 16289510 33201
40136603 14587556 16403759 33428
40416980 14688781 16518198 33653
40697681 14790146 16632756 33878
40978528 14891558 16747380 34103
41259415 14993016 16932300 34326
41540638 15094516 17047180 34550
41822255 15196046 17162151 34775
42104074 15297601 17277153 35769
