49402 28036 10224 1005
76055 91566 30486 1005
140742 131147 65143 2230
269916 171138 139147 2230
548949 253568 214661 2230
672943 349868 293027 2230
965264 404279 418327 2230
1131664 526278 488680 2230
1495837 593120 641615 3380
1692087 663356 690963 3380
1874412 796766 794682 3380
2056129 866034 870470 3380
2444212 938321 999389 3380
2650330 1013415 1117617 3380
2863692 1170909 1205974 4299
3083354 1252777 1296489 4299
3535424 1335814 1388709 4299
3768687 1420421 1541364 4299
4006242 1506489 1638478 5124
4247725 1593868 1737165 5124
4492809 1682426 1875087 5124
4739244 1771457 1976292 5124
4988323 1861381 2078635 5871
5239954 1952151 2181644 5871
5492176 2043684 2285116 5871
5746318 2135353 2389354 6551
6002470 2227618 2494085 6551
6262342 2413262 2599032 6551
6522112 2506536 2704214 7174
6781370 2600282 2810214 7174
7041807 2693911 2916762 7174
7302047 2787935 3023475 7747
7563634 2882380 3130441 7747
7824917 2976664 3237519 8276
8087368 3071246 3345046 8276
8615430 3165610 3452705 8276
8615430 3260284 3559921 8765
8881016 3355306 3667274 8765
9144244 3450094 3775042 9221
9408197 3545123 3882955 9221
9671428 3639888 3990798 9649
9935538 3734920 4098769 9649
10200827 3829711 4207094 10049
10730554 3924749 4315102 10426
10730554 4019501 4423443 10426
10996697 4114529 4531051 10784
11262012 4209304 4638569 10784
11526238 4303800 4746640 11125
11789646 4398576 4854455 11450
12054102 4493143 4962579 11450
12317562 4493143 5069532 11754
12575548 4587387 5175006 12046
12834403 4680165 5280072 12046
13094813 4772731 5385491 12328
13353395 4865226 5491217 12601
13611377 4958180 5597144 12863
13870956 5143880 5703392 12863
14130309 5143880 5809503 13118
14389495 5237154 5915506 13368
14650027 5330356 6020981 13617
14911975 5423439 6126292 13863
15171822 5516419 6232610 14103
15431279 5609308 6338910 14341
15690395 5702127 6445000 14341
15948996 5794860 6550895 14577
16207328 5888063 6656615 14811
16467083 5981221 6761820 15043
16726595 6074278 6866961 15272
16985892 6167249 6972953 15500
17244978 6260128 7078912 15730
17503611 6352920 7184710 15959
17763846 6445630 7290026 16189
18023765 6538299 7395466 16417
18281852 6630927 7501277 16645
18539492 6723493 7607166 16872
18798189 6816015 7712917 17099
19058454 6908879 7818470 17327
19318519 7001692 7923874 17327
19576408 7094460 8029485 17554
19833886 7187156 8135043 17779
20091260 7280340 8240512 18002
20350249 7373459 8345480 18224
20609024 7466488 8450580 18442
20868857 7559400 8556489 18662
21128320 7652624 8662676 18882
21387479 7838789 8768949 19103
21647803 7838789 8875112 19323
21909560 7932134 8981025 19549
22169437 8025394 9086399 19776
22427255 8118548 9192055 20003
22684650 8211526 9296953 20227
22939366 8303162 9400489 20447
23195709 8394677 9504693 20666
23450507 8486209 9609382 20884
23705272 8577778 9714049 21102
23961797 8669404 9818319 21319
24218329 8761086 9922554 21536
24474884 8852797 10026999 21753
24731015 8944555 10131908 21753
24987091 9036771 10237365 21970
25244520 9129014 10342804 22404
25503827 9222239 10448133 22623
25763060 9315448 10553369 22844
26021980 9408044 10658695 23066
26280260 9500524 10764400 23288
26538160 9593367 10870312 23511
26795958 9686168 10976145 23733
27055100 9778889 11081412 23956
27314096 9871525 11186531 24179
27572752 9964091 11291570 24179
27830931 10056622 11396510 24403
28087450 10149116 11501873 24625
28343758 10242119 11607185 24846
28601860 10335084 11712022 25066
28859814 10427965 11816783 25286
29117503 10520750 11921461 25506
29375027 10613466 12026127 25726
29630741 10706120 12131177 25946
29886385 10798704 12236194 26167
30143662 10891225 12340795 26388
30401102 10983678 12445354 26609
30658389 11076101 12549908 26830
30915515 11168502 12654609 27051
31172185 11260869 12759746 27273
31428662 11353613 12865183 27496
31686745 11446319 12970165 27716
31946554 11538947 13075740 27933
32206313 11631499 13181327 28150
32465621 11723993 13286785 28367
32723175 11816428 13351877 28367
32980401 11908807 13457530 28584
33233386 11999375 13560648 28796
33486270 12089887 13703531 29008
33739401 12180518 13806728 29220
33992867 12271290 13870098 29433
34246650 12362209 14013279 29641
34498423 12452704 14116440 29851
34753060 12544244 14220828 30062
35010862 12730630 14326483 30274
35271439 12825252 14433164 30489
35534420 12920673 14540830 30925
35799590 13016824 14649370 30925
36066925 13113614 14758760 31369
36606977 13210996 14868873 31593
36879322 13308877 14979633 31819
37152912 13407207 15090959 32046
37427695 13505932 15202776 32274
37703482 13605008 15315033 32505
37980030 13704393 15427682 32738
38257476 13804088 15540682 32971
38535773 13904033 15654022 33206
38814781 14004218 15837527 33442
39094400 14104588 15951610 33679
39374546 14205156 16065881 33916
39655172 14305865 16180415 34154
39936338 14406706 16295167 34393
40217797 14507674 16410024 34632
40499618 14608757 16525049 34871
40781836 14709942 16640222 35111
41064466 14811222 16755507 35353
41347419 14912572 16870943 35596
41630493 15014009 16986432 35840
41913782 15115492 17102011 36084
42197200 15217034 17217658 36329
42480704 15318620 17333328 38952
