92824 46110 51870 1339
332480 141297 139153 1339
602505 194395 247319 1339
953186 317731 386652 1339
1152795 464519 466396 1339
1592683 545354 642954 1339
1830517 630434 739171 2604
2078494 718562 835418 2604
2307955 801235 927152 2604
2535630 967787 1019146 2604
2765286 1053559 1113130 2604
2999152 1140650 1306402 3615
3237033 1228913 1405247 3615
3478477 1317644 1504664 3615
3967490 1407264 1605243 3615
4215915 1497691 1706859 3615
4466780 1588890 1809450 4523
4720080 1680790 1912665 4523
4973720 1772755 2016279 4523
5229339 1865284 2120726 4523
5486919 1958373 2225947 5344
5746143 2051964 2331586 5344
6005222 2145454 2437429 5344
6266938 2239169 2544454 6090
6529946 2333253 2652335 6090
6792271 2427695 2760359 6090
7055585 2521926 2868290 6771
7319706 2617051 2976088 6771
7583063 2712506 3083925 6771
7847271 2807644 3191653 7396
8113761 2902843 3300403 7396
8379169 2998238 3409543 7396
8646536 3093723 3518676 7971
8914678 3189402 3628397 7971
9181580 3285265 3737228 8503
9448922 3381289 3846195 8503
9714964 3477460 3955112 8998
9981574 3573224 4063805 8998
10248610 3669100 4172412 9460
10514594 3764601 4280823 9460
10779306 3860256 4389183 9895
11044580 3955546 4497345 9895
11308862 4050999 4605484 10306
11573772 4146129 4713501 10306
11839088 4241353 4822209 10694
12106541 4336645 4931295 11061
12374176 4432002 5040905 11061
12643516 4527934 5150415 11400
12911204 4623891 5258600 11400
13172239 4717994 5365217 11720
13433620 4811698 5471341 12030
13694440 4905177 5577483 12030
13954506 4999004 5683876 12327
14215988 5092681 5790377 12613
14476862 5186177 5896660 12891
14737077 5280026 6003060 12891
14996582 5373719 6109214 13164
15257250 5467233 6215111 13431
15517343 5560575 6321057 13694
15776973 5653752 6426844 13951
16036129 5747316 6532879 13951
16294930 5840769 6638780 14203
16554939 5934071 6744468 14450
16814523 6027195 6849952 14694
17073806 6120186 6955602 14935
17332633 6213050 7061137 15176
17590948 6305794 7166469 15413
17848991 6398977 7272074 15649
18106480 6492089 7377532 15649
18363609 6585052 7482763 15884
18622311 6677903 7587918 16114
18879027 6770644 7692910 16346
19135391 6863277 7797744 16579
19393371 6955831 7902522 16808
19651147 7048304 8007197 17036
19908520 7140711 8111754 17263
20165779 7233072 8216584 17484
20422686 7325928 8321746 17704
20679362 7418722 8426823 17704
20935745 7511438 8531776 17922
21191901 7604061 8636610 18140
21447864 7696588 8741303 18358
21703649 7789049 8845924 18576
21959358 7881438 8950448 18794
22216735 7973766 9054955 19009
22473914 8066041 9159394 19223
22730808 8158266 9263730 19437
22987300 8250452 9368023 19651
23240212 8342617 9471978 19857
23492978 8433981 9575349 19857
23745842 8525312 9678737 20062
23998955 8616700 9782195 20266
24252194 8708157 9885704 20470
24505537 8799655 9989219 20673
24758974 8891189 10092781 20877
25012607 8982739 10196344 21081
25266428 9074313 10299977 21286
25520308 9165914 10403652 21492
25774220 9257546 10507336 21699
26028137 9349207 10611036 21907
26282080 9440886 10714723 22115
26536074 9532600 10818450 22325
26790269 9624328 10922224 22535
27046332 9716078 11026035 22743
27302458 9807831 11129855 22951
27556681 9899584 11233648 23162
27810618 9991332 11337380 23374
28066471 10083075 11441141 23583
28322416 10174830 11544894 23792
28578243 10266577 11648665 24001
28833937 10358338 11752473 24210
29089534 10450107 11856309 24419
29345024 10541884 11960138 24628
29600420 10633668 12064031 24838
29855931 10725480 12168211 25048
30111432 10817314 12272421 25257
30367053 10909167 12376663 25465
30622608 11001588 12480698 25681
30878136 11093518 12584706 25900
31133517 11185398 12688644 26119
31388895 11277256 12792609 26338
31644174 11369112 12896626 26558
31899344 11460961 13000617 26778
32154561 11552774 13104854 26997
32409808 11644601 13209131 27215
32665083 11736428 13313432 27434
32920377 11828268 13417708 27651
32920377 11920657 13481961 27651
33175500 12012508 13625343 27873
33425344 12102197 13727134 28087
33924447 12192802 13830048 28301
34178703 12284536 13934297 28515
34436009 12377334 14039686 28948
34695930 12471106 14146131 29169
34958309 12565760 14253524 29391
35222972 12661172 14361836 29614
35489603 12757272 14470910 29839
35757909 12853981 14580630 30067
36027714 12951217 14690980 30295
36298986 13048971 14801830 30526
36571362 13147161 14913126 30758
36844887 13245735 15024860 30990
37119342 13344648 15136971 31224
37394624 13543366 15249435 31458
37670747 13643127 15362236 31693
37947633 13743109 15475292 31929
38225125 13843280 15588634 32164
38505033 13943613 15702155 32402
38783815 14044092 15885752 32641
39062938 14144701 15999839 32882
39342442 14245406 16114005 33123
39622165 14346197 16228220 33365
39902090 14447073 16342490 33606
40182177 14548032 16456910 33848
40462663 14649065 16571517 34090
40743526 14750182 16686272 34330
41026615 14851397 16801211 34569
41310093 14952694 16916263 34808
41593725 15054033 17031331 35047
41877255 15155410 17146416 35287
42160643 15256842 17261551 37688
