25928 53666 7889 1866
80105 119093 26414 1866
154122 159778 57114 2930
317488 200082 129840 2930
501685 286552 206205 2930
746634 387130 285727 2930
889918 444480 406660 2930
1219846 570118 503598 2930
1401599 637741 624286 3934
1789835 708527 704310 3934
1994860 781590 787067 3934
2206965 935345 907396 3934
2425270 1015574 1051657 3934
2649206 1097723 1144481 4835
3110004 1181586 1238958 4835
3345683 1266384 1334649 4835
3585220 1352530 1431890 4835
3828344 1439943 1530623 5647
4074506 1528485 1630692 5647
4321672 1618025 1731624 5647
4571222 1798538 1833138 5647
4823138 1889938 1935614 6382
5060813 1889938 2036324 6382
5292083 1976936 2132406 6382
5526218 2147255 2227321 6382
5764110 2234172 2323619 6991
6005481 2322260 2520307 6991
6248305 2410831 2620016 6991
6494040 2500308 2720872 7545
6742549 2590667 2822490 7545
6991635 2681249 2924592 8056
7242981 2772534 3027624 8056
7750384 2864513 3131247 8056
8006222 2956559 3235239 8528
8264047 3049147 3340047 8528
8521862 3141735 3444922 8965
8781071 3234813 3550418 8965
9040074 3327831 3655817 9374
9300222 3421289 3761748 9374
9559984 3514622 3867524 9759
9821051 3608343 3973828 9759
10081612 3701926 4079997 10122
10341457 3795887 4186309 10470
10602388 3889692 4292640 10470
10862775 3983828 4399131 10801
11124329 4077773 4505687 11117
11385516 4171508 4612087 11117
11645948 4265586 4718654 11422
11907416 4359477 4825222 11715
12168270 4453166 4931506 11715
12428486 4547205 5037914 11998
12689702 4641065 5144098 12272
12950478 4734709 5250336 12535
13210779 4828715 5356823 12535
13470400 4922557 5463131 12794
13731281 5016202 5569185 13047
13991726 5109654 5675290 13295
14251420 5202942 5781122 13536
14510638 5296633 5887206 13536
14769230 5390189 5993120 13775
15027258 5483572 6098761 14013
15284948 5576809 6204188 14249
15284948 5669891 6309490 14479
15543970 5761612 6413170 14708
15799010 5853130 6516904 14930
16053588 5945201 6621145 15152
16308218 6037315 6725404 15152
16562888 6129425 6829685 15374
16817696 6221513 6933978 15594
17072551 6313584 7038211 15814
17581902 6405648 7142416 16033
17581902 6497708 7246636 16248
17838450 6589823 7350898 16467
18093769 6681966 7455140 16689
18348843 6774172 7559400 16911
18603937 6866338 7663666 17133
19114206 6958489 7767909 17356
19371058 7050613 7872118 17575
19371058 7142720 7976360 17795
19627999 7234794 8080550 18017
19884550 7326829 8184645 18239
20140745 7418848 8288755 18461
20396953 7510867 8393156 18680
20653029 7602880 8497503 18899
20908927 7694884 8601757 18899
21164608 7787435 8706450 19113
21420220 7879969 8811080 19327
21675668 7972458 8915609 19541
21930950 8064876 9020102 19755
22441621 8157244 9124594 19967
22698795 8249547 9229057 20176
22955937 8341815 9333524 20385
23212974 8434058 9437958 20594
23469909 8526274 9542661 20802
23469909 8618455 9647367 21011
23726704 8710605 9751805 21222
24240111 8802739 9856476 21431
24240111 8894840 9961182 21639
24496713 8986918 10065811 21848
24753175 9078980 10170411 22057
25009596 9171020 10274981 22266
25265834 9263057 10379491 22475
25522032 9355075 10483962 22683
25778071 9445751 10586826 22683
26030079 9536948 10689652 22889
26282169 9628255 10793073 23093
26534592 9719621 10896677 23297
26787319 9811056 11000309 23500
27040337 9902538 11104013 23701
27293606 9994070 11207780 23902
27547119 10085646 11311569 24104
27800711 10177268 11415370 24306
28054394 10268939 11519160 24510
28308261 10360648 11622971 24715
28562189 10452368 11726775 24921
28816052 10544095 11830567 25129
29069888 10635846 11934407 25336
29323982 10727629 12038265 25543
29578210 10819444 12142131 25750
29832450 10911259 12245994 25958
30086764 11003084 12349927 26165
30342929 11094932 12453921 26372
30599259 11186799 12557922 26578
30855595 11278657 12662254 26781
31111984 11370506 12766527 26987
31367879 11462346 12870766 27192
31623679 11554181 12974957 27397
31879431 11646022 13079173 27602
32135237 11737879 13183445 27807
32390987 11829760 13287743 28015
32646756 11921657 13391961 28223
32902465 12013558 13496194 28431
33158174 12105467 13600405 28639
33413700 12197379 13704605 28848
33669164 12289284 13808767 29054
33924638 12381717 13913368 29260
34180108 12474155 14018010 29466
34435547 12566551 14122634 29674
34691149 12658911 14226798 29881
34946471 12751239 14331336 30088
35201902 12843535 14435874 30296
35457279 12935797 14540424 30296
35712813 13027965 14644876 30504
35968271 13118416 14747273 30709
36218643 13208792 14849563 30914
36468804 13299291 14951978 31118
36719297 13389940 15054515 31322
36970155 13480727 15157141 31526
37221370 13570620 15258923 31725
37472405 13661525 15362231 31924
37983554 13753577 15466846 32126
38243372 13846699 15572599 32333
38505842 13940796 15679481 32542
38770268 14035750 15786969 32760
39036791 14131438 15895262 32978
39305103 14227790 16004327 33198
39574768 14324735 16114031 33419
39845870 14422202 16224591 33640
40118343 14520154 16335462 33864
40392060 14618540 16447133 34085
40666913 14717282 16559288 34307
40942743 14816366 16671835 34529
41219442 14915755 16784765 34753
41496767 15015392 16897979 34979
41774807 15215372 17011458 35205
42053774 15316243 17125295 35430
42333415 15417307 17239836 38245
