60328 77993 34858 1142
143382 121595 70399 1142
355236 166000 166829 1142
592891 264219 267869 1142
898533 383259 367230 1142
1266637 450603 516905 2232
1471201 596848 599086 2232
1683702 674931 685373 2232
1905424 756276 831196 2232
2374318 840613 964367 3216
2619466 1017038 1063952 3216
2868950 1107913 1165920 3216
3123992 1200636 1270053 3216
3384099 1295087 1372154 4017
3626377 1383770 1469403 4017
3864863 1470721 1626369 4017
4355605 1559535 1766886 4017
4610086 1650462 1871470 4744
4865039 1743332 1976605 4744
5120163 1836211 2081288 4744
5377047 1929034 2186534 5406
5635577 2022333 2292202 5406
5894267 2116136 2397800 5406
6154520 2209833 2504536 6014
6416228 2303928 2611873 6014
6677483 2398433 2718872 6014
6939908 2492754 2826297 6574
7203636 2587394 2933919 6574
7466720 2681824 3041258 7091
7730634 2776555 3149424 7091
7993698 2871628 3257929 7570
8257645 2966451 3365919 7570
8520940 3061528 3473995 8017
8785126 3156342 3581997 8017
9048624 3251424 3690040 8437
9313149 3346251 3798031 8437
9576707 3441335 3906059 8833
9841082 3536161 4013996 8833
10104670 3631243 4121957 9207
10369156 3726059 4229605 9207
10633111 3821130 4337838 9560
10897827 3915950 4446025 9898
11161856 4010496 4553746 9898
11424987 4105328 4661595 10220
11689209 4199945 4769136 10528
11952669 4294831 4876571 10528
12215364 4389476 4984147 10825
12478972 4483867 5091426 11114
12741868 4578025 5198419 11396
13004047 4672511 5305435 11396
13265711 4766819 5412656 11670
13528504 4860918 5519660 11937
13790738 4954817 5626670 12194
13790738 5049072 5692467 12194
14052650 5143214 5799572 12445
14564355 5235370 5904289 12690
14822941 5327347 6009129 12931
15081665 5419723 6114111 13171
15340139 5512121 6219090 13408
15598405 5605049 6323983 13408
15856342 5697946 6429513 13641
16114073 5790761 6535009 13872
16371564 5883514 6640416 14102
16628905 5976204 6745718 14331
16885819 6068838 6850799 14560
17144348 6161407 6955830 14787
17401272 6253940 7060780 15016
17401272 6346460 7165919 15246
17657991 6438959 7270854 15476
17914548 6531408 7375714 15708
18427078 6623818 7480429 15940
18685056 6716203 7585162 16170
18943165 6808571 7689912 16398
19200893 6900914 7794595 16626
19458458 6993242 7899264 16855
19715846 7085523 8003870 17081
19973111 7178328 8108459 17081
20230517 7271114 8213791 17302
20487795 7363868 8319228 17521
20746877 7456579 8424559 17735
21005804 7549243 8530074 17948
21264636 7641847 8635409 18161
21523177 7734421 8740629 18375
21781410 7826967 8845808 18590
22039473 7919484 8950871 18804
22297157 8011967 9055885 19020
22554788 8104421 9160800 19236
22812188 8196843 9265718 19453
23069556 8289258 9370598 19671
23326772 8381656 9475479 19890
23584070 8474033 9580530 20108
23843772 8566833 9686252 20329
24103512 8659998 9792104 20549
24103512 8753641 9897919 20549
24362568 8846615 9938782 20771
24610286 8938297 10042422 20983
24855680 9028880 10143407 21411
25104468 9120444 10245584 21630
25358881 9212561 10413239 21852
25616741 9305685 10518922 22078
26140417 9399772 10625630 22306
26405659 9494735 10733498 22535
26672807 9590473 10884569 22767
26941736 9686894 10994188 23001
27212269 9783936 11104479 23236
27484345 9979592 11215348 23471
27757701 10078100 11326764 23708
28032255 10176990 11438713 23946
28307907 10276227 11551082 24187
28584476 10375768 11663855 24429
28861870 10475588 11777000 24671
29140056 10575644 11890732 24911
29419091 10675928 12005280 25151
29698852 10776421 12120086 25391
29979136 10877081 12235056 25631
30259954 10977910 12350190 25869
30541373 11078873 12465507 26108
30823005 11179957 12580671 26347
31105070 11281141 12696341 26586
31387528 11382416 12812422 26826
31670225 11483777 12928128 27067
31953010 11585232 13043846 27305
32237786 11687187 13159794 27305
32524126 11789743 13276141 27542
32810424 11892301 13392505 27778
33096624 11994800 13508837 28014
33382568 12097246 13625167 28250
33668493 12199655 13741484 28486
33954256 12302013 13857760 28723
34239857 12404337 13974054 28960
34525424 12506645 14090317 29198
34810933 12608930 14206615 29436
35096496 12711185 14322926 29674
35381801 12813414 14439080 29914
35666124 12915420 14554139 30152
35946531 13016138 14668593 30391
36227017 13116841 14783409 30630
36507672 13217676 14897957 30870
36788774 13318633 15012620 31110
37070300 13419719 15127424 31351
37352004 13520910 15242333 31594
37633949 13622189 15357105 31837
37916255 13723558 15472420 32081
38198691 13824989 15588114 32327
38481214 13926478 15703421 32575
38763766 14028038 15818745 32824
39046503 14129646 15934137 33072
39329375 14231296 16049607 33320
39612403 14332949 16165091 33568
39895577 14434642 16280379 33816
40178764 14536368 16396129 34065
40462052 14638125 16512219 34314
40745581 14739912 16628260 34562
41029235 14841732 16744097 34814
41312920 14943576 16859681 35066
41596765 15045428 16975690 35318
41880538 15147295 17091716 35572
42164374 15249177 17208353 36069
