85474 41065 62187 0
311106 128037 135396 0
558868 230926 240751 0
884176 289809 345545 1417
1068836 422731 450438 1417
1469320 495208 580437 1417
1685214 651396 703188 1417
1910379 734427 852836 1417
2385044 820280 950460 1417
2632926 908625 1050917 2695
2886752 999184 1153846 2695
3144013 1091697 1258720 2695
3405645 1280539 1407053 2695
3671560 1377101 1515764 2695
3941565 1474905 1694051 2695
4215100 1573831 1806621 3840
4491937 1673757 1920104 3840
4769678 1773969 2034181 3840
5332597 1874963 2149208 3840
5617284 1976696 2265083 3840
5903844 2079098 2381754 4869
6190208 2182084 2498842 4869
6478174 2285037 2616158 4869
6767526 2388454 2734060 4869
7058176 2492330 2852449 5797
7058176 2592273 2965509 5797
7335767 2689252 3074660 5797
7602254 2784915 3182829 5797
7868127 2880634 3291157 5797
8134626 2976543 3399814 6562
8401771 3072603 3508443 6562
8667729 3168280 3616911 6562
8934270 3264118 3725648 7252
9201444 3360121 3834623 7252
9469267 3455755 3943231 7252
9735950 3551539 4052033 7882
10003188 3647524 4161153 7882
10271057 3743145 4269840 7882
10537939 3838930 4378782 8459
10805285 3934917 4487985 8459
11073393 4030975 4597346 8459
11341648 4127149 4706888 8989
11610481 4223468 4816487 8989
11878208 4319412 4925893 9480
12146513 4415468 5035477 9480
12415439 4511126 5144631 9480
12683175 4606946 5253914 9936
12951123 4702922 5363060 9936
13217878 4798526 5472045 10360
13485120 4894295 5580963 10360
13751364 4989710 5689751 10757
14018204 5085282 5798462 10757
14283957 5180539 5907067 11130
14550322 5275998 6015610 11130
14815737 5371143 6057546 11482
15081612 5466476 6231939 11817
15346526 5561519 6273552 11817
15611991 5656254 6447750 12137
15876571 5751228 6489361 12137
16140218 5845938 6663472 12441
16404813 5940913 6663472 12730
16668762 6035652 6812992 12730
16931811 6130086 6879155 13013
17195701 6224237 6986701 13285
17458841 6318706 7093899 13543
17721219 6318706 7201204 13543
17980494 6412990 7307645 13791
18239078 6505763 7413151 14035
18497276 6598324 7518443 14272
18755147 6691345 7624006 14506
19012898 6784323 7729524 14737
19270503 6877232 7834959 14737
19529568 6970057 7940252 14965
19788424 7062811 8045745 15190
20047077 7155501 8151146 15412
20305518 7248654 8256441 15630
20563643 7341760 8362106 15847
20821400 7434766 8467636 16061
21079127 7527700 8573115 16274
21338283 7620510 8678470 16274
21597284 7713220 8783684 16486
21855995 7805865 8889119 16694
22114524 7898456 8994507 16898
22372941 7991533 9100275 17101
22631092 8084572 9205996 17303
22888886 8177497 9311494 17505
23146331 8270329 9416878 17707
23403573 8363103 9522133 17909
23660676 8455830 9627293 18112
23917539 8548491 9732349 18315
24174207 8641089 9837273 18518
24430789 8733616 9942135 18721
24687188 8826103 10046901 18721
24945170 8918554 10151622 18922
25203052 9010954 10256269 19324
25460709 9103321 10360918 19324
25716578 9195657 10465484 19732
25974185 9287980 10570083 19732
26230310 9380283 10674735 19939
26488017 9472577 10779639 20143
26745585 9564862 10884517 20347
27002963 9657141 10989292 20551
27260220 9749402 11094063 20752
27517390 9842179 11198843 20951
27774612 9934938 11304028 21149
28031688 10027638 11409224 21343
28284167 10120254 11513589 21537
28536482 10211308 11616790 21731
28789050 10302318 11719935 21925
29041918 10393411 11823177 21925
29295062 10484605 11926526 22120
29550204 10575897 12029990 22315
29805721 10667289 12133600 22705
30061316 10758754 12237293 22905
30315386 10850287 12341047 23107
30569365 10941897 12444854 23309
30823473 11033553 12548693 23511
31077657 11125253 12652507 23713
31331837 11216995 12756310 23713
31586098 11308776 12860157 23915
31842324 11400602 12964095 24116
32098685 11492462 13068376 24315
32355142 11584348 13172663 24514
32611413 11676251 13276940 24713
32867547 11768160 13381252 24913
33123622 11860091 13485546 25113
33379616 11952044 13589796 25312
33635618 12044563 13694086 25510
33891606 12137107 13798391 25710
34147470 12229615 13902686 25911
34403524 12322091 14006993 26110
34659475 12414533 14111759 26310
34915348 12506949 14216494 26512
35171200 12599343 14320794 26715
35426979 12691711 14425068 26918
35682963 12784059 14529830 27121
35938920 12876392 14634583 27323
36194889 12968706 14739352 27524
36450763 13061003 14844026 27524
36708376 13153278 14948722 27922
36966093 13245553 15053381 28122
37223540 13337804 15158034 28324
37479268 13430045 15262613 28527
37734857 13522280 15367197 28527
37990317 13614513 15471722 28730
38247274 13706741 15576180 28931
38498986 13798920 15679966 29128
38750488 13889234 15782185 29329
39000061 13979548 15883363 29528
39252840 14069629 15985855 29730
39506935 14160844 16089746 29939
39766189 14253234 16195236 30146
40028434 14441048 16301954 30354
40293052 14536863 16451822 30561
40559783 14633432 16560760 30770
40828418 14730614 16737817 30980
41098814 14828341 16848613 31193
41370730 14926552 16959929 31406
41643871 15025198 17072199 31619
41918352 15124231 17184934 31832
