25060 27289 3236 0
77088 86721 24653 1056
145118 124121 72250 1056
301516 203022 140954 1056
481643 291190 223292 1056
726330 341127 305941 2067
1026841 455177 430986 2067
1193341 518641 500690 2067
1557372 654931 651373 2067
1753437 727132 732911 2983
1957825 802077 817764 2983
2169594 879572 905221 2983
2608832 958719 1086801 2983
2837071 1122892 1180928 3813
3070308 1207586 1277041 3813
3310321 1293157 1374571 3813
3552301 1379455 1473373 3813
3797189 1467643 1573933 4567
4047349 1556723 1676432 4567
4302138 1646754 1780202 4567
4557507 1737099 1884523 5255
4815045 1828226 1989684 5255
5333632 1920572 2160381 5255
5595748 2014175 2267228 5886
5861425 2108350 2375392 5886
6126754 2202285 2525428 5886
6392914 2296049 2591818 6466
6661483 2390680 2701228 6466
6930452 2581958 2852865 7001
7199966 2677980 2920170 7001
7199966 2677980 3065092 7001
7708614 2771056 3128412 7470
7963949 2862593 3273548 7470
8221422 2954038 3378382 7904
8480788 3045553 3483723 8313
8740171 3229942 3589307 8313
9000868 3323222 3695454 8700
9262528 3416900 3802011 8700
9525319 3510490 3909849 9071
9787691 3604495 4017561 9424
10049580 3698379 4124992 9424
10314536 3792640 4232566 9759
10579037 3887147 4340124 10084
10844064 3981887 4448207 10084
11111256 4076933 4556760 10396
11377561 4172175 4665503 10701
11642677 4267132 4774467 10993
11908704 4362354 4883329 10993
12175660 4457325 4991526 11279
12441674 4552524 5099550 11560
12706354 4648031 5207499 11833
12973894 4743019 5316508 12100
13242277 4838227 5425904 12100
13508062 4933177 5534865 12363
13772710 5027820 5643189 12623
14038330 5122637 5751062 12883
14304488 5217744 5858963 13137
14569850 5312608 5967577 13386
14836134 5407640 6076415 13633
15101340 5502394 6185254 13879
15365629 5596890 6293380 13879
15630266 5692296 6401123 14125
15895865 5787337 6508892 14369
16160732 5882070 6616325 14613
16424724 5976538 6723457 14856
16686350 6071304 6830316 15099
16947144 6165838 6937132 15341
17208855 6165838 7044029 15579
17472108 6260134 7151607 15816
17735025 6353622 7217658 16050
17999024 6446928 7325231 16284
18256488 6540275 7430709 16518
18513329 6633169 7535884 16753
18770224 6725955 7641098 16988
19028411 6818682 7787492 17223
19290506 6911352 7893792 17455
19552623 7003385 8000359 17455
19812514 7095941 8107005 17687
20073410 7282637 8172249 17919
20337549 7282637 8279117 18151
20601131 7470182 8385699 18383
20862438 7564271 8492072 18616
21122951 7564271 8598203 18850
21382970 7658236 8704117 19083
21642487 7752029 8809855 19317
21901635 7845638 8915501 19551
21901635 7939097 9021051 19785
22417641 8032433 9126723 20019
22675724 8125650 9232313 20254
22935290 8218745 9338010 20489
23194794 8312124 9443618 20721
23455384 8405430 9549416 20951
23717608 8498654 9655951 21181
23979555 8591648 9762419 21410
23979555 8684565 9869018 21639
24496341 8777970 9975483 21868
24757648 8871332 10123104 22097
25022651 8964589 10230129 22330
25286936 9057520 10337595 22566
25548722 9244152 10444810 22807
25809845 9338444 10510276 23046
26071932 9432600 10617497 23285
26335450 9432600 10766109 23524
26600316 9526973 10873845 23758
26866442 9620679 10981622 23758
27130119 9808115 11089385 23991
27392928 9902307 11155263 24224
27655014 9996891 11262662 24455
27918215 10091284 11369557 24686
28180837 10091284 11476161 24918
28180837 10185443 11517253 25145
28442567 10279306 11622738 25369
28698371 10371144 11790442 25589
28953811 10462827 11894930 25589
29209507 10554561 11935443 25810
29463931 10646358 12103554 26245
29975431 10737891 12208478 26245
30237769 10830438 12356158 26688
30502986 11018580 12464147 26912
30770146 11113983 12573348 27137
31039328 11210591 12683747 27364
31310269 11307861 12794585 27592
31584488 11405673 12905989 27822
31859970 11503973 13017862 28055
32136292 11602688 13130426 28291
32411862 11701789 13243440 28528
32688459 11801239 13356882 28767
32967390 11901011 13470599 29008
33249044 12001484 13584734 29253
33531350 12102209 13699160 29504
33812443 12202598 13814072 29756
34092257 12303135 13929194 30011
34372461 12403860 14044458 30264
34653226 12505323 14159857 30515
34938485 12606954 14275191 30768
35224266 12708674 14390683 31024
35508735 12810470 14506616 31282
35791583 12911801 14622697 31540
36074548 13013748 14738805 31799
36358004 13115807 14855054 32061
36641839 13217397 14971166 32323
36927884 13319013 15087344 32587
37214103 13420708 15204203 32846
37500369 13523015 15321111 33108
37786479 13625373 15437717 33377
38071017 13727225 15554015 33645
38357209 13829643 15670629 33910
38645245 13932115 15787223 34174
38933233 14034564 15904129 34438
39219366 14136985 16020798 34699
39504521 14239140 16136860 34956
39785794 14339972 16252455 35213
40068598 14440756 16367099 35469
40351757 14541646 16481761 35724
40635010 14642653 16596840 35979
40916902 14743768 16712117 36234
41199158 14844997 16827545 36234
41481793 14946346 16942871 36489
41766527 15047778 17058784 36744
42051547 15149281 17174829 37518
