27254 91675 19130 0
89292 133568 43544 1111
221155 175169 95612 1111
364876 217551 182344 1111
573152 312164 280221 1111
847363 422637 338481 1111
1173772 484450 470499 2163
1353854 550187 543477 2163
1543608 691160 699845 2163
1944650 765005 783485 2163
2156772 841419 870593 2163
2375493 919593 960447 3109
2600043 999883 1110025 3109
2807829 1082112 1143369 3109
3013538 1235171 1315649 3109
3446079 1313382 1404873 3877
3671595 1393717 1496508 3877
3900402 1476010 1590043 3877
4133906 1559449 1685099 3877
4371789 1644441 1781897 4572
4613690 1730844 1941315 4572
4857382 1817963 2041370 4572
5104137 1995551 2142646 5208
5353877 2085836 2245047 5208
5857651 2176401 2387834 5208
6112979 2267708 2491806 5792
6368544 2359725 2596351 5792
6626039 2451830 2701252 6330
6885340 2544497 2806607 6330
7144453 2637168 2912156 6830
7405127 2730353 3018384 6830
7665536 2824052 3124948 6830
7927432 2917669 3231669 7294
8190651 3011682 3338691 7294
8453368 3105561 3445796 7727
8717180 3199787 3553102 7727
8980372 3293831 3660433 8134
9244531 3388229 3767895 8134
9507993 3482453 3875382 8516
9772564 3576995 3983058 8516
10036380 3671324 4090705 8876
10301224 3765964 4198506 9217
10565296 3860395 4306315 9217
10828713 3955135 4414250 9541
11093065 4049663 4521854 9854
11356522 4143917 4629400 9854
11619313 4238486 4737093 10155
11883171 4332871 4844530 10446
12146404 4427036 4951910 10446
12409030 4521524 5059466 10726
12672679 4615828 5166765 10998
12935776 4709916 5273827 11264
13198178 4803783 5380879 11264
13198178 4897952 5487250 11519
13460024 4990109 5551628 11766
13973073 5082088 5696704 12009
13973073 5174071 5760870 12249
14230176 5266057 5865460 12487
14487142 5358047 6010418 12487
14744008 5450050 6115261 12724
15257688 5542629 6220617 12954
15516362 5635225 6325942 13181
15775094 5727797 6431274 13406
16033718 5820352 6536537 13630
16292117 5912864 6641778 13849
16550445 6005346 6747678 14065
16808787 6098355 6853346 14287
17067103 6190866 6958991 14512
17325256 6283312 7064150 14740
17583162 6375717 7169164 14967
17840775 6468096 7274155 15194
18098340 6560454 7379070 15421
18355719 6652812 7483974 15649
18355719 6745171 7548286 15878
18613102 6837513 7693659 16109
18870209 6929795 7798368 16340
19127130 7022048 7862562 16572
19383872 7114272 8007717 16803
19640540 7206503 8071904 17034
19897239 7298755 8176619 17267
20153875 7390991 8321654 17501
20410358 7483215 8426506 17730
20666715 7575977 8531838 17730
20923216 7668744 8637149 17958
21179670 7761455 8742444 18186
21436177 7854126 8847656 18413
21949259 7946764 8952807 18641
22207618 8039363 9057955 18867
22465987 8131918 9163067 19094
22724344 8224436 9268177 19319
22982373 8316909 9373161 19542
23240197 8409364 9478093 19764
23497829 8501817 9542420 19986
23497829 8594191 9647273 19986
23755225 8685774 9751225 20201
24009108 8777350 9855259 20415
24262904 8869001 9959371 20629
24516923 8960733 10063489 20843
24771207 9052525 10167682 21057
25025861 9144368 10271963 21273
25280646 9236255 10376280 21490
25535598 9328183 10480570 21708
25790730 9420153 10584967 21926
26046119 9512152 10689452 22145
26301681 9604183 10794012 22361
26559381 9696193 10898594 22577
26816976 9788204 11003206 22791
27074568 9880227 11107838 23004
27332112 9972277 11212478 23216
27589551 10064358 11317106 23428
27847027 10156477 11421824 23643
28104308 10248595 11526422 23860
28361178 10340717 11630927 24077
28617902 10432829 11735398 24295
28874502 10524956 11839857 24514
29131040 10617112 11944339 24735
29387565 10709301 12048833 24956
29644085 10801484 12153301 25177
29900482 10893673 12257766 25398
30156763 10985826 12362210 25618
30412946 11077972 12466581 25838
30669109 11170132 12571056 26060
30925400 11262317 12675567 26284
31181748 11354505 12780037 26509
31438070 11446697 12884510 26734
31694224 11538890 12989003 26958
31950429 11631087 13093481 27183
32206589 11723278 13197964 27408
32462833 11815478 13302436 27633
32719074 11907662 13406950 27858
32975254 11999846 13511500 28085
33231537 12092029 13616025 28313
33487795 12184215 13720557 28313
33744040 12184215 13825074 28759
34000184 12276379 13927865 28986
34251031 12367035 14030094 29213
34498775 12547455 14131389 29443
34749453 12638709 14274904 29679
35264414 12731125 14380331 29916
35526242 12824607 14486947 30156
35790542 12919038 14594874 30392
36057025 13014896 14704226 30628
36325204 13111521 14814245 30867
36594913 13208755 14924868 31106
36866307 13306553 15036106 31346
37139239 13404836 15147907 31588
37413550 13503544 15260218 31832
37688825 13602646 15372921 32077
37965186 13702073 15486000 32322
38242406 13801789 15599410 32569
38520526 13901764 15713137 32817
38799463 14002006 15827160 33067
39079057 14102475 15941442 33319
39359236 14203153 16055934 33571
39639940 14304006 16170684 33823
39921330 14405018 16285663 34076
40203216 14506190 16400825 34330
40485477 14607485 16516123 34585
40768157 14708888 16631571 34838
41053035 14810378 16747160 35089
41338195 14911914 16862832 35340
41623248 15013499 16978563 35591
41908230 15115128 17094298 35842
42193203 15216808 17210093 38276
