25467 56872 10171 1840
80658 124361 28154 1840
152337 163353 65790 1840
320668 202532 137250 1840
517583 287801 219750 1840
775372 389969 327405 3010
924755 447704 430011 3010
1257860 574875 528388 3010
1441613 642835 603622 3010
1837293 713980 732282 3010
2047188 864149 817252 3010
2263668 942536 940315 4063
2485943 1016618 995346 4063
2691291 1089398 1110959 4063
2893428 1165003 1194051 4063
3317015 1243087 1333434 4063
3538490 1323394 1423534 4909
3765529 1405679 1516247 4909
3995797 1573462 1647554 4909
4230487 1659251 1744062 4909
4469419 1746380 1842229 5672
4712127 1834685 1941544 5672
4956217 1923458 2103385 5672
5453327 2013148 2205461 6367
5706037 2103714 2308599 6367
5959342 2195090 2412383 6367
6214674 2286623 2516584 6367
6471994 2378789 2621577 6999
6730927 2471563 2727234 6999
6989737 2564347 2832864 6999
7250016 2657603 2939065 7577
7511602 2751331 3045769 7577
7772758 2845475 3152329 8107
8035029 2939473 3259383 8107
8296803 3033838 3366637 8107
8559694 3128021 3473918 8598
8823769 3222514 3581637 8598
9087156 3317340 3689477 9051
9351259 3411922 3797180 9051
9616235 3506788 3904991 9051
9880530 3601426 4012787 9473
10145708 3696331 4120959 9473
10410241 3791515 4228822 9865
10675390 3886450 4337006 9865
10939498 3981626 4444800 10233
11204329 4076496 4552827 10233
11468289 4171600 4660473 10580
11732825 4266454 4768435 10910
11996478 4361038 4876040 10910
12259360 4455878 4983732 11225
12523279 4550483 5091385 11225
12786702 4645378 5198799 11524
13050582 4740057 5306505 11801
13309984 4834399 5413277 12068
13568414 4927622 5518753 12068
13826371 5020609 5624346 12329
14085592 5113493 5730067 12583
14344717 5206290 5835667 12832
14603441 5299572 5941112 13078
14861611 5392800 6046380 13078
15119492 5485904 6151892 13320
15378951 5578887 6257644 13555
15638242 5671775 6363311 13784
15897291 5765141 6468853 14009
16156065 5858449 6574739 14009
16414456 5951657 6680498 14231
16674274 6044763 6786393 14448
16933976 6137765 6892238 14664
17193268 6230660 6997946 14881
17452320 6323486 7103535 15098
17711082 6416246 7209021 15313
17969564 6509478 7314393 15526
18227789 6602648 7419651 15738
18485828 6695705 7524867 15738
18743857 6788689 7630501 15946
19003299 6881595 7736086 16152
19262695 6974407 7841599 16357
19521760 7067143 7947252 16560
19780469 7159806 8052819 16761
20038932 7252973 8158268 16962
20297193 7346094 8263625 17163
20555239 7439135 8368947 17363
20813031 7532079 8474114 17563
21070493 7624914 8579176 17761
21327885 7717667 8684611 17761
21585127 7810365 8790038 17958
21842142 7903004 8895294 18155
22099092 7995590 9000455 18352
22357702 8088138 9105605 18548
22614769 8180654 9210693 18746
22871442 8273124 9315718 18946
23128021 8365535 9420648 19146
23128021 8457924 9525591 19346
23386231 8550308 9628872 19542
23894238 8641297 9732090 19740
24148405 8732270 9835415 19939
24402788 8823345 9938867 20138
24657366 8914526 10042432 20339
24912047 9005801 10146089 20542
25166855 9097168 10249837 20745
25421813 9188633 10353676 20948
25676912 9280186 10457833 21151
25932022 9371823 10561837 21358
26187426 9463529 10665897 21565
26442977 9555283 10770292 21771
26698415 9647064 10874701 21979
26698415 9738884 10978884 22192
27208134 9830742 11083101 22407
27464167 9922640 11187403 22621
27720383 10014583 11291984 22833
27976575 10106570 11396574 23045
28232825 10198580 11501199 23257
28489043 10290607 11605816 23466
28745349 10383181 11710434 23674
29001673 10475772 11815065 23882
29257940 10568341 11919673 24090
29514273 10660887 12024267 24090
29770657 10753411 12129335 24296
30027048 10845895 12234415 24501
30285182 10938348 12339490 24704
30543420 11030756 12444552 24905
30801548 11123133 12549589 25107
31059359 11215494 12654495 25310
31317049 11307833 12759402 25513
31574568 11400145 12864522 25716
31833224 11492832 12969905 25921
32091731 11585500 13075438 26126
32350057 11678110 13180948 26331
32608158 11770688 13286104 26539
32866099 11863236 13391207 26747
33123914 11955745 13496267 26955
33381560 12048210 13601564 27159
33381560 12141180 13706732 27362
33638942 12234001 13809767 27562
33891075 12324985 13849139 27562
34139558 12415061 14014560 27960
34646205 12506206 14118808 28160
34904537 12598522 14224394 28361
35165654 12691906 14331129 28563
35429273 12786249 14438908 28766
35695128 12881450 14547565 28972
35963067 12977407 14656998 29179
36232860 13074056 14767202 29388
36504235 13269103 14878021 29598
36777146 13367379 14989469 29810
37051391 13466092 15101483 30023
37326975 13565201 15213978 30240
37603539 13664645 15370668 30458
37880851 13764368 15484057 30676
38158973 13864353 15597723 30895
38437899 13964581 15711671 31112
38719299 14065012 15825936 31329
39001274 14165624 15940419 31547
39283794 14266397 16055137 31767
39566611 14367327 16170017 31990
39849419 14468395 16284996 32217
40130758 14569594 16400048 32445
40412148 14670908 16515184 32672
40695725 14772318 16630443 32902
40977955 14873826 16745788 33132
41260424 14975419 16861198 33363
41543119 15077070 16976710 33596
41825960 15178777 17092319 33825
42110792 15280504 17207979 34287
