254787 101077 97352 0
515748 215154 208924 1427
878641 281557 356902 1427
1086784 432700 495671 1427
1551686 517170 591282 1427
1805327 700918 734459 1427
2347861 799072 910539 2729
2633776 900739 1025782 2729
2926054 1005498 1144248 2729
3198084 1112313 1261046 2729
3463271 1212290 1371414 2729
3728449 1309048 1479394 2729
3994514 1405564 1587534 3773
4259613 1502147 1695769 3773
4525502 1598301 1803880 3773
4792221 1694555 1912345 3773
5059549 1790962 2021103 4712
5327479 1887499 2130147 4712
5594361 1983624 2238825 4712
5861855 2079874 2347728 4712
6129709 2175728 2457348 5563
6398212 2271735 2567172 5563
6665539 2367938 2676156 5563
6933555 2464321 2785368 6336
7202092 2560845 2894756 6336
7470615 2656843 3004317 6336
7739594 2752939 3114437 7043
8009070 2849205 3224735 7043
8275781 2945622 3334349 7043
8542906 3042183 3444103 7692
8814094 3138755 3554471 7692
9085511 3235301 3664816 7692
9357237 3331939 3775682 8290
9629418 3428687 3886743 8290
9900167 3525024 3997251 8290
10172472 3621918 4108068 8841
10445288 3718918 4219409 8841
10715124 3815465 4330466 9348
10986438 3912539 4441800 9348
11258211 4009675 4552207 9822
11530035 4106897 4662634 9822
11800319 4203629 4772426 10267
12070848 4300434 4882366 10267
12339994 4396814 4991786 10686
12609640 4493276 5101414 10686
12876700 4588838 5211327 11081
13142455 4684533 5321202 11457
13410594 4780461 5430164 11457
13677925 4876023 5538623 11816
13677925 4971733 5647356 11816
13945506 5065893 5754215 12145
14208339 5160210 5861120 12458
14470259 5254341 5968430 12759
14731698 5348253 6075518 12759
14992662 5441999 6182104 13056
15254692 5536121 6288806 13347
15516154 5630093 6395350 13631
15777167 5723882 6502003 13908
16039486 5817509 6608420 13908
16301303 5910985 6714685 14182
16562576 6004324 6820812 14453
16823382 6098087 6927233 14718
17083761 6191757 7033525 14980
17343726 6285308 7139900 15238
17605023 6378694 7246396 15493
17864504 6471959 7352733 15745
18123550 6565103 7458657 15745
18383993 6658162 7564445 15997
18644197 6751693 7670583 16243
18904209 6845160 7776632 16487
19163918 6938517 7882852 16726
19425024 7031251 7989435 16964
19685864 7124405 8095436 17201
19946252 7217523 8201229 17438
20206185 7310528 8306823 17676
20465593 7403441 8347613 17914
20724543 7496266 8453001 17914
20983217 7589035 8558343 18390
21241708 7681708 8663839 18390
21498312 7774313 8769020 18868
21756388 7866868 8874084 18868
22014367 7959383 8979127 19108
22272179 8051881 9084070 19348
22529801 8144340 9188952 19588
22787113 8236757 9293732 19828
23044195 8329142 9398464 20069
23301146 8421484 9503121 20310
23557840 8513825 9607738 20551
23814352 8606152 9712289 20793
24070849 8606152 9816891 21035
24327522 8698504 9921059 21275
24578583 8789359 10024064 21510
24829502 8880725 10127284 21744
25082378 8972203 10230556 21978
25335604 9063747 10333899 22212
25589081 9155363 10437360 22447
25842867 9247035 10540915 22682
26096932 9338759 10644851 22919
26349784 9430531 10748890 23156
26602792 9522362 10853027 23391
26859742 9614248 10957219 23625
27117148 9706179 11061491 23625
27374510 9798137 11165772 23858
27631630 9890112 11270330 24090
27887077 9982099 11374906 24322
28142480 10166115 11479397 24554
28399126 10258554 11583823 24788
28657305 10351004 11688532 25023
28915371 10443411 11793209 25259
29173100 10535786 11898090 25494
29429177 10628148 12002994 25728
29685123 10721071 12107836 25961
29942448 10813858 12212624 26199
30201306 10906569 12317626 26437
30460097 10999772 12422611 26672
30718632 11092926 12528289 26906
30975488 11185993 12633903 27140
31231930 11278972 12739358 27374
31488363 11371883 12844500 27607
31746320 11464725 12949522 27840
32004225 11557498 13054441 28074
32261812 11650206 13159620 28303
32521099 11742845 13264978 28536
32777189 11835435 13370033 28771
33033059 11927983 13474739 29006
33290515 12020487 13579705 29238
33549761 12112943 13684617 29238
33808917 12205359 13789822 29467
34066351 12297748 13894952 29695
34323304 12297748 13959224 29922
34575617 12390123 14064251 30147
34829405 12480829 14167125 30373
35083449 12571489 14269949 30594
35337697 12662818 14373350 30812
35589593 12754260 14516507 31032
35844311 12937271 14620411 31256
36102117 13030363 14790288 31483
36362835 13124417 14897502 31712
36624416 13219348 15005620 31946
36888119 13315085 15114402 32181
37426190 13411537 15223998 32418
37697739 13508618 15334326 32659
37970626 13606250 15445215 32902
38244449 13704396 15556930 33145
38519453 13803403 15669757 33390
38795469 13902806 15783011 33884
39074257 14002512 15896325 33884
39353711 14102498 16009901 34382
39633968 14202710 16123792 34632
39914739 14303138 16237916 34883
40195991 14403746 16352348 35135
40477675 14504524 16466992 35389
40758249 14605430 16582110 35645
41039173 14706479 16697435 35903
41322330 14807651 16812629 36161
41605944 14908939 16927919 36418
41889765 15010333 17043320 36676
42173618 15111806 17158780 37793
