390844 70606 153840 0
617275 231452 299899 0
1122011 321148 443573 0
1397299 516968 622593 0
1685772 621843 741444 0
1985810 730651 864951 1485
2613581 842926 1043266 1485
2938829 1074885 1256236 1485
3271280 1193985 1393044 1485
3609914 1315230 1532297 2820
3954147 1438411 1673734 2820
4301482 1563204 1816594 2820
4654823 1689465 1961536 2820
5012337 1817060 2108045 4029
5373427 1945848 2255922 4029
6100645 2075033 2404218 4029
6468322 2205115 2553557 5129
6838359 2336098 2703960 5129
7210132 2467748 2854742 5129
7583950 2600051 3006799 6134
7959618 2732974 3159693 6134
8334952 2866440 3372250 6134
8711334 2999800 3466397 6977
9070369 3127761 3612660 6977
9070369 3253277 3755848 6977
9421084 3379167 3899788 6977
9764602 3501989 4039791 7749
10100212 3501989 4123604 7749
10427323 3621429 4175977 7749
10427323 3738259 4309296 8456
10748160 3852820 4440126 8456
11062108 3964918 4568160 8456
11371406 4075263 4694286 9104
11676480 4183618 4818478 9104
11976482 4290658 4940830 9701
12273228 4290658 5061917 9701
12566026 4396585 5061917 10252
12856420 4501047 5181361 10252
13143227 4604644 5299814 10252
13428222 4707030 5416815 10766
13428222 4808798 5533090 10766
13710305 4909564 5648216 11246
13991327 5009911 5762884 11246
14269841 5109409 5876530 11695
14547570 5208608 5989837 11695
14823171 5307501 6102509 12116
15099823 5406202 6215305 12116
15374495 5504257 6327360 12511
15648861 5602633 6439461 12511
15922725 5700415 6551206 12883
16196512 5798088 6662597 13236
16468406 5895746 6773099 13236
16738614 5992854 6882982 13575
17009188 6089427 6993486 13575
17278354 6185516 7103509 13896
17547835 6281694 7213370 14201
17816049 6377484 7322912 14201
18082849 6473421 7431569 14496
18350151 6569530 7540097 14779
18616253 6665260 7648202 15057
18881223 6760593 7756156 15057
19145199 6855564 7863748 15327
19409948 6950237 7929449 15589
19674761 6950237 7971155 15844
19934453 7045319 8078626 16095
20193280 7138736 8184425 16095
20451775 7231868 8290166 16341
20710070 7324867 8395832 16584
20967886 7417761 8501345 16827
21225329 7510588 8606667 17070
21484296 7603317 8711862 17311
21742868 7695974 8816887 17552
22001169 7788568 8921823 17793
22259156 7881124 9026656 18033
22516911 7974172 9131478 18268
22774474 8067162 9236633 18502
23031833 8160066 9341776 18735
23289041 8252896 9446818 18968
23546107 8345667 9552084 18968
23803009 8438366 9657030 19204
24059788 8531006 9762121 19439
24316486 8623583 9867191 19674
24573094 8716095 9972158 19909
24829529 8808580 10077121 20143
25085911 8901031 10182040 20376
25342241 8993453 10286851 20609
25600242 9085858 10391647 20841
25858188 9178238 10496388 21069
26115895 9271122 10601113 21294
26373151 9363994 10706125 21520
26630118 9456789 10811063 21746
26886948 9549499 10915857 21969
27143472 9642132 11020612 22191
27399824 9734696 11125216 22191
27656009 9827212 11229795 22413
27912364 9919692 11334657 22635
28168739 10012137 11439526 22855
28426851 10104547 11544421 23071
28684866 10196911 11649271 23288
28942480 10289233 11754045 23507
29198509 10381533 11858733 23729
29456050 10473821 11963431 23950
29712011 10566105 12068145 24173
29712011 10658385 12172770 24397
30217012 10749472 12275979 24619
30471530 10840554 12379167 24839
30726337 10931737 12482477 25056
30981333 11023566 12586346 25278
31236472 11114976 12689943 25500
31491731 11206401 12793618 25720
31747028 11298441 12897795 25940
32002314 11390539 13002015 26160
32257743 11482647 13106292 26378
32513321 11574766 13210583 26596
32768835 11666900 13314885 26814
33024387 11759024 13419209 26814
33279963 11851136 13523539 27252
33535644 11943229 13627917 27472
33791400 12035321 13732258 27693
34047053 12127438 13836662 27914
34302786 12219584 13941032 28135
34558449 12311726 14045355 28357
34814045 12403858 14149679 28357
35069612 12495980 14254013 28580
35325211 12588093 14358286 29027
35580749 12680199 14462568 29027
35836344 12772295 14566907 29477
36092009 12864413 14671224 29477
36347497 12956532 14775508 29704
36603002 13048651 14880051 30156
36858443 13140768 14984305 30156
37113801 13232879 15088512 30384
37369270 13325000 15192762 30612
37624807 13417149 15296999 30840
37880269 13509282 15401247 31069
38135805 13601397 15505781 31295
38391363 13693509 15610373 31519
38646968 13785612 15714894 31743
38902425 13877715 15819400 31967
39157943 13969840 15923888 32192
39415207 14061965 16028315 32415
39672360 14154076 16132733 32638
39672360 14246177 16237180 32857
39929341 14338744 16341960 32857
40181133 14429478 16444585 33072
40432479 14520159 16547175 33287
40680796 14609751 16648553 33498
40929624 14699480 16749665 33708
41177043 14789008 16851376 33919
41682088 14879721 16954553 34574
