254358 102759 101663 1448
548558 222993 226652 1448
928480 366589 390972 1448
1390998 447054 485008 1448
1647051 533047 690949 1448
1913337 719379 756737 2634
2160146 809395 897612 2634
2405481 898578 1000109 2634
2929601 991509 1174461 2634
3210731 1189129 1288074 3702
3501718 1293031 1405584 3702
3796687 1399105 1526104 3702
4088856 1503879 1645600 3702
4379017 1503879 1764297 4672
4667598 1607807 1882287 4672
4953118 1711013 1998994 4672
5238949 1813091 2114710 4672
5523434 1914628 2230688 5550
5806930 2016158 2346704 5550
6087799 2117319 2391021 5550
6367895 2217587 2505821 5550
6647450 2317525 2620336 6347
6928232 2417228 2734599 6347
6928232 2516720 2847940 6347
7206801 2615496 2960655 7072
7483242 2714103 3073710 7072
7759238 2812630 3186359 7072
8033150 2910543 3298490 7735
8307130 3008393 3410612 7735
8583090 3106240 3522085 7735
8857395 3203539 3633099 8344
9129972 3300844 3744667 8344
9402648 3397673 3856093 8344
9673913 3494553 3967179 8906
9947136 3591542 4077584 8906
10218809 3688074 4187650 9428
10489124 3784695 4298349 9428
10756472 3880891 4408872 9916
11024520 3977223 4519281 9916
11294770 4073598 4629442 10372
11567592 4170129 4739459 10372
11841017 4266289 4849735 10799
12113225 4362592 4959886 10799
12381268 4458551 5070277 11202
12649670 4554678 5180617 11202
12917027 4650461 5248099 11567
13187666 4746772 5358420 11910
13454399 4841316 5466255 11910
13719698 4935480 5615224 12242
13984345 5029981 5723663 12558
14247750 5124697 5832048 12558
14511838 5219628 5940635 12867
14778988 5314886 6007808 13165
15047139 5409895 6158054 13457
15314365 5504634 6266344 13457
15580762 5599129 6374248 13742
15844841 5693945 6441280 14017
16108213 5788551 6550251 14287
16372608 5882906 6700087 14553
16638254 5977058 6808207 14553
16905080 6071033 6874122 14811
17171294 6165390 6981887 15064
17435096 6259593 7090016 15316
17697968 6353605 7197858 15566
17959910 6447429 7305250 15816
18223089 6541088 7411958 16065
18485651 6634602 7518384 16314
18747777 6727984 7624861 16562
19007962 6821273 7731647 16809
19266167 6914464 7838533 17056
19524341 7007583 7945239 17301
19785983 7100628 8051150 17301
20047694 7193616 8157151 17546
20310877 7286556 8263596 17789
20573875 7379458 8370022 18275
20834992 7472332 8477095 18522
21092801 7565179 8583913 18522
21351737 7657986 8689874 18773
21614626 7750757 8796194 19268
21877528 7843522 8902511 19268
22137246 7936278 9008795 19522
22396651 8029020 9115460 20028
22655997 8121763 9222071 20028
22915335 8214502 9328128 20284
23176318 8307775 9434790 20535
23439163 8307775 9541195 20785
23701574 8401022 9647676 21031
23959559 8492842 9752448 21276
24214972 8584283 9856979 21520
24469966 8676302 9897214 21764
24728823 8861387 10002577 22008
24988939 8861387 10171598 22252
25248925 9046733 10277010 22498
25506924 9139619 10382788 22745
25763076 9233041 10488457 22992
26019228 9233041 10528930 23241
26279065 9326415 10699448 23491
26540392 9419099 10805346 23741
26801438 9604246 10911187 23993
27060596 9697221 11017630 24245
27320704 9790697 11124258 24497
27580671 9790697 11230755 24749
27842182 9976946 11272093 25003
28101939 10070216 11378582 25257
28362782 10163986 11548353 25511
28621970 10257175 11654869 25763
28880920 10257175 11761363 26014
29139752 10350231 11802056 26264
29400241 10536040 11909003 26514
29662022 10629349 12015346 26514
29923673 10722633 12186138 27014
30185006 10815846 12292656 27014
30444513 10908991 12399528 27516
30703762 11002085 12440376 27768
30964568 11095543 12547690 28021
31226643 11188934 12654300 28021
31488561 11282241 12825645 28274
31750244 11375472 12932429 28526
32011608 11468641 13039172 28779
32272710 11561759 13145823 29032
32535308 11655367 13187028 29279
32797605 11749471 13359653 29526
33059590 11843362 13401324 29773
33322474 11937075 13573835 30020
33585033 12030653 13681309 30267
33847034 12030653 13722443 30513
34108486 12124065 13828755 30753
34108486 12216133 13933656 30995
34364737 12308040 14038345 31237
34870896 12400538 14142161 31478
35125914 12493077 14247271 31722
35384014 12584562 14352473 31971
35644955 12770442 14523353 32222
35908539 12864839 14631177 32474
36174338 12960097 14739896 32725
36442326 13056133 14849504 32725
36712441 13152872 14959941 32976
36986644 13250250 15072533 33222
37262569 13348200 15229553 33468
37539719 13447223 15343351 33716
37818211 13546694 15457125 33964
38097601 13646501 15570971 34213
38377751 13746572 15685513 34462
38658425 13846881 15800305 34711
38939744 13947421 15915299 34962
39221453 14048152 16030439 35467
39503592 14149065 16145733 35723
39786038 14250123 16261173 35979
40068915 14351337 16377092 35979
40352266 14452695 16492735 36491
40635908 14554151 16608206 36491
40919899 14655709 16724181 36748
41203900 14757304 16840198 37261
41487765 14858938 16956178 37521
41771747 14960658 17072225 37781
