26039 30248 7978 2014
77873 93775 25948 2014
144762 132709 65244 3320
280240 172651 114303 3320
437277 255011 200894 3320
659232 351787 277269 3320
944030 406216 397087 3320
1105875 528417 464405 3320
1463238 595433 612240 3320
1656500 665837 692329 4535
1858238 815447 775720 4535
2281668 893396 915566 4535
2501842 973469 1040850 4535
2727713 1055519 1134166 4535
2958826 1139323 1229055 4535
3194728 1224704 1325482 5622
3434825 1399549 1423819 5622
3676896 1488134 1523181 5622
3922102 1577698 1623834 5622
4421828 1668193 1788821 6599
4675837 1759523 1892365 6599
4930410 1851594 1996158 6599
5187086 1943766 2101024 6599
5445728 2036507 2247715 6599
5706255 2129820 2313100 7481
5968278 2223645 2420143 7481
6215387 2313115 2521063 7481
6458444 2401229 2659112 7481
6704236 2490096 2759816 8208
6953038 2579936 2861416 8208
7202752 2670098 2963398 8208
7455141 2761061 3066987 8868
7710268 2852803 3171371 8868
7965882 2944682 3276480 8868
8223530 3037187 3381952 9473
8483161 3130293 3487877 9473
8742668 3223378 3594034 10030
9003793 3316955 3700836 10030
9266560 3411026 3807960 10030
9528847 3504984 3914921 10545
9792531 3599334 4022628 10545
10055765 3693532 4130655 11025
10321611 3788102 4239445 11025
10586902 3882376 4348142 11475
10853071 3976995 4456661 11898
11118562 4071968 4564881 11898
11384995 4167273 4673664 12298
11650539 4262338 4782404 12298
11917270 4357672 4891589 12677
12183240 4452747 5000625 13037
12451641 4547967 5110320 13037
12719289 4642920 5219213 13384
12986061 4738140 5328404 13715
13253633 4833669 5437689 13715
13520328 4928913 5546574 14037
13786252 5023863 5655701 14345
14053023 5119093 5764508 14345
14319170 5214086 5872943 14646
14584405 5308784 5980818 14943
14848918 5403231 6089120 15229
15114540 5498012 6197605 15510
15379640 5592602 6306089 15787
15643948 5686945 6413855 15787
15907336 5781071 6521231 16063
16170025 5874994 6628128 16334
16432353 5968756 6735350 16597
16694609 6062981 6842163 16851
16952163 6155269 6947671 17104
17209144 6247309 7052589 17104
17466104 6339351 7157486 17357
17723035 6431424 7262097 17608
17979902 6523514 7367133 17859
18236805 6615613 7472214 18108
18493804 6707736 7577591 18355
18750996 6799884 7682616 18600
19008385 6892620 7787984 18839
19267695 6985375 7893551 18839
19526995 7078098 7999539 19311
19786141 7170763 8105696 19549
20044948 7263396 8211335 19549
20303534 7356004 8316655 19787
20561962 7448588 8422266 20024
20820070 7541134 8527773 20261
21077987 7633645 8633478 20497
21335716 7726119 8738707 20734
21593319 7818569 8843842 20971
21850879 7910989 8948972 21206
22108394 8003404 9053838 21437
22366049 8096369 9159217 21668
22623860 8189348 9264637 21899
22881715 8282285 9370371 22131
23139683 8375165 9475669 22367
23397433 8467500 9581087 22598
23658517 8560341 9687496 22828
23919744 8653614 9794222 23060
24180664 8746849 9901158 23292
24441400 8840006 10007536 23536
24703089 8932985 10113268 23784
24964200 9025886 10219328 24032
25225086 9119153 10326150 24278
25485678 9212937 10433446 24521
25747683 9306658 10540614 24766
26011187 9400249 10646920 25008
26274499 9493719 10753310 25248
26536035 9587078 10860524 25488
26796820 9680324 10967555 25488
27056822 9773376 11033233 25728
27310475 9864309 11177235 25963
27565305 9955120 11280610 26197
27820487 10046022 11343935 26430
28075414 10137049 11487767 26665
28327659 10227523 11591515 26898
28582709 10319075 11696484 27133
28841058 10411782 11802708 27370
29104186 10505539 11909610 27610
29369975 10600235 12017534 27851
29636457 10695769 12126945 28094
29905055 10792051 12237272 28339
30175559 10889018 12348322 28586
30447930 11084678 12460033 29083
30723616 11183825 12571900 29083
31000726 11282859 12684281 29587
31554801 11382788 12797609 29843
31833250 11482530 12911376 30102
32112445 11582520 13025490 30362
32392337 11682763 13139855 30362
32674747 11783805 13254467 30875
32957868 11885064 13369228 30875
33239760 11986461 13554771 31134
33523752 12087970 13671013 31390
33808507 12189584 13787545 31646
34094620 12291281 13904041 31903
34382641 12393473 14020714 32160
34670692 12495722 14137412 32417
34957159 12597977 14254625 32674
35243281 12700218 14371769 32931
35529468 12802462 14488944 33188
35815580 12904701 14606038 33445
36101716 13006937 14723085 33702
36389362 13109165 14839619 33960
36676997 13211393 14956153 34217
36962940 13313605 15073123 34474
37248619 13415815 15190096 34732
37534263 13518023 15307006 34990
37819857 13620222 15423889 35248
38105486 13722421 15468992 35507
38391856 13824362 15585494 35763
38673750 13924831 15699895 36019
38953752 14025292 15814203 36275
39234092 14125908 15929073 36530
39514930 14226696 16044136 36785
39796143 14327651 16159328 37040
40077922 14428757 16274650 37296
40361924 14529998 16390090 37552
40646410 14631368 16505299 37810
40929459 14732838 16691830 38069
41212686 14834405 16736555 38326
41496250 14936622 16852633 38582
41781972 15038924 16968797 38582
42068038 15141246 17155714 38841
42356123 15243579 17272550 40292
