50511 62939 20163 1018
82151 101628 42992 1018
191742 141272 80707 1018
317902 180827 147326 1018
630530 267047 257045 2220
764366 369282 334933 2220
1071985 426565 433387 2220
1243918 553721 502094 2220
1618183 622777 652353 2220
1818534 695012 733095 2220
2026658 847660 869621 3310
2241749 927365 959116 3310
2691569 1009001 1087222 3310
2923148 1091815 1181673 3310
3159108 1176189 1277931 3310
3399178 1262047 1375792 4285
3642837 1349228 1475145 4285
3887864 1437573 1575544 4285
4135724 1526380 1676698 4285
4386413 1616116 1842067 5165
4639677 1798110 1945845 5165
4895101 1889655 2049787 5165
5150842 1981814 2154506 5165
5408380 2074025 2260315 5963
5667802 2166779 2366849 5963
5928823 2259511 2473241 5963
6451610 2353333 2621287 5963
6451610 2447648 2728993 6688
6977810 2541790 2836934 6688
7241842 2635742 2944600 6688
7506829 2730623 3052646 7350
7771026 2825871 3160781 7350
7771026 2920862 3226996 7350
8027251 3013738 3331627 7914
8277999 3104598 3433997 7914
8528665 3195380 3536312 8431
8781289 3286267 3679961 8431
9291159 3377265 3743387 8912
9548025 3468922 3888041 8912
9804902 3561234 3992851 8912
10064878 3654010 4098592 9362
10324843 3747280 4205138 9362
10586050 3840480 4311788 9781
10846830 3934100 4418674 10176
11110269 4028038 4525837 10176
11373237 4122334 4633573 10548
11637189 4216443 4740795 10548
11900532 4310879 4848701 10903
12166163 4405518 4956575 11242
12431098 4499903 5064660 11242
12695197 4594575 5172599 11565
12960036 4689582 5280194 11876
13224110 4784354 5387745 11876
13487421 4879377 5495357 12174
13751463 4974154 5602676 12464
14014810 5068645 5709701 12464
14277478 5162877 5817456 12746
14539515 5256871 5925011 13020
14802529 5350672 6032031 13287
15065017 5444833 6138751 13549
15326824 5538841 6245460 13549
15588002 5633172 6352355 13804
15848600 5727327 6459095 14057
16110497 5821273 6565620 14305
16371903 5915016 6671918 14552
16632703 6008585 6778013 14798
16893155 6102007 6883941 15042
17153012 6195277 6948862 15286
17412595 6288418 7054519 15528
17671698 6381444 7201256 15528
17930448 6474364 7307286 15770
18188942 6567741 7413476 16007
18188942 6660934 7478379 16242
18448721 6754435 7584862 16474
18962224 6847033 7689978 16706
19220427 6939478 7794916 16936
19220427 7031844 7899749 17166
19478435 7124183 8004532 17396
19736271 7216481 8109278 17628
19992351 7308751 8213947 17859
20249877 7400991 8318625 18090
20507344 7493199 8423227 18319
20764748 7585405 8527824 18548
21021920 7677588 8632409 18777
21278980 7769744 8736950 19006
21535901 7861873 8841503 19006
21792584 7953992 8946447 19459
22049392 8046641 9051666 19693
22306057 8138784 9156155 19929
22562482 8230868 9260523 20165
22818621 8322944 9364845 20165
23074666 8415540 9469505 20398
23330648 8508140 9574449 20628
23586423 8600683 9679306 20859
23842222 8693169 9784098 21092
24097865 8785605 9888880 21323
24353519 8878017 9993578 21554
24609271 8970414 10098245 21784
24864906 9062773 10202840 22014
25120563 9155101 10307455 22244
25376249 9247404 10412047 22475
25631966 9339696 10516621 22702
25889387 9431981 10621176 22702
26146790 9524269 10725742 22928
26404326 9617087 10831140 23147
26661843 9709898 10936523 23366
26919143 9802626 11041775 23584
27176300 9895280 11146949 23801
27433506 9987887 11252112 24019
27690522 10080459 11357188 24237
28204386 10172971 11462236 24455
28204386 10265436 11567222 24672
28462920 10357864 11672164 24891
28719623 10357864 11712684 25104
28973037 10540215 11878957 25315
29224119 10631141 11981908 25529
29735007 10723229 12086235 25744
29994770 10816370 12232998 25961
30257168 10910464 12339970 26176
30522025 11006008 12448408 26396
30788884 11101774 12557709 26621
31057714 11198169 12667359 26847
31328299 11295177 12777667 27077
31600360 11392735 12888560 27308
31873651 11490779 12999988 27541
32148029 11589255 13111903 27776
32423461 11688129 13224190 28011
32699772 11787338 13336862 28247
32976853 11886874 13449879 28484
33254594 11986687 13563143 28722
33532882 12086743 13676707 28960
33811830 12187018 13790512 29197
34091420 12287483 13904956 29438
34371509 12388122 14019238 29680
34651891 12488910 14133647 29924
34932543 12589819 14248144 30168
35213372 12690842 14362731 30413
35494411 12791965 14477390 30659
35775558 12893170 14592126 30907
36056985 12994461 14706946 31155
36338637 13095812 14821845 31403
36620445 13197218 14936816 31651
36902479 13298674 15051903 31898
37184722 13400196 15167527 32147
37467438 13501774 15283108 32392
37750326 13603965 15399000 32640
38033500 13706205 15514957 32896
38316739 13807920 15630532 33153
38600029 13909602 15746025 33410
38883363 14011307 15861574 33667
39166737 14113027 15977167 33925
39450092 14214764 16092742 34185
39733569 14316525 16208258 34444
40016641 14418178 16323120 34704
40295893 14518544 16437117 34959
40575510 14618928 16551904 35209
40855731 14720033 16666985 35459
41136296 14821296 16782204 35709
41417286 14922659 16897478 35958
41698744 15024084 17012840 36207
41980608 15125579 17128330 36454
42264653 15227129 17243929 38875
