24495 56072 0 1785
73491 120944 20229 1785
103843 161749 31463 1785
224156 201974 53187 1785
292823 243090 144101 2837
447230 328662 229199 2837
639113 376006 352390 2837
885010 482983 464431 2837
1174185 543129 583977 2837
1335742 674118 672133 2837
1505795 744272 861745 2837
1866884 817383 963087 2837
2057192 971285 1067689 2837
2252200 1051463 1175412 2837
2452606 1133517 1286148 3798
2656760 1217227 1514341 3798
2863164 1301781 1631020 3798
3073212 1387661 1749600 3798
3503050 1474775 1869906 3798
3722287 1563024 1992377 3798
3943512 1651694 2116242 3798
4166690 1741227 2240988 3798
4392513 1832244 2366437 3798
4619591 2015772 2493640 3798
4847798 2108027 2621745 3798
5077246 2201326 2750696 4652
5310146 2295701 2880203 4652
5543945 2389867 3009635 4652
5776737 2483727 3139993 4652
6010102 2577833 3270964 4652
6244060 2672248 3466584 4652
6478704 2767460 3598722 4652
6716149 2863380 3731801 4652
6955146 2960063 3932771 4652
7194547 3056855 3997954 4652
7426235 3150806 4064387 4652
7654015 3243258 4255314 5335
7882288 3335952 4320842 5335
8111823 3428587 4511314 5335
8341796 3521641 4639467 5335
8572664 3615106 4834729 5335
8804156 3708986 4964822 5335
9036421 3803188 5095582 5335
9269541 3897741 5226541 5335
9503428 3992594 5357721 5335
9738766 4087678 5489157 5942
9974609 4182963 5620795 5942
10209423 4277910 5752392 5942
10444463 4373021 5884300 5942
10679897 4468308 6016623 5942
10916062 4563795 6149044 5942
11152630 4659456 6281528 5942
11390552 4755252 6414117 5942
11628684 4851173 6547036 6483
11866848 4947209 6680070 6483
12105402 5042846 6812952 6483
12342561 5138518 6946034 6483
12579862 5234313 7079304 6483
12817667 5330251 7212621 6483
13055692 5426344 7345902 6483
13294842 5522496 7479186 6483
13534018 5618714 7612589 6966
13773255 5715013 7746071 6966
14011206 5810875 7879331 6966
14249011 5906750 8012649 6966
14486877 6002677 8146207 6966
14725114 6098719 8279805 6966
14963566 6194903 8413384 7398
15203043 6291148 8546955 7398
15442689 6387346 8680371 7398
15681940 6483574 8813957 7398
15921404 6579895 8947915 7398
16160782 6676274 9082041 7398
16399962 6772691 9216240 7785
16639372 6869165 9282037 7785
16878655 6965153 9415473 7785
17112132 7059261 9546044 7785
17345800 7152849 9676300 7785
17578902 7246712 9872929 7785
17812826 7340916 10004008 8100
18047302 7435466 10135342 8100
18280872 7529738 10266787 8100
18515285 7624257 10398364 8100
18750196 7719055 10530076 8384
18986685 7814100 10661523 8384
19221963 7908800 10792893 8384
19457317 8003652 10924875 8642
19693262 8098754 11057271 8642
19929595 8194079 11189275 8642
20164910 8289064 11321282 8642
20400645 8384190 11453437 8878
20637608 8479542 11585301 8878
20873578 8574531 11716898 8878
21109753 8669668 11849085 9094
21346004 8764974 11981312 9094
21582784 8859933 12113488 9094
21818584 8955067 12245925 9292
22054760 9050426 12378013 9292
22291434 9145404 12509837 9292
22527540 9240534 12641682 9474
22764124 9335842 12773656 9474
22999453 9430828 12905667 9474
23234958 9525904 13037913 9643
23470882 9621169 13170192 9643
23705878 9716085 13302103 9800
23941319 9811207 13433735 9800
24176540 9905973 13497955 9948
24412180 10000913 13696397 9948
24646773 10095541 13760520 10087
24881805 10190387 13959441 10087
25115603 10284900 14023760 10218
25350202 10379649 14155390 10218
25583966 10474116 14286382 10342
25819243 10568795 14417439 10342
26053310 10663153 14548048 10456
26287831 10757728 14615043 10564
26517438 10850427 14744941 10564
26743510 10942209 14872641 10668
26973238 11035935 15063636 10771
27207247 11131144 15260315 10872
27442816 11227098 15393133 10872
27681589 11323127 15527049 10971
27921736 11420295 15662176 11068
28162745 11517971 15798041 11164
28404878 11616051 15934298 11259
28649566 11714540 16071277 11354
29141066 11813902 16208524 11354
29388150 11913551 16346512 11448
29635817 12013416 16484723 11542
29886555 12113924 16623770 11635
30137469 12214527 16762983 11728
30388449 12315190 16902675 11820
30639347 12416472 17042459 11912
30890108 12517830 17182757 12004
31141075 12619170 17323097 12004
31391849 12720520 17463465 12095
31642400 12821853 17603893 12186
31894921 12923187 17744510 12276
32147341 13024573 17885640 12364
32399491 13126475 18027178 12364
32651688 13228369 18168706 12452
32903655 13330231 18310103 12540
33157080 13432048 18451453 12628
33410607 13533806 18593186 12715
33663776 13636047 18734757 12802
33916484 13738259 18876620 12889
34169211 13840338 19018392 12889
34421613 13942357 19159991 12976
34675390 14044316 19301492 13062
34929289 14146178 19443370 13148
35182776 14248017 19585100 13233
35435952 14350338 19727123 13318
35689050 14452623 19869046 13403
35941953 14554823 20010801 13488
36194317 14656937 20152355 13573
36442678 14758852 20292536 13659
36690535 14859121 20431439 13659
36938639 14959343 20570474 13745
37187091 15059681 20709694 13831
37435689 15160135 20849044 13917
37684230 15260694 20988513 14003
37932994 15361253 21127985 14089
38181915 15461889 21267517 14176
38430811 15562588 21407207 14263
38680049 15663333 21547057 14350
38931261 15764172 21687073 14437
39182626 15865118 21827098 14524
39434111 15966124 21967579 14611
39685493 16067749 22108120 14698
39936749 16169446 22248586 14785
40188217 16271148 22389469 14872
40439614 16372834 22530395 14959
40690833 16474522 22670806 15046
40942134 16576743 22811618 15133
41193339 16678415 22952446 15220
41444425 16780004 23093119 15307
41695401 16881539 23233699 15394
41946249 16983038 23374270 15482
42197050 17084533 23514339 15571
42447859 17186582 23654801 15571
42698525 17288088 23795300 15660
42949048 17389545 23935256 15748
43199733 17491530 24075586 15836
43450606 17592960 24215938 15924
43703671 17694351 24356157 16012
43957690 17796146 24497008 16100
44211386 17897932 24637901 16188
44465010 17999661 24779099 16276
44718185 18101916 24920203 16364
44971018 18204122 25061270 16452
45223655 18306262 25202163 16540
45475999 18408887 25343428 16628
45729090 18511358 25485340 16716
45982202 18613653 25627071 16804
46234703 18715857 25768571 16804
46483515 18817892 25908575 16892
46731955 18918941 26047357 16980
46981827 19019887 26186551 17067
47232952 19120686 26326492 17154
47484336 19221477 26466919 17240
47735491 19322892 26607370 17326
47986439 19424315 26747035 17413
48237503 19526350 26887048 17500
48488336 19628351 27027518 17587
48740766 19730160 27169428 17674
48993463 19832187 27311447 17761
49245832 19934037 27453262 17761
49497795 20035831 27594494 17848
49749765 20138152 27735549 17935
50003117 20240449 27876496 18021
50256215 20342616 28017352 18107
50509199 20444698 28158576 18193
50761875 20546124 28300172 18278
51014334 20648040 28442175 18363
51266847 20749954 28584090 18448
51519051 20851830 28725842 18533
51772059 20954101 28867608 18618
52025150 21056844 29009212 18703
52277803 21159510 29151129 18788
52531250 21261923 29293582 18788
52784784 21364150 29435854 18873
53037802 21466258 29577889 18958
53292071 21568223 29719307 19043
53546245 21670699 29860511 19128
53800030 21773090 30002064 19213
54054555 21875272 30144212 19298
54309049 21977275 30286679 19383
54562902 22079775 30428926 19468
54816411 22182161 30571413 19554
55071140 22284911 30714403 19640
55326656 22387976 30857857 19726
55581686 22490869 31001117 19812
55836457 22593603 31143611 19898
56090660 22696780 31285853 19984
56344275 22799808 31427883 19984
56344275 22902563 31568360 20070
56593438 23003450 31707469 20156
56841978 23104179 31847048 20242
57090600 23204820 31985967 20328
57584980 23304799 32124714 20415
57837443 23405723 32264808 20502
58092637 23507668 32406304 20589
58349898 23610638 32549159 20677
58609124 23819740 32693748 20765
58870278 23925720 32839411 20853
59133077 24032308 32986463 20941
59397336 24138855 33134953 21029
59663048 24245880 33284125 21117
59929878 24353381 33507200 21206
60196962 24461758 33658229 21297
60466072 24571037 33809558 21389
60735968 24680474 33962285 21481
61007629 24790525 34115719 21573
61282994 24901327 34268828 21666
61559182 25012201 34500834 21666
61835458 25123713 34655352 21759
62111028 25234716 34810548 21852
62386730 25345715 34886429 21945
62662663 25456742 35041591 22039
62938614 25568324 35195843 22133
63214619 25679942 35349988 22227
63490786 25791521 35504236 22322
63766345 25903019 35658871 22418
64041876 26014385 35814229 22514
64318510 26126222 35968954 22610
64595510 26238028 36202616 22706
64872463 26349769 36357911 22801
65150319 26460944 36433704 22896
65428313 26572081 36589390 22991
65706339 26683796 36744275 23086
65984451 26796116 36899365 23086
66262419 26908387 37134215 23181
66539827 27020526 37290231 23276
66816966 27132033 37366498 23371
67093994 27243462 37522416 23466
67370452 27355168 37677072 23560
67643011 27465253 37829174 23655
67915200 27575292 37981528 23750
68187029 27685438 38134287 23846
68459109 27795660 38287127 23943
68731773 27905992 38439704 24040
69004841 28016437 38592432 24137
69278307 28126979 38745296 24234
69552262 28237585 38898349 24331
69825792 28348232 39051895 24428
70101148 28458975 39205722 24525
70376756 28569794 39359325 24525
70652749 28681250 39513115 24622
70928771 28792709 39667456 24719
71204833 28904163 39821961 24816
71480406 29015615 39976699 24912
71756201 29126500 40132126 25007
72033655 29237983 40286659 25101
72311097 29350032 40441387 25101
72588731 29462061 40675450 25195
72865973 29573995 40751489 25289
73142714 29685295 40907596 25382
73419284 29797128 41062855 25475
73696177 29908985 41217708 25568
73974787 30020793 41372636 25661
74253155 30132498 41527620 25754
74530786 30244762 41683196 25754
74808322 30356993 41838629 25847
75085801 30469093 41994073 25939
75363287 30581099 42149404 26031
75640899 30693032 42304687 26123
75917595 30804712 42461048 26215
76195301 30916891 42617044 29447
