0 30734 6737 2347
46691 93728 19714 2347
73381 132041 32319 2347
166054 171993 48973 2347
271600 211501 102984 2347
410323 295307 202443 2347
595975 339568 318332 3462
833665 438945 417575 3462
966595 554901 535268 3462
1262090 618886 659566 3462
1423275 686406 750345 3462
1592834 830718 896563 3462
1953226 906913 1046926 3462
2142350 985378 1152601 3462
2337649 1065770 1262366 3462
2537963 1147930 1375033 3462
2741993 1231753 1606978 3462
2950262 1403621 1725663 4464
3375106 1491352 1845979 4464
3590297 1580077 1967271 4464
3807494 1669186 2089441 4464
4026774 1759082 2212792 4464
4248648 1849740 2337082 4464
4472095 1941080 2462276 4464
4696855 2033038 2588245 4464
4922784 2125525 2715182 4464
5137700 2214210 2838866 4464
5349054 2301585 2958259 4464
5562330 2389684 3077250 4464
5778728 2479354 3197190 4464
5997376 2569296 3318791 5260
6217576 2659942 3441758 5260
6439549 2751293 3565987 5260
6662194 2842697 3690204 5260
6885836 2934636 3815169 5260
7110858 3027128 4006020 5260
7337188 3120109 4133135 5260
7565572 3213534 4323237 5260
7794780 3307332 4451771 5260
8024526 3401484 4580778 5260
8486492 3495941 4710356 5260
8719387 3590663 4840344 5965
8952646 3685635 4970651 5965
9184629 3780796 5100809 5965
9416943 3875587 5230785 5965
9649659 3970532 5360945 5965
9882824 4160997 5491564 5965
10117167 4256458 5622486 5965
10351874 4352071 5753542 5965
10586847 4447792 5884798 5965
10821870 4543631 6016245 5965
11056964 4639604 6148028 5965
11292404 4735644 6279727 6591
11528048 4831754 6411292 6591
11763240 4927411 6542668 6591
11998354 5023119 6674134 6591
12233369 5118933 6805644 6591
12468577 5214825 6937200 6591
12703879 5310832 7069041 6591
12939350 5406943 7200896 6591
13175035 5503115 7333054 6591
13411573 5599343 7465250 7148
13648329 5695610 7597485 7148
13883536 5791384 7729038 7148
14118577 5887202 7860636 7148
14353875 5983121 7992460 7148
14353875 5983121 8124104 7148
14589150 6079049 8253722 7148
14820438 6173405 8383434 7148
15284998 6267814 8513320 7592
15284998 6362427 8643472 7592
15518030 6457238 8773550 7592
15981894 6551692 8903540 7592
16214513 6646387 9033858 7592
16448189 6741305 9164402 7592
16682728 6836416 9295175 7592
16917154 7027366 9426280 7988
17152128 7027366 9557349 7988
17385917 7123271 9688230 7988
17619927 7314228 9819119 7988
17854224 7409868 9950433 7988
18089289 7505605 10081898 7988
18324696 7601441 10213416 8344
18560344 7601441 10344650 8344
18794476 7697367 10475670 8344
19028624 7888424 10606994 8344
19263253 7984137 10738451 8344
19498164 8079956 10870126 8344
19734174 8175863 11001935 8664
19968748 8175863 11133435 8664
20203228 8271858 11264614 8664
20437985 8463040 11395877 8664
20672965 8558815 11527463 8952
20908224 8558815 11658817 8952
21142396 8654722 11790061 8952
21377348 8750174 11921349 8952
21612690 8941381 12052771 9214
21848096 8941381 12184016 9214
22081940 9037148 12314937 9214
22315973 9132504 12446032 9214
22550360 9227953 12577378 9453
22783647 9323538 12708568 9453
23017779 9418742 12839461 9453
23252176 9514047 12970408 9671
23486870 9609500 13101186 9671
23720414 9705078 13165239 9671
23720414 9800284 13231978 9857
23954078 9895631 13361406 9857
24181952 9989084 13554530 10028
24408846 10081373 13682276 10028
24639296 10174983 13874818 10187
25106452 10269464 14006749 10187
25343135 10461844 14139790 10187
25582428 10559448 14273957 10337
25825364 10658112 14409093 10479
26068752 10757136 14545112 10479
26312435 10856397 14681748 10615
26558070 10956436 14819033 10615
26803774 11056652 14956432 10745
27050958 11157567 15094347 10870
27298356 11258579 15232699 10870
27545685 11360208 15371725 10990
27794477 11461890 15510809 11107
28043414 11563533 15650242 11107
28292364 11665701 15790029 11220
28542586 11767859 15929707 11330
28792839 11869931 16069684 11330
29042896 11971883 16210065 11437
29294129 12074336 16350478 11541
29545309 12176718 16491237 11643
29796129 12278955 16631726 11643
30048022 12381634 16772460 11742
30299586 12484198 16913418 11840
30550788 12586612 17054111 11938
30801653 12688910 17194624 12034
31052186 12791090 17335373 12129
31303869 12893727 17475873 12129
31555297 12996280 17616186 12224
31806205 13098687 17756718 12318
32056596 13200958 17896957 12412
32306742 13303088 18037003 12506
32556764 13405097 18176879 12599
32806951 13507565 18316987 12692
33058699 13609966 18457060 12785
33309966 13712245 18596988 12785
33560775 13814412 18736676 12878
33811129 13916401 18876648 12970
34057789 14017007 19015525 13061
34304003 14117444 19153227 13152
34550353 14217927 19290850 13243
34796672 14318492 19428584 13334
35042943 14419127 19566343 13425
35289417 14519826 19704629 13516
35535902 14620581 19843049 13607
35782247 14721952 19981452 13607
36030389 14823353 20119805 13698
36278720 14924745 20258322 13788
36526815 15026159 20397422 13878
36775046 15127571 20536463 13968
37023143 15228951 20675375 14057
37271086 15330330 20814657 14145
37520618 15432246 20953772 14145
37770091 15534114 21092890 14233
38019382 15635924 21232576 14320
38269756 15738084 21372926 14407
38519944 15840183 21513085 14494
38769821 15942207 21653068 14581
39019352 16044131 21792858 14668
39268604 16145966 21932433 14754
39517783 16248284 22072341 14840
39767241 16350533 22212179 14925
40018134 16452687 22351794 15010
40268929 16554746 22491292 15010
40519267 16656702 22630714 15095
40769315 16758587 22769968 15180
41019104 16860390 22909072 15265
41268389 16962116 23048104 15350
41517417 17063795 23186991 15435
41766392 17165417 23325804 15520
42015133 17266999 23464658 15606
42263609 17368557 23603438 15692
42512176 17470092 23742235 15779
42760530 17571595 23881070 15867
43008735 17673072 24019842 15955
43256890 17774513 24158532 16043
43504857 17875936 24297663 16131
43752736 17977371 24436773 16218
43997669 18077585 24574214 16303
44242507 18178350 24712047 16388
44487348 18279235 24849913 16388
44734165 18380156 24987719 16473
44981204 18481083 25125713 16558
45228301 18582033 25264328 16643
45475581 18683014 25403065 16729
45722889 18784018 25541752 16815
45970374 18885044 25680455 16901
46218442 18986087 25819170 16986
46466475 19087699 25958217 17071
46716105 19189318 26097252 17071
46965479 19290902 26236204 17156
47214564 19392450 26375011 17241
47463659 19493967 26513785 17326
47712406 19595456 26653034 17411
47960987 19696921 26792226 17496
48209629 19798355 26931399 17581
48458128 19899785 27070569 17666
48706298 20001183 27210104 17751
48954614 20103126 27349539 17836
49202844 20205065 27488963 17921
49450738 20306969 27628214 18006
49698686 20408780 27767312 18006
49948077 20510515 27906428 18091
50197364 20612238 28045687 18176
50446697 20713903 28185296 18261
50695775 20815524 28324791 18346
50944556 20917132 28464192 18431
51193262 21018691 28603374 18515
51441970 21120203 28742857 18515
51691915 21222254 28882344 18598
51941799 21324244 29022339 18680
52191498 21426154 29162247 18760
52441044 21528002 29302462 18840
52690407 21630342 29442579 18920
52941001 21732625 29582464 19000
53191344 21834802 29722204 19080
53441417 21936863 29861717 19161
53691210 22038747 30000943 19243
53935171 22138246 30137377 19243
54178533 22238225 30273680 19325
54423723 22338365 30410077 19407
54669375 22438624 30546669 19489
54911984 22537730 30681800 19655
55156815 22637902 30818325 19741
55404591 22739254 30956512 19828
55654826 22841719 31096249 19828
55907477 22945178 31237427 19915
56162477 23049497 31380427 20002
56419340 23154577 31524585 20089
56677894 23260334 31669689 20176
56938054 23366651 31815390 20263
57199559 23473493 31962314 20350
57462230 23581403 32109937 20438
57726354 23689739 32258095 20529
57991430 23797886 32406351 20714
58257264 23906314 32631418 20809
58524055 24015036 32780631 20809
58790772 24124031 32930010 20904
59057961 24233235 33153331 20999
59325658 24342667 33304065 21094
59594042 24452261 33455150 21189
59862992 24562625 33606351 21283
60133968 24673127 33757611 21377
60405658 24783704 33909034 21471
60677387 24894324 34060502 21566
60948999 25004997 34212050 21661
61220471 25115735 34364175 21756
61492117 25226529 34516576 21851
61763900 25337347 34668885 21946
62035780 25448196 34821134 22041
62308049 25559076 34973464 22136
62580339 25669995 35125650 22136
62851967 25780929 35278171 22231
63123751 25891868 35430886 22326
63395612 26002798 35583703 22421
63939959 26114336 35736444 22516
64214068 26225887 35888852 22611
64214068 26337373 35965766 22707
64487162 26448496 36116863 22802
64756282 26558291 36266891 22897
65025142 26668089 36417220 22992
65294448 26777989 36568404 23087
65564191 26888005 36719688 23182
65834268 26998134 36944843 23277
66104920 27108378 37022630 23277
66375754 27218722 37247943 23373
66646110 27329141 37399883 23468
66916594 27439625 37551931 23562
67461191 27550750 37704193 23656
67733739 27661955 37856387 23750
68006628 27773167 38009007 23844
68006628 27884368 38161697 23938
68279415 27995557 38314275 24032
68551521 28106746 38466728 24032
69096088 28329110 38619779 24125
69368527 28440845 38772791 24218
69640964 28440845 38925709 24311
69915158 28552573 39078498 24404
70189336 28664229 39231287 24497
70462881 28887388 39383907 24590
70736240 28887388 39537169 24683
71009905 28998919 39690382 24776
71283516 29110390 39843566 24869
71557103 29221815 39996591 24962
71830841 29333227 40149557 25056
72103788 29444614 40302465 25151
72376725 29555978 40455289 25246
72649648 29667325 40608416 25341
72922940 29778676 40761756 25438
73196391 29889993 40914679 25536
73469695 30001295 41067426 25536
73742302 30223864 41220111 25635
73742302 30335705 41373150 25732
74287776 30447526 41526416 25830
74562007 30447526 41679557 25928
74836568 30559272 41832573 26026
75111001 30782572 41985527 26124
75111001 30782572 42062711 26222
75384595 30894089 42288328 26320
75654865 31004365 42365290 26419
75924965 31114589 42516449 26737
