174946 154786 108511 1767
586062 244178 353182 1767
1063945 442371 558468 1767
1325964 550171 708325 1767
1601131 662661 947952 1767
1889564 779324 1112997 1767
2494857 1024186 1366472 1767
2809588 1150812 1542569 1767
3101222 1268870 1705913 1767
3390080 1385787 1867559 1767
3685723 1505672 2033458 1767
3989692 1628755 2203723 1767
4288068 1749717 2370871 1767
4288068 1749717 2453982 1767
4579668 1867989 2616054 1767
4865629 1983793 2694657 3183
5148110 2096967 2852062 3183
5423079 2208226 3006235 3183
5695663 2317315 3158068 3183
5964780 2424985 3307871 3183
6230783 2531434 3455975 3183
6492855 2531434 3603618 3183
6751095 2636320 3749964 3183
7008679 2740804 3823605 3183
7008679 2845043 3967136 3183
7266375 2948050 4109814 3183
7522466 3050314 4251597 3183
7774824 3152516 4392587 3183
8025531 3254161 4532920 3183
8275166 3355258 4672582 3183
8523898 3455862 4811745 3183
8774033 3555516 4951200 3183
9023528 3654315 5090726 4435
9270680 3752851 5158366 4435
9515695 3850667 5296453 4435
9761184 3949546 5433521 4435
10006211 4048791 5570508 4435
10250990 4147890 5707381 4435
10496502 4246787 5844323 4435
10741298 4345908 5981197 4435
10986949 4444854 6118257 4435
11233874 4543499 6255500 4435
11479789 4642545 6392764 4435
11726860 4741290 6530276 4435
11973442 4839849 6667554 4435
12217968 4938889 6804571 4435
12462177 5037767 6941456 4435
12705947 5136465 7078065 5541
12950060 5235254 7215043 5541
13189296 5331176 7348444 5541
13428035 5426905 7481625 5541
13665394 5522801 7616014 5541
13902955 5619319 7751192 5541
14142255 5716586 7885542 5541
14383544 5813349 8019930 5541
14624417 5910708 8154621 5541
14865117 6008534 8289656 5541
15107728 6105820 8424865 5541
15350339 6203026 8560193 5541
15593633 6300230 8695408 5541
15836642 6397452 8830774 5541
16079287 6494659 8966017 6409
16321849 6591847 9101276 6409
16561453 6689075 9235641 6409
16800790 6786352 9369887 6409
17040366 6883604 9504290 6409
17279972 6980863 9638732 6409
17519553 7078133 9773187 6409
17761197 7174861 9907834 6409
18002802 7271545 10042541 6409
18245097 7368283 10177219 6409
18487318 7465101 10312136 7178
18729279 7561951 10446959 7178
18969193 7658695 10581885 7178
19210032 7756360 10718139 7178
19452302 7854658 10854135 7178
19696469 7952395 10990219 7178
19940561 8050035 11126248 7178
20184364 8147635 11262193 7178
20428083 8245165 11398130 7178
20669919 8343260 11534042 7178
20913009 8441292 11670119 7862
21158048 8538539 11806030 7862
21401517 8635730 11941535 7862
21644798 8732385 12077512 7862
21886062 8829652 12213821 7862
22128395 8928002 12349742 7862
22370941 9026358 12485692 7862
22613109 9124477 12621409 7862
22851700 9221232 12755160 8406
23090382 9317886 12888932 8406
23327865 9414072 13022034 8406
23565263 9510314 13155297 8406
23805550 9606120 13288604 8406
24046065 9701979 13422185 8406
24286776 9797847 13556472 8406
24528485 9894414 13690987 8891
24767361 9991757 13825128 8891
25006380 10088628 13959060 8891
25245516 10185498 14093045 8891
25484791 10282419 14227109 8891
25724293 10379386 14361444 9326
25966245 10475812 14495619 9326
26206937 10571749 14629300 9326
26447582 10667801 14763063 9326
26686649 10764608 14896830 9326
26925465 10861506 15031206 9717
27165829 10958888 15165887 9717
27404699 11055754 15299759 9717
27643902 11152591 15433750 9717
27883172 11249470 15567974 9717
28122573 11346360 15702139 9717
28364524 11442760 15836475 10070
28606663 11539218 15970914 10070
28847355 11635078 16105059 10070
29088393 11732091 16240390 10070
29330760 11830300 16376235 10388
29573411 11928545 16512292 10388
29814437 12026195 16647442 10388
30055213 12123753 16782449 10388
30297904 12220716 16917707 10677
30540550 12317634 17052863 10677
30782159 12414066 17187125 10677
31023883 12510413 17322132 10677
31265234 12606851 17458408 10940
31506718 12703399 17594754 10940
31746598 12800596 17729423 10940
31986191 12897867 17863877 11161
31986191 12897867 17998455 11161
32226048 12995044 18129651 11161
32459850 13089881 18196615 11364
32693707 13184731 18327314 11364
33159929 13373652 18521773 11364
33397556 13469715 18654669 11551
33638248 13567051 18789430 11551
33880105 13664980 18924925 11725
34124751 13763924 19062068 11725
34370179 13863246 19199634 11889
34617726 13963426 19338347 11889
34865924 14063833 19477533 12044
35115746 14164922 19617669 12044
35365774 14266107 19757829 12190
35617583 14367902 19898973 12190
35869360 14469724 20040033 12329
36122586 14572050 20181860 12329
36377186 14674356 20323984 12461
36634628 14776895 20467147 12587
36891713 14879365 20610207 12587
37149433 14982915 20754289 12708
37406412 15086750 20898421 12826
37662832 15190411 21042246 12826
37920311 15294365 21186619 12940
38177434 15398148 21330583 13051
38433960 15501722 21474194 13051
38693438 15605110 21618103 13159
38952395 15708332 21762141 13265
39209163 15811959 21905862 13369
39465434 15915410 22049325 13472
39721165 16018685 22192454 13575
39976291 16121816 22335647 13575
40232783 16225333 22478743 13678
40489041 16328757 22622079 13780
40744708 16432028 22765118 13882
41000149 16535115 22907992 13983
41255176 16638057 23050624 14083
41509749 16740896 23192985 14083
41764157 16844128 23335695 14182
42019704 16947301 23478627 14280
42274541 17050219 23621154 14376
42525063 17151416 23761265 14471
42775090 17252496 23901062 14566
43024991 17353640 24040824 14661
43275218 17454821 24180785 14756
43525584 17556067 24320821 14851
43775934 17657363 24460893 14851
44026652 17758719 24601625 14946
44278897 17860687 24742393 15041
44531168 17962735 24883581 15135
44783553 18064758 25024857 15229
45035727 18166755 25166019 15323
45287655 18268721 25307049 15416
45539608 18370603 25448088 15509
45791491 18472487 25589088 15602
46043174 18574353 25729950 15695
46295099 18676227 25870950 15695
46548646 18778687 26012443 15787
46802043 18881143 26154313 15878
47055523 18983525 26296219 15969
47308739 19085869 26437979 16060
47561651 19188155 26579565 16151
47814631 19290371 26721164 16241
48067403 19392514 26862623 16330
48320064 19494640 27004466 16419
48572792 19596700 27146335 16419
48826948 19699323 27288122 16508
49080970 19801926 27430201 16597
49335016 19904434 27572323 16686
49588887 20006890 27714349 16776
49842436 20109301 27856200 16866
50095988 20211641 27998050 16956
50349279 20313949 28139748 17046
50602198 20416218 28281239 17136
50855228 20518437 28422800 17226
51108165 20620611 28564304 17316
51360666 20722732 28705580 17406
51613234 20824789 28846883 17496
51865597 20926806 28988081 17586
52117633 21028794 29129113 17676
52369742 21130714 29270167 17766
52617603 21231006 29408842 17855
52865125 21331266 29547345 17944
53113097 21431643 29686116 17944
53361285 21532143 29824999 18033
53609701 21633381 29964465 18121
53857191 21733693 30102639 18209
54107224 21835047 30242672 18297
54360027 21937527 30384450 18386
54615426 22040990 30527657 18476
54872782 22145279 30746212 18566
55132251 22250364 30892248 18656
55393786 22356138 31039092 18746
55656905 22462549 31186697 18836
55921300 22569560 31335144 18927
56187152 22677044 31484321 19018
56454409 22785043 31634033 19110
56722676 22893457 31784262 19203
57262704 23002256 32008473 19297
57533668 23111429 32160179 19391
57804644 23330477 32312435 19486
58077871 23440854 32464997 19581
58351710 23551467 32617825 19677
58624370 23662226 32770752 19774
58899336 23773026 32923953 19871
59174840 23883963 33077131 19968
59451725 23994971 33231446 20065
59728072 24106427 33386415 20162
60004604 24217938 33541385 20259
60281297 24329478 33696293 20356
60557855 24440984 33850972 20453
60834666 24552486 34005532 20550
61110878 24664002 34160362 20550
61387138 24775461 34315160 20744
61663280 24886912 34469802 20744
61939823 24998370 34624490 20842
62216534 25109858 34778888 20940
62492714 25221319 34933490 21038
62768793 25333378 35088836 21135
63045232 25444873 35244200 21233
63323622 25556560 35399232 21331
63599837 25667381 35553238 21428
63877569 25778040 35707465 21525
64153241 25889304 35861985 21622
64428937 26000646 36016502 21719
64704726 26112033 36170946 21817
64980989 26223413 36325451 21915
65257359 26334822 36479730 21915
65533122 26446243 36634259 22013
65809064 26557670 36788862 22111
66085505 26669099 36943688 22209
66362280 26780604 37098532 22307
66639054 26892131 37253652 22405
66917218 27003654 37409052 22503
67196214 27116159 37565504 22600
67475119 27228656 37721768 22697
67753913 27341095 37877786 22794
68034056 27453447 38034009 22794
68315699 27565606 38190411 22890
68595048 27678242 38347409 22985
68875565 27791410 38504136 23080
69156116 27904447 38660666 23175
69436545 28017376 38817288 23269
69716031 28130157 38973901 23362
69995141 28242782 39130288 23455
70274270 28355242 39286586 23455
70553373 28467636 39442718 23548
70833766 28580020 39599395 23640
71114547 28693258 39756461 23732
71393841 28805848 39913330 23826
71672943 28918334 40069607 23922
71951820 29030726 40225574 24019
72232332 29142488 40381348 24116
72510788 29254709 40537859 24213
72788914 29366947 40694131 24311
73066975 29479123 40850176 24409
73348341 29591817 41006563 24507
73631172 29704329 41163519 24605
73911633 29817270 41320394 24702
74191584 29930141 41477043 24800
74471489 30042839 41633547 24898
74747799 30154143 41787960 24996
75023201 30265348 41942154 24996
75298594 30376545 42096320 25094
75574290 30487740 42250629 26698
