117347 90938 92668 1314
380974 138290 183930 1314
628585 245350 322916 1314
777528 372611 499633 1314
1119026 444885 600843 1314
1307994 602405 822693 1314
1718731 687502 942112 1314
1938499 776274 1066552 1314
2165599 868295 1258555 1314
2399857 1060641 1392763 1314
2640825 1160343 1530267 1314
2865602 1253627 1657676 2380
3314475 1345580 1848479 2380
3546588 1439214 1977682 2380
3784723 1535353 2110505 2380
4029382 1633764 2246643 2380
4273434 1734299 2383812 2380
4516745 1833516 2520030 2380
4759644 1932328 2655825 2380
5001918 2030868 2791339 2380
5243733 2129187 2926621 2380
5485492 2227329 3061637 2380
5726857 2325310 3196506 2380
5967915 2423127 3331270 3326
6208869 2520818 3465937 3326
6448674 2617848 3600216 3326
6688643 2714775 3733998 3326
6928302 2811630 3868256 3326
7167629 2908478 4002946 3326
7407000 3005282 4136980 3326
7645989 3102025 4270811 3326
7884939 3198764 4404124 3326
8124113 3295461 4537822 3326
8363150 3392131 4671638 3326
8602442 3488808 4805622 3326
8842452 3585476 4939617 4165
9082340 3682144 5073696 4165
9320815 3778289 5207293 4165
9559051 3874426 5341367 4165
9797185 3970622 5474950 4165
10035687 4066862 5607956 4165
10274264 4163160 5741486 4165
10512885 4259490 5875137 4165
10751784 4355856 6008833 4165
10990983 4452231 6142588 4165
11230565 4548632 6276844 4165
11470095 4645105 6411205 4909
11707954 4741612 6545509 4909
11945921 4837589 6678837 4909
12183939 4933568 6811613 4909
12422344 5029618 6876925 4909
12655898 5125839 7010456 4909
12889882 5220116 7141159 4909
13124610 5314465 7338802 4909
13359805 5409065 7470688 4909
13595192 5503954 7603253 5499
13829631 5599044 7734975 5499
14064517 5693783 7865943 5499
14299844 5788704 7997659 5499
14536618 5883841 8129775 5499
14773619 5979194 8262198 5499
15011048 6074704 8395342 5499
15248485 6170377 8529094 6025
15485999 6266195 8662009 6025
15722460 6361589 8794399 6025
15959064 6457082 8926431 6025
16195921 6552725 9059170 6025
16433902 6648500 9192218 6025
16672181 6744413 9325474 6496
16910679 6840402 9459313 6496
17147687 6935964 9593235 6496
17384704 7031638 9726367 6496
17622269 7127424 9859339 6496
17859917 7223281 9991891 6496
18097551 7319238 10125018 6919
18336304 7415306 10257867 6919
18573458 7510905 10390467 6919
18810873 7606587 10523571 6919
19048365 7702424 10657463 6919
19285967 7798391 10790956 6919
19523996 7894455 10924266 7300
19760549 7990556 11056737 7300
19997284 8086197 11189342 7300
20235247 8181924 11322134 7300
20473379 8277796 11455250 7300
20711916 8373784 11588599 7643
20949004 8469849 11722045 7643
21186054 8565507 11855596 7643
21423541 8661206 11988641 7643
21661205 8757008 12121565 7953
21900004 8853371 12186761 7953
22135127 8949251 12319779 7953
22370022 9043862 12450983 7953
22605566 9138575 12582365 8210
22841371 9233507 12781323 8210
23076039 9328150 12913515 8210
23311369 9422976 12977489 8444
23547014 9518017 13109352 8444
23781785 9612749 13240716 8444
24017701 9707676 13372427 8659
24254035 9802848 13504479 8659
24489363 9897674 13703955 8659
24724878 9992692 13836787 8857
24960663 10087849 13901035 8857
25195702 10182658 14032663 8857
25430887 10277631 14164443 9040
25667463 10372799 14296608 9040
25903131 10467664 14428291 9210
26138961 10562708 14560440 9210
26373833 10657426 14692183 9369
26373833 10752325 14824044 9369
26843100 10846908 14955373 9519
27077861 10941688 15086826 9519
27312095 11036160 15217724 9661
27312095 11130868 15349136 9661
27781170 11225279 15480132 9796
27781170 11319942 15611772 9796
28015460 11414315 15742816 9924
28249024 11508892 15874013 10047
28481575 11603136 16004657 10047
28714504 11697077 16134805 10167
28947392 11791310 16265431 10282
29179383 11885235 16395747 10282
29412091 11978910 16525718 10394
29643994 12072884 16656193 10502
29875078 12166643 16786171 10502
30107167 12260138 16915667 10608
30339050 12353436 17045408 10711
30570472 12447080 17175330 10811
30802470 12540586 17305132 10811
31033762 12540586 17434506 10908
31264981 12634017 17499660 11002
31491350 12726083 17627950 11094
31719381 12817936 17754455 11094
31946955 12910274 17880779 11186
32174027 13002590 18008514 11277
32400957 13094302 18134829 11367
32625681 13277817 18322007 11457
32853475 13371657 18451090 11547
33083546 13465878 18582447 11637
33315379 13560696 18714740 11726
33787213 13656634 18846994 11815
34026061 13752670 18980469 11815
34266265 13849876 19114993 11904
34507392 13948241 19250675 11993
34507392 14047018 19386929 12082
34747981 14146352 19453482 12168
34977028 14243952 19583366 12254
35208138 14343427 19777761 12341
35694972 14445869 19984070 12430
35948554 14550452 20124293 12521
36207454 14765033 20267080 12614
36470816 14874623 20413309 12707
36738892 14985560 20562207 12800
37010587 15097655 20788830 12893
37285126 15210750 20943992 12987
37562382 15324745 21100803 13082
38127436 15439585 21259029 13177
38414246 15555142 21499956 13273
38702317 15671312 21661402 13370
38990710 15788062 21822778 13470
39280414 15905346 21985324 13571
39573217 16023061 22149235 13672
39866775 16141134 22313333 13774
40161584 16259540 22477300 13876
40457390 16378271 22642364 13978
40753534 16497258 22808549 14080
41050485 16616464 22974174 14182
41348500 16736541 23140743 14284
41646590 16856827 23307477 14387
41945061 16977246 23473167 14489
42240129 17096363 23638073 14590
42531606 17214238 23802302 14590
42824266 17332258 23966270 14691
43119496 17450600 24131276 14792
43415362 17569266 24296896 14894
43712017 17688223 24462829 14996
44009835 17807444 24629688 15098
44307676 17926854 24796351 15200
44606019 18046476 24962655 15302
44904801 18166242 25129977 15404
45203681 18286161 25297508 15506
45503538 18406229 25465216 15608
45803706 18527064 25634203 15709
46103968 18648029 25802861 15809
46406465 18769034 25972383 15809
46708786 18890047 26142350 15909
47011691 19011105 26311266 16009
47314835 19132182 26481300 16109
47617639 19253265 26650532 16209
47920698 19374365 26820444 16309
48223420 19495452 26991344 16408
48526637 19617176 27161489 16507
48829930 19738937 27331692 16607
49132650 19860638 27502145 16707
49435387 19982234 27672354 16810
49737839 20103747 27843308 16913
50040742 20225261 28013147 17016
50344005 20346779 28184030 17120
50646830 20468287 28353849 17224
50949679 20589748 28524404 17328
51252598 20711152 28694802 17432
51557216 20832499 28864848 17432
51861848 20953807 29035372 17536
52165829 21075071 29204616 17640
52469714 21196293 29374801 17743
52773370 21317449 29544857 17846
53077290 21438599 29714678 17948
53381150 21560362 29885986 18050
53684488 21682126 30056082 18152
53987993 21803831 30227128 18254
54291598 21925429 30396801 18356
54591476 22045590 30565191 18458
54893108 22165708 30734102 18458
55194577 22285937 30901968 18560
55496210 22406250 31070921 18662
55798599 22526610 31240288 18764
56100517 22647064 31408626 18866
56402693 22767576 31577577 18968
56704376 22888135 31746547 19070
57006203 23008739 31915759 19174
57308791 23129433 32085431 19278
57610901 23250206 32253881 19382
57912989 23370982 32422991 19485
58214763 23492389 32592613 19588
58516479 23613769 32762712 19691
58818951 23735125 32933383 19794
59121220 23856487 33102827 19897
59423669 23977866 33272980 20000
59728008 24099240 33443042 20103
60031789 24220587 33613077 20206
60336009 24341882 33783634 20206
60639807 24463155 33952935 20309
60943538 24584428 34122877 20412
61247372 24705660 34292777 20515
61550638 24826874 34462759 20618
61854575 24948074 34633264 20721
62158018 25069284 34802493 20824
62461411 25190452 34972441 20926
62765124 25312230 35142848 21028
63068280 25433986 35313758 21130
63372081 25555666 35485208 21233
63675545 25677323 35655352 21336
63978953 25798948 35826029 21440
64282525 25920537 35996599 21544
64585428 26042094 36167172 21649
64888982 26163587 36338152 21754
65193886 26285072 36507934 21861
65497226 26406552 36678259 21968
65800666 26528017 36848506 22075
66103639 26649484 37018906 22075
66408538 26770857 37187639 22182
66708114 26890328 37354669 22288
67007461 27009772 37522379 22394
67307264 27129350 37689404 22500
67606954 27249092 37857212 22605
67907501 27369601 38024881 22710
68205761 27489103 38191512 22816
68506573 27609668 38360550 22923
68810559 27854123 38532406 23030
69117019 27977852 38704652 23137
69426331 28102471 38879348 23244
69739810 28227853 39054717 23351
70054614 28353902 39231432 23458
70371052 28480493 39408723 23565
70688315 28607601 39674361 23565
71007473 28735201 39765772 23779
71327316 28863839 40033269 23887
71648369 28992862 40213425 23995
71969958 29122151 40393921 23995
72292542 29251654 40574862 24103
72938805 29381336 40756540 24211
73263246 29511179 40939243 24318
73589822 29641160 41122539 24425
73916864 29771261 41305567 24532
74243886 29901497 41489050 24639
74571180 30031843 41672265 24746
74898194 30162254 41855549 24853
75225148 30292762 42039293 24960
75552897 30423333 42222887 25068
75880599 30553974 42406752 25176
76208519 30684648 42590321 29604
