128217 47190 62491 0
299972 144712 162295 0
528970 257083 321574 1448
832695 393396 459272 1448
1197412 471004 678193 1448
1400286 554201 791394 1448
1593613 714472 901541 1448
1991921 799215 1135017 1448
2208559 888672 1260642 1448
2436280 982518 1392631 1448
2667552 1080262 1526516 1448
2901247 1177547 1659693 1448
3137107 1275193 1792187 1448
3374783 1372782 1924309 1448
3613044 1470299 2057130 1448
3849736 1567768 2190596 1448
4087666 1665175 2324776 2607
4327192 1762543 2458997 2607
4566792 1859916 2592314 2607
4804984 1956696 2725125 2607
5042993 2053490 2857813 2607
5280915 2150306 2990136 2607
5519127 2247149 3123126 2607
5755884 2344032 3256820 2607
5992951 2440931 3390860 2607
6232620 2537816 3525279 2607
6472491 2634741 3659327 2607
6712616 2731693 3793320 2607
6952600 2828705 3927174 2607
7192463 2925751 4060999 2607
7432415 3022806 4194470 2607
7672334 3119883 4328383 3633
7910659 3216962 4462440 3633
8147411 3314000 4596058 3633
8386346 3410480 4730269 3633
8625834 3506940 4864127 3633
8865230 3603508 4997816 3633
9104551 3700150 5131415 3633
9343882 3796851 5265017 3633
9583272 3893638 5398171 3633
9822535 3990453 5531818 3633
10061792 4087232 5665580 3633
10301031 4184042 5799446 3633
10541098 4280875 5933915 3633
10781155 4377756 6068762 3633
11021148 4474681 6203140 4439
11261415 4571715 6268557 4439
11496521 4666909 6400088 4439
11731560 4762136 6531534 4439
11967264 4857542 6663415 4439
12201594 4953099 6863047 4439
12438666 5048726 6995846 4439
12676043 5144528 7129242 4439
12913558 5240492 7262276 4439
13151394 5336581 7395265 4439
13389226 5432797 7459980 5153
13627006 5529130 7592918 5153
13863679 5624966 7725318 5153
14100216 5720929 7925131 5153
14337919 5816978 8058298 5153
14575885 5913155 8192220 5153
14814085 6009485 8325812 5153
15052641 6105908 8459367 5153
15291224 6202415 8592800 5153
15529693 6299020 8657750 5788
15768606 6395688 8791478 5788
16005989 6491848 8992080 5788
16243661 6588057 9125327 5788
16481979 6684361 9259552 5788
16720542 6780788 9393449 5788
16959369 6877297 9527271 5788
17198143 6973892 9660984 5788
17437010 7070582 9726055 6354
17676109 7167317 9859912 6354
17913852 7264108 9993074 6354
18151386 7360383 10193939 6354
18389971 7456651 10327505 6354
18628567 7552998 10461906 6354
18867515 7649442 10595934 6354
19106400 7746005 10729799 6859
19345345 7842673 10794867 6859
19583045 7939401 10927996 6859
19820792 8035668 11061103 6859
20058673 8131941 11194288 6859
20296750 8228254 11395436 6859
20535391 8324647 11461129 6859
20774192 8421047 11594915 7266
21009124 8516079 11726598 7266
21242522 8610655 11857354 7266
21476388 8705414 11988308 7266
21710843 8800436 12119548 7266
21945722 8895688 12251075 7631
22181938 8991143 12383008 7631
22416974 9086196 12514674 7631
22652340 9181447 12646693 7631
22888114 9276956 12778830 7631
23124153 9372697 12910981 7960
23360727 9468576 13043406 7960
23595932 9564046 13175145 7960
23832025 9659624 13307116 7960
24068700 9755363 13439552 8258
24305641 9851251 13572386 8258
24541453 9946713 13704666 8258
24777612 10042353 13837004 8258
25013960 10138176 13969358 8529
25250797 10234132 14101934 8529
25486352 10329698 14233924 8529
25722908 10425334 14366026 8776
25959773 10521127 14498758 8776
26195394 10617101 14630932 8776
26431431 10712662 14763295 9002
26667836 10808352 14895739 9002
26904502 10904219 15027421 9002
27140020 10999669 15159407 9210
27376318 11095255 15291706 9210
27611913 11190969 15423564 9210
27847667 11286317 15555883 9403
28083705 11381853 15688392 9403
28318745 11476987 15820204 9582
28553943 11572310 15952006 9582
28789602 11667827 16083180 9582
29024302 11762967 16214800 9749
29259816 11858266 16346612 9749
29494509 11953220 16478368 9905
29729367 12048413 16610302 9905
29963027 12143284 16677603 10044
30197229 12238361 16807549 10044
30426192 12331834 16998369 10174
30655700 12424930 17126997 10174
30885305 12517801 17192208 10298
31113623 12610199 17321402 10298
31343868 12703400 17513514 10416
31577546 12798143 17643768 10530
31812938 12893714 17775886 10641
32050543 12989924 17977126 10641
32291009 13087373 18113375 10749
32532824 13185375 18249798 10854
32775439 13283764 18386428 10957
33020209 13383143 18523693 10957
33265563 13482798 18661558 11059
33511289 13682704 18799533 11160
33757297 13783490 18937659 11260
34003811 13884429 19076388 11260
34252057 13985455 19215246 11358
34500707 14086503 19354256 11454
34749422 14188219 19493783 11550
34998327 14289971 19633341 11645
35248165 14391721 19773418 11645
35499388 14493477 19914428 11738
36001733 14595170 20055025 11829
36254367 14697459 20195563 11918
36506812 14799753 20336495 12006
36759282 14901974 20477366 12006
36759282 15004142 20618659 12093
37263478 15106230 20760310 12180
37515343 15208845 20901427 12266
37768498 15311426 21042404 12352
38021383 15413910 21183698 12437
38274223 15516295 21325277 12521
38526668 15618595 21466782 12521
38526668 15720813 21607702 12605
38778748 15822915 21748877 12689
39030803 15925574 21890452 12773
39282586 16028184 22031487 12857
39534090 16130664 22172332 12941
39785637 16232859 22312954 13025
40036480 16333574 22452294 13109
40283288 16434179 22590555 13193
40530175 16534882 22729151 13277
40778822 16635704 22868486 13361
41027636 16736602 23008481 13445
41276794 16837559 23148558 13529
41525936 16938569 23288542 13613
41775002 17039633 23428477 13697
42024246 17140739 23568356 13781
42273410 17241882 23708142 13781
42522606 17343064 23847940 13865
42772002 17444292 23987721 13949
43021272 17545559 24127390 14033
43270501 17646836 24267050 14117
43519836 17748146 24406703 14201
43769181 17849454 24546200 14285
44018352 17951323 24685641 14369
44267577 18053223 24825123 14453
44516791 18155075 24964526 14537
44767473 18256861 25103962 14621
45018294 18358640 25243943 14705
45269066 18460814 25383859 14791
45520988 18562961 25524112 14878
45772810 18665063 25664821 14965
46024461 18767126 25805508 15052
46275964 18869139 25946539 15139
46527354 18971118 26087143 15229
46778511 19073055 26227130 15319
47029558 19175366 26367915 15409
47281841 19277652 26509511 15409
47534107 19379818 26651438 15498
47786374 19481885 26792854 15587
48038537 19584497 26934136 15676
48290664 19687071 27075244 15765
48794881 19789553 27216265 15854
49048030 19891945 27357167 15943
49048030 19994243 27498332 16031
49301141 20096444 27639840 16031
49553774 20198585 27781232 16118
49806017 20301121 27922355 16204
50058008 20402063 28062197 16288
50306867 20502908 28200389 16372
50555262 20603813 28339311 16372
50803898 20704785 28478890 16455
51052579 20704785 28619009 16537
51301374 20905826 28758108 16619
51547957 21007488 28897407 16701
52048568 21110309 29038141 16783
52304620 21214081 29180317 16865
52562823 21318702 29323804 16947
52822865 21424083 29468853 17029
53084851 21530111 29614893 17111
53348373 21636756 29762932 17193
53613206 21743940 29911397 17275
53879448 21851580 30060364 17357
54145890 21959630 30282853 17440
54412998 22068075 30432993 17524
54681000 22176867 30583597 17610
54949843 22285930 30734785 17696
55219364 22395253 30886309 17784
55489236 22504806 31037711 17872
55760036 22614545 31189254 17960
56031223 22724475 31341093 18049
56302735 22834601 31493153 18138
56574194 22944882 31645438 18229
56846138 23055283 31798195 18320
57118386 23165772 31951176 18411
57391117 23276356 32103901 18502
57664292 23387010 32256654 18593
57937620 23498338 32409601 18684
58210498 23609767 32562686 18775
58483510 23721196 32715890 18866
58756859 23832601 32869501 18957
59032106 23944035 33023089 18957
59307570 24055480 33176344 19138
59583313 24166920 33330517 19230
59858438 24278367 33484045 19230
60133336 24389825 33637587 19322
60408125 24501279 33792192 19414
60683260 24612717 33946167 19506
60957729 24723861 34098260 19597
61229015 24833799 34250272 19688
61499631 24943696 34402345 19780
61770673 25053723 34554775 19873
62041958 25163911 34707427 19966
62313655 25274236 34860307 20059
62586030 25385294 35012910 20152
62858827 25496454 35165790 20244
63133416 25607675 35318723 20244
63407682 25718927 35471809 20336
63682123 25830186 35626105 20427
63956680 25941481 35780653 20519
64231413 26052803 35934735 20611
64506633 26164120 36088815 20704
64781746 26275450 36242974 20797
65056197 26386805 36397134 20890
65330669 26498141 36551414 20982
65605332 26610074 36705749 21074
65880144 26722013 36859797 21166
66155079 26833902 37013747 21258
66430356 26945741 37167717 21351
66704937 27057548 37321894 21444
66981006 27169317 37476215 21537
67257019 27280965 37629919 21537
67533145 27392451 37783568 21630
67809040 27503940 37938211 21722
68084439 27615455 38092965 21814
68359569 27726929 38247735 21906
68634989 27838346 38402748 21998
68910470 27949778 38557290 22090
69186075 28061820 38711762 22182
69463660 28173868 38866215 22276
69739156 28285884 39020895 22370
70015973 28397849 39175647 22464
70292706 28509764 39329889 22464
70569652 28621577 39483996 22557
70846383 28733322 39638788 22650
71122622 28845059 39794032 22743
71398507 28956742 39949289 22836
71674398 29068334 40104444 22929
71950189 29179887 40257438 23021
72222585 29290136 40410087 23113
72495147 29400939 40562831 23205
72767162 29511884 40715838 23297
73039372 29622910 40869014 23389
73311643 29733978 41022115 23482
73584457 29845034 41175062 23575
73859217 29956109 41328154 23668
74134348 30067235 41481338 23761
74409347 30178411 41634655 23761
74683923 30289598 41788318 23855
74958527 30400831 41942581 23949
75233174 30512096 42096870 24043
75508221 30623353 42251134 24137
75783375 30734601 42405545 24231
76057935 30845847 42559977 26452
