51001 27666 7412 1087
76701 88428 17697 1087
136765 127950 39045 1087
210661 167999 82206 1087
373973 249986 161436 1087
571931 293953 291614 2438
805095 390899 430898 2438
937796 504586 509716 2438
1233649 567238 635513 2438
1378157 627774 759620 2438
1523325 752887 844079 2438
1839023 820530 932896 2438
2009791 891343 1123904 2438
2187114 964996 1225794 2438
2371222 1119860 1330762 2438
2757917 1200552 1492932 2438
2959055 1283124 1605397 2438
3163854 1367336 1720403 2438
3373094 1453013 1898142 2438
3585202 1539974 2017797 3513
3799945 1628050 2138673 3513
4018096 1717144 2260853 3513
4236849 1806574 2384126 3513
4457633 1987763 2508627 3513
4905952 2079440 2634405 3513
5132978 2171724 2760905 3513
5361260 2264568 2950932 3513
5590886 2357888 3079854 3513
5822272 2451623 3209382 3513
6054720 2545711 3339170 3513
6287704 2640143 3469295 3513
6521274 2734873 3600164 3513
6755776 2829882 3731764 3513
6990920 2925146 3863802 4465
7227418 3020586 3996084 4465
7462864 3115670 4127648 4465
7698473 3210915 4259233 4465
7934591 3306352 4391048 4465
8171013 3401966 4523507 4465
8407952 3497796 4656469 4465
8645290 3593769 4789656 4465
8883252 3689859 4923093 4465
9122067 3786056 5056550 4465
9361053 3882350 5190038 4465
9600081 3978736 5323520 4465
9839415 4075165 5457118 5308
10078782 4171665 5591168 5308
10316711 4267679 5724594 5308
10555044 4363764 5858284 5308
10792996 4459734 5991797 5308
11026597 4553849 6122477 5308
11259282 4648059 6252822 5308
11492604 4742279 6383179 5308
11726662 4836748 6513855 5308
11961210 4931505 6645277 5308
12196475 5026566 6777337 5308
12432546 5121886 6909909 5974
12669791 5217415 7042705 5974
12907761 5313127 7175193 5974
13144459 5408463 7307386 5974
13381291 5503946 7439678 5974
13618643 5599600 7572572 5974
13856373 5695461 7705921 5974
14094592 5791514 7839624 5974
14333265 5887721 7973717 5974
14572668 5984011 8107715 6565
14812349 6080371 8241598 6565
15050538 6176265 8374640 6565
15290154 6272280 8507185 6565
15528708 6368404 8640403 6565
15767393 6464661 8774230 6565
16006334 6561065 8908428 6565
16245657 6657579 9042845 6565
16485058 6754177 9177441 7092
16725543 6850818 9312040 7092
16964750 6946956 9445795 7092
17203936 7043191 9579436 7092
17444972 7139507 9712739 7092
17684582 7235919 9846544 7092
17924073 7332435 9980774 7092
18164072 7429049 10115487 7563
18404243 7525770 10250340 7563
18643231 7622570 10384918 7563
18883000 7718854 10519220 7563
19122836 7815187 10653362 7563
19362946 7911590 10787427 7563
19604558 8008080 10921110 7984
19846081 8104652 11054709 7984
20086201 8201272 11188529 7984
20324748 8297419 11322378 7984
20558779 8391881 11453830 7984
20793098 8486431 11585430 7984
21028143 8581218 11717384 7984
21264486 8676239 11849504 8325
21501205 8771507 11981769 8325
21736749 8866467 12113344 8325
21972767 8961599 12245368 8325
22209278 9056975 12378014 8631
22446413 9152593 12511115 8631
22682519 9247829 12643761 8631
22919537 9343203 12776378 8631
23157055 9438745 12908976 8909
23396252 9534475 13041290 8909
23634188 9629814 13172859 8909
23870970 9725302 13305553 9162
24107936 9821024 13438725 9162
24345391 9916950 13571770 9162
24581784 10012479 13704762 9162
24818990 10108099 13837687 9394
25056913 10203874 13970693 9394
25293470 10299275 14102925 9607
25530078 10394818 14235153 9607
25767147 10490518 14367574 9607
26003194 10585890 14500023 9805
26239580 10681436 14632755 9805
26475149 10777156 14765095 9805
26711537 10872497 14897380 9988
26948587 10967934 15029761 9988
27185757 11063025 15161064 10158
27423023 11158282 15292425 10158
27659319 11253723 15424645 10158
27894609 11348868 15556977 10317
28130279 11444193 15689105 10467
28365721 11539153 15821171 10467
28601396 11634304 15952817 10609
28836268 11729120 16019932 10609
29071393 11824140 16214726 10745
29305438 11918868 16346222 10745
29538856 12013267 16477607 10869
29538856 12107992 16544808 10869
29772808 12200783 16674902 10986
30002521 12200783 16803927 11098
30461372 12386029 16932303 11098
30692021 12478962 17060394 11207
30924671 12573475 17254437 11313
31159251 12668839 17387122 11418
31396166 12764861 17520685 11418
31637804 12862127 17654692 11521
31880817 12959932 17789685 11621
32124502 13058152 17925223 11720
32368876 13157326 18061297 11720
32614212 13256819 18199662 11817
32860235 13356593 18338605 11914
33106800 13456578 18548999 12009
33353944 13557330 18688877 12009
33603038 13658241 18829330 12102
33852558 13759238 18969901 12195
34103876 13860287 19110041 12287
34355167 13962007 19250114 12378
34608045 14063761 19390693 12469
34861077 14165496 19532113 12560
35113565 14267206 19673906 12560
35365764 14369285 19815983 12651
35617960 14471339 19957948 12742
35871693 14573293 20099379 12832
36125673 14675784 20240736 12922
36380784 14778239 20381995 13011
36635435 14880593 20523995 13099
36888214 14982864 20666408 13099
37140631 15085051 20808653 13187
37392773 15187107 20950656 13274
37646439 15289678 21092126 13360
37901574 15392197 21234259 13445
38156424 15494623 21376279 13530
38410701 15596900 21518142 13615
38663268 15699095 21660281 13615
38915398 15801202 21802266 13700
39169082 15903235 21943769 13785
39422757 16005215 22012847 13869
39675720 16107745 22154002 13952
39926287 16210074 22293461 14035
40175193 16310977 22433311 14118
40423933 16411825 22644302 14118
40674928 16512710 22784339 14283
40926554 16613609 22924429 14366
41178024 16714531 23064670 14449
41428358 16815536 23205561 14532
41678568 16916606 23346397 14532
41930349 17017766 23486756 14615
42182276 17118950 23627179 14698
42434074 17220187 23767559 14864
42685813 17321483 23907894 14949
42937616 17422791 24048287 15034
43189214 17524148 24188615 15034
43440784 17625545 24328907 15119
43692449 17726958 24469302 15204
43943964 17828407 24609649 15289
44195424 17929891 24749944 15374
44447051 18031361 24890370 15459
44698545 18133448 25030727 15543
44951430 18235566 25171422 15627
45203105 18337618 25313161 15711
45454533 18439631 25454814 15711
45707378 18541611 25595943 15795
45960371 18643516 25737125 15879
46213189 18745388 25878199 15963
46465851 18847218 26019215 16047
46718521 18949599 26160282 16131
46970982 19051970 26301263 16214
47224871 19154292 26442581 16297
47477400 19256529 26584788 16380
47729520 19358703 26726869 16463
47983040 19460825 26868442 16463
48236680 19562893 27009958 16546
48489900 19664901 27151279 16629
48742893 19766879 27292536 16712
48995872 19868818 27433820 16795
49248644 19970700 27575264 16878
49500760 20073145 27644581 16961
49752880 20175929 27786541 17043
50003975 20278514 27926446 17125
50254730 20379659 28138261 17207
50505619 20480703 28206736 17290
50756492 20581811 28418723 17373
51007382 20682993 28558995 17456
51258538 20784220 28627580 17539
51509619 20885497 28839678 17539
51760626 20986782 28979999 17622
52010422 21088082 29120835 17705
52260014 21189414 29261645 17788
52511123 21290753 29402136 17871
52762537 21392096 29542770 17954
53013974 21494067 29683434 18037
53265424 21596098 29824168 18121
53517068 21698081 29964988 18205
53768640 21800046 30105801 18289
54020203 21902019 30246650 18374
54270520 22003976 30387978 18459
54520857 22105937 30529318 18544
54774609 22207885 30670680 18630
55028589 22309796 30812043 18717
55282449 22411703 30953006 18804
55536143 22513610 31094812 18891
55789739 22615483 31236675 18978
56041837 22717366 31378911 19065
56293805 22819258 31521141 19152
56547563 22921144 31662853 19239
56801186 23022995 31804368 19326
57054513 23124797 31945787 19326
57307706 23226548 32087174 19413
57560757 23328288 32228472 19499
57813609 23430018 32369792 19585
58066579 23532298 32511150 19671
58318034 23634594 32652898 19757
58570980 23736848 32795112 19843
58825671 23839055 32936910 19929
59080344 23941238 33078576 20015
59334764 24043389 33220214 20102
59589059 24145489 33289195 20189
59842906 24247531 33430391 20274
60091378 24347554 33569221 20274
60338315 24447522 33708498 20444
60583293 24546766 33918201 20530
60831016 24647133 34059264 20617
61083408 24748703 34201895 20705
61340247 24851824 34345684 20794
61599220 24955923 34490615 20884
61860177 25060838 34636588 20974
62122782 25272802 34783423 21065
62386838 25379676 34931076 21157
62652486 25487095 35079255 21250
62919356 25594975 35228111 21344
63455001 25703265 35377631 21439
63723539 25811933 35528387 21535
63992895 25920930 35679721 21631
64262430 26030204 35831606 21727
64532864 26139703 35983819 21824
64805379 26249411 36136241 21921
65078510 26359319 36288138 22018
65352473 26469398 36440192 22115
65626924 26580240 36667529 22212
65900174 26691263 36821226 22308
66174613 26802349 36975467 22404
66451017 26913452 37054026 22404
66727820 27024621 37283267 22500
67004786 27135867 37437024 22596
67282107 27247148 37591634 22692
67557856 27358473 37747041 22788
67833177 27469857 37902372 22885
68110266 27581261 38057145 22983
68387663 27692633 38211604 23081
68664983 27803984 38366175 23178
68940801 27915301 38521437 23275
69215955 28027219 38676603 23372
69492878 28139161 38755841 23469
69770074 28251083 38985944 23566
70049039 28362992 39140838 23566
70328185 28474854 39295998 23663
70605119 28586694 39452111 23759
70882806 28698276 39531579 23854
71157344 28808570 39685861 23949
71431953 28918855 39838815 23949
71708406 29029858 40067529 24042
71983793 29141012 40222184 24135
72258522 29252258 40301260 24227
72535161 29363535 40456551 24319
72812069 29474833 40611221 24411
73089155 29586143 40841131 24503
73366529 29697449 40996008 24595
73641867 29809399 41075194 24687
73918743 29921390 41306159 24687
74197322 30033346 41461206 24778
74476206 30145247 41616119 24869
74755053 30257122 41771820 24960
75031744 30368979 41927895 25051
75309961 30480771 42083455 25143
75588356 30592529 42238967 25236
75866588 30704277 42394042 25329
76144784 30815976 42549296 27055
