74862 79731 31079 0
211788 121960 104264 0
411154 213363 229523 1455
656433 264405 376281 1455
796705 379454 459891 1455
1119410 444732 645790 1455
1295847 588847 747742 1455
1462380 659638 845024 1455
1807735 730463 991406 1455
1995482 882592 1095555 1455
2192136 963763 1260653 1455
2390762 1045669 1372286 1455
2593935 1129159 1486196 1455
3012026 1214177 1602371 1455
3224461 1300563 1721420 1455
3439494 1388180 1900950 1455
3657985 1476908 2024225 2626
3878429 1566589 2148320 2626
4100675 1657105 2271969 2626
4324996 1747775 2461229 2626
4551715 1931156 2588654 2626
4778409 2023778 2716254 2626
5008020 2116944 2844496 2626
5239274 2210595 2973719 2626
5472232 2304612 3104341 2626
5704432 2398985 3235594 2626
5937455 2493671 3367028 2626
6172270 2589089 3498777 2626
6409354 2684736 3630869 2626
6647269 2780582 3763323 2626
6885523 2876612 3896518 2626
7124993 2972808 4030698 3662
7363032 3069120 4164895 3662
7600916 3164934 4298497 3662
7837432 3260814 4431134 3662
8075588 3356832 4563672 3662
8313976 3452969 4696425 3662
8552880 3549241 4829457 3662
8791884 3645657 4962862 3662
9032047 3742194 5097245 3662
9271906 3839250 5232661 3662
9511655 3936356 5367996 3662
9751511 4033465 5502665 3662
9992719 4130535 5637065 3662
10233879 4227592 5771387 4578
10474990 4324678 5905325 4578
10714547 4421259 6038833 4578
10954378 4517721 6170975 4578
11193774 4612327 6302096 4578
11428573 4707006 6434181 4578
11662113 4801963 6566515 4578
11895858 4897124 6698809 4578
12130043 4992492 6830753 4578
12366657 5088060 6962886 4578
12603835 5183823 7094906 4578
12841521 5279747 7227735 4578
13080323 5375816 7361707 5300
13319339 5472003 7496166 5300
13557089 5567781 7630173 5300
13793361 5663616 7763160 5300
14031313 5759588 7896107 5300
14269746 5855708 8029182 5300
14508448 5951956 8162447 5300
14747525 6048352 8295587 5300
14987008 6144860 8429649 5300
15227049 6241468 8564678 5300
15467511 6338162 8699360 5940
15707822 6434897 8833406 5940
15946477 6531137 8966936 5940
16185254 6627431 9100397 5940
16423958 6723819 9233856 5940
16662882 6820284 9367508 5940
16902232 6916852 9500995 5940
17141675 7013516 9635271 5940
17382146 7110268 9770484 6510
17622770 7207075 9905864 6510
17861609 7303320 10040240 6510
18100645 7399645 10174040 6510
18339580 7496062 10307649 6510
18578479 7592535 10441273 6510
18817729 7689099 10575072 6510
19057169 7785770 10708648 6510
19296934 7882530 10842868 7018
19537614 7979277 10977515 7018
19776680 8075536 11111704 7018
20016016 8171829 11245798 7018
20255155 8268215 11379621 7018
20494058 8364592 11512396 7018
20729822 8459762 11644241 7018
20965555 8555015 11776144 7426
21201745 8650486 11907559 7426
21436960 8745608 12039441 7426
21673204 8840901 12172544 7426
21910232 8936393 12305579 7426
22147374 9032041 12438530 7791
22384742 9127833 12571505 7791
22622467 9223247 12704179 7791
22859090 9318809 12836617 7791
23096093 9414573 12968917 7791
23333969 9510518 13102229 8120
23572389 9606638 13236673 8120
23811368 9702892 13370418 8120
24048862 9798685 13503612 8120
24286387 9894551 13636782 8120
24524285 9990572 13770044 8417
24762490 10086736 13903428 8417
25001192 10183032 14036549 8417
25238696 10279305 14169903 8417
25478365 10375655 14304618 8417
25718457 10472133 14439273 8686
25958326 10568657 14573338 8686
26196677 10664712 14706932 8686
26435217 10760840 14840495 8931
26673854 10857086 14974039 8931
26912742 10952870 15107272 8931
27150428 11048776 15239888 8931
27388319 11144844 15373116 9155
27627243 11240990 15506431 9155
27864844 11336740 15640168 9155
28102517 11432564 15773546 9361
28340430 11528533 15906425 9361
28576912 11624081 16038816 9551
28813579 11719739 16171344 9551
29050797 11815048 16303329 9551
29286815 11910517 16435164 9727
29524133 12006140 16567600 9727
29760159 12101408 16632740 9881
29996546 12196833 16765280 9881
30227301 12290122 16894652 10025
30458123 12290122 17023892 10025
30685973 12476271 17151541 10161
30917167 12570383 17347639 10161
31151181 12665354 17480583 10291
31388820 12761640 17614552 10415
31627709 12858589 17749428 10415
31869274 12956610 17885213 10535
32112140 13055083 18021426 10652
32355546 13153814 18158340 10652
32847566 13253400 18296011 10765
33098058 13353721 18434540 10875
33349105 13454241 18574075 10875
33599984 13555465 18714256 10982
33852305 13656796 18854923 11086
34104845 13758147 18995644 11187
34357154 13860085 19136859 11187
34609091 13962033 19278013 11286
34862652 14063931 19419501 11382
35115975 14165751 19561364 11477
35368935 14268080 19703067 11572
35621945 14370341 19844611 11572
35874543 14472552 19986058 11666
36128367 14574696 20127331 11759
36382385 14676749 20268995 11851
36635946 14779323 20411059 11942
36889150 14881804 20552941 11942
37142289 14984189 20694668 12033
37395051 15086507 20836294 12124
37649255 15188713 20977674 12214
37904664 15291258 21120293 12304
38159630 15393702 21263175 12394
38414112 15496609 21405754 12484
38668342 15599408 21548087 12574
38921979 15702080 21690253 12574
39175365 15804634 21832248 12664
39430283 15907088 21974078 12753
39684795 16009439 22116205 12841
39938753 16111674 22258542 12929
39938753 16213696 22400541 13016
40192148 16314510 22541028 13102
40440923 16415196 22680174 13102
40689367 16515990 22818859 13188
41186747 16616868 22958118 13273
41437154 16717842 23098001 13358
41687952 16818856 23238287 13442
41938547 16920473 23379000 13525
42189193 17022132 23519860 13525
42440028 17123792 23660804 13608
42690781 17225479 23801791 13691
42941426 17327179 23942658 13774
43192276 17428857 24083488 13857
43443100 17530551 24224333 13940
43695462 17632249 24365519 14022
43947797 17733900 24507016 14104
44199799 17835516 24648365 14186
44451585 17937148 24789535 14268
44703371 18039267 24930629 14350
44954889 18141405 25071644 14431
45206243 18243451 25212523 14431
45457857 18345433 25353417 14512
45709220 18447380 25494321 14593
45960536 18549295 25635128 14674
46213628 18651172 25775934 14755
46466649 18753013 25916760 14836
46719456 18854842 26057936 14917
46972387 18956601 26199555 14998
47225118 19058371 26341178 15079
47477501 19160689 26482630 15160
47729948 19262975 26623991 15241
47982212 19365184 26765308 15321
48234257 19467327 26906512 15321
48486369 19569391 27047673 15401
48738350 19671414 27188824 15481
48990193 19773414 27329881 15561
49243820 19875364 27470923 15641
49497450 19977315 27612433 15720
49750913 20079263 27754326 15799
50004455 20181184 27895828 15878
50004455 20283108 28037707 15957
50257595 20383440 28178538 16036
50506431 20484268 28317905 16115
50755256 20585223 28457234 16194
51004048 20685006 28595326 16274
51501398 20785799 28734834 16355
51754176 20887777 28875908 16440
52009494 20990319 29018001 16526
52267187 21093825 29161412 16613
52526967 21198244 29377935 16700
52788590 21304113 29524694 16788
53052049 21517859 29672498 16876
53316886 21625507 29821034 16964
53583072 21733582 29970373 17053
53850680 21842031 30120432 17142
54119330 21950814 30270611 17232
54388781 22059924 30421245 17323
54658917 22169288 30572151 17414
54929118 22278887 30723506 17505
55199805 22388707 30875208 17596
55471110 22498733 31027413 17687
55743313 22608977 31258301 17778
56017671 22719377 31411394 17778
56292513 22829871 31564999 17868
56567536 22941037 31718739 17958
56842212 23052340 31872680 18048
57117002 23163679 32026760 18139
57391946 23275030 32181014 18230
57667413 23386389 32335067 18321
57942932 23497773 32489141 18412
58217980 23609180 32643193 18503
58493152 23720594 32797428 18594
58768566 23832064 32951876 18686
59044102 23943545 33106134 18777
59321509 24054993 33260780 18868
59599248 24166428 33415396 18961
59876082 24277892 33570188 19054
60153068 24389425 33725137 19054
60430156 24501552 33880634 19146
60707478 24613660 33956873 19238
60984102 24725431 34111653 19330
61256718 24835858 34342412 19422
61529262 24946259 34495309 19514
61802296 25056799 34570180 19606
62075734 25167503 34801784 19697
62351183 25278261 34955475 19788
62627266 25389097 35109711 19880
62902693 25500003 35264064 19972
63178251 25611598 35418553 19972
63454031 25723283 35573211 20064
63730038 25834955 35727797 20156
64006227 25946591 35882293 20248
64282499 26058223 36036732 20340
64558412 26169848 36191300 20432
64834443 26281459 36346043 20524
65110480 26393104 36500849 20617
65386706 26504727 36655392 20709
65665049 26616279 36810353 20801
65942714 26727821 36964937 20894
66220220 26839424 37119573 20988
66497634 26950996 37274743 21082
66775176 27062561 37430320 21176
67052757 27174126 37585720 21271
67330092 27285687 37740965 21367
67607060 27397263 37895875 21462
67884054 27509455 38051345 21557
68161076 27621647 38206587 21653
68438064 27733755 38361634 21653
68715245 27845775 38516524 21845
68991528 27957742 38671463 21942
69267855 28069715 38826535 21942
69544325 28181150 38981547 22041
69821241 28293062 39136466 22139
70098171 28404986 39291330 22236
70374398 28516890 39446098 22334
70650559 28628738 39600946 22433
70926875 28740561 39755859 22533
71203171 28852288 39910544 22633
71479504 28963971 40065031 22733
71756289 29075659 40140490 22833
72032224 29187335 40294976 22933
72305186 29297854 40447972 23033
72578094 29408354 40679085 23132
72853236 29518893 40832489 23132
73128735 29630121 40986466 23230
73403885 29741464 41140525 23328
73679131 29852839 41294782 23426
73954565 29964244 41449253 23523
74230191 30075678 41603564 23620
74505862 30187079 41757690 23716
74783359 30298467 41911750 23812
75060190 30409879 42065966 23909
75337063 30521335 42220300 24007
75612322 30632781 42375230 24104
75889477 30744221 42530063 24201
