36231 36258 3726 0
193847 116222 75450 0
371002 158868 155536 0
597247 253509 291038 0
731166 368328 405113 1305
1037665 432807 543633 1305
1206126 573528 687519 1305
1572630 649863 849690 1305
1768580 729642 1016155 1305
1972416 898164 1133637 1305
2182502 986237 1254705 1305
2620774 1076464 1378502 1305
2847072 1168596 1505005 1305
3078035 1262464 1702003 1305
3313213 1357814 1898723 1305
3551464 1454476 2033573 1305
3792511 1552320 2164563 2349
4018022 1651191 2290098 2349
4238642 1744198 2415166 2349
4462917 1835218 2542094 2349
4692182 2021493 2671070 2349
4925009 2116877 2802237 2349
5161515 2212225 2934103 2349
5396574 2307731 3065984 2349
5631975 2403382 3197962 2349
5868477 2499166 3330070 2349
6105325 2595062 3462325 2349
6342690 2691082 3594795 2349
6580226 2787212 3727594 2349
6817895 2883425 3860604 3274
7055965 2979746 3993968 3274
7294197 3075589 4127223 3274
7531110 3171486 4260038 3274
7768895 3267480 4392862 3274
8006793 3363542 4525724 3274
8245024 3459709 4658696 3274
8483278 3555942 4791879 3274
8721449 3652245 4925211 3274
8959910 3748642 5058775 3274
9198514 3845099 5192730 3274
9437308 3941605 5326646 3274
9676950 4038146 5460497 3274
9916419 4134701 5594334 4094
10156163 4231295 5727724 4094
10394400 4327411 5860824 4094
10632516 4423540 5994123 4094
10870969 4519758 6127591 4094
11109526 4616076 6261317 4094
11348277 4712447 6395353 4094
11587322 4808867 6529427 4094
11827040 4905307 6663488 4094
12067072 5001789 6797467 4094
12307026 5098326 6931457 4094
12546766 5194888 7065485 4821
12786629 5291491 7199191 4821
13025033 5387620 7332634 4821
13263343 5483790 7466266 4821
13502093 5483790 7600250 4821
13735689 5580054 7731295 4821
13970169 5674315 7862159 4821
14204918 5768638 7993203 4821
14439948 5863212 8123644 4821
14672404 5956776 8253480 4821
14904973 6050512 8383654 5397
15138044 6144577 8514180 5397
15370531 6238425 8644612 5397
15604120 6332558 8775290 5397
15838591 6521658 8906236 5397
16073507 6616584 9037608 5397
16308729 6711725 9169299 5397
16544474 6807106 9301448 5910
16780481 6902645 9434030 5910
17017138 6997793 9565861 5910
17253134 7093083 9697768 5910
17489278 7188516 9829812 5910
17725847 7284120 9962047 5910
17962572 7379884 10094651 5910
18199548 7475764 10227441 6369
18437007 7571787 10360827 6369
18674692 7667364 10493503 6369
18911970 7763037 10626158 6369
19149309 7858841 10758878 6369
19386713 7954743 10891712 6369
19624390 8050765 11024638 6780
19862164 8146897 11157824 6780
20098539 8242556 11290272 6780
20335340 8338309 11423282 6780
20572381 8434183 11556453 6780
20810708 8530182 11689588 7150
21049028 8626289 11822709 7150
21287261 8721928 11955064 7150
21524280 8817635 12087497 7150
21761242 8913489 12220209 7150
21998338 9009449 12353050 7484
22235819 9105535 12486455 7484
22472024 9201186 12619176 7484
22709494 9296926 12751827 7484
22946849 9296926 12883571 7759
23180966 9392717 13014433 7759
23415323 9487278 13144673 7759
23648596 9581426 13275412 7759
23882343 9675829 13406759 8009
24116949 9770534 13538630 8009
24351099 9865493 13669918 8009
24586034 9960118 13801275 8237
24821362 10054935 13932900 8237
25055529 10149990 14064010 8237
25290144 10339599 14195412 8447
25525294 10339599 14327469 8447
25760963 10434748 14459044 8447
25996434 10624512 14590787 8640
26232101 10624512 14722207 8640
26466799 10719672 14853391 8819
26701741 10814491 14984951 8819
26937072 10909476 15116101 8819
27171681 11004128 15247850 8987
27406656 11099009 15379569 8987
27641531 11193580 15510976 9144
27876627 11288371 15642138 9144
28110634 11382867 15773120 9292
28345181 11477560 15903982 9292
28578653 11572493 16034894 9431
28812633 11667121 16166165 9431
29046044 11761407 16297406 9563
29280615 11855968 16428419 9688
29514557 11950239 16559193 9688
29748871 12044752 16689466 9807
29982191 12139011 16819779 9807
30214735 12233502 16950082 9922
30447740 12327733 17080800 10033
30680052 12421655 17211345 10033
30913640 12515858 17341320 10140
31146375 12609833 17470735 10245
31378358 12703536 17600543 10245
31609257 12797529 17730114 10346
31840955 12891306 17860172 10444
32072196 12984851 17989773 10539
32303360 13078738 17989773 10631
32530372 13170591 18117850 10631
32755059 13262190 18244126 10724
32980684 13353746 18370135 10817
33206409 13445265 18496274 10908
33432350 13536783 18622980 10998
33656923 13627594 18812892 11088
33883458 13719936 19003119 11178
34114016 13813299 19133287 11268
34346995 13907566 19264411 11358
34582164 14098311 19396231 11358
34818969 14194611 19528701 11448
35056833 14291462 19662452 11538
35295840 14389381 19796991 11628
35536212 14487754 19932144 11718
36019842 14586479 20068798 11808
36265475 14685507 20205913 11897
36511647 14784806 20343306 11986
36758334 14884306 20480844 12075
37005199 14984006 20618507 12165
37252263 15083899 20756335 12255
37499707 15183931 20894750 12345
37747316 15284096 21033271 12435
37995043 15384420 21171971 12526
38243219 15484863 21310836 12617
38491437 15585397 21449751 12708
38739804 15686030 21588798 12799
38988462 15787298 21727981 12799
39237055 15888635 21867170 12890
39485760 15989991 22006910 12980
39736266 16091344 22146718 13070
39986823 16192713 22286516 13160
40237327 16294093 22426404 13250
40488071 16395477 22566333 13340
40738747 16496856 22706708 13430
40989336 16598244 22847149 13430
41240022 16700170 22987554 13519
41490508 16802086 23128400 13608
41742522 16903939 23269394 13697
41994641 17005737 23410276 13785
42245656 17107196 23550635 13872
42493079 17207258 23689402 13959
42740591 17307325 23828230 13959
42988183 17407493 23967288 14046
43236651 17508366 24106882 14132
43486915 17609351 24246477 14218
43737155 17710394 24386070 14304
43987521 17811457 24525628 14390
44237835 17912555 24665157 14475
44488107 18013690 24805191 14560
44738445 18114839 24945209 14645
44988586 18216022 25085142 14730
45238597 18317801 25225033 14815
45488765 18419568 25364893 14900
45738840 18521302 25504711 14985
45988817 18623014 25644538 15070
46238930 18724663 25784349 15070
46488941 18826281 25924139 15155
46738824 18927860 26063933 15240
46988866 19029386 26203701 15325
47238938 19130899 26343478 15410
47488963 19232418 26483347 15495
47739238 19333919 26623246 15580
47989426 19435410 26763153 15665
48239531 19536910 26903109 15750
48489752 19638388 27043068 15835
48739779 19739859 27182959 16005
48989796 19841326 27323353 16093
49240019 19942781 27463393 16182
49490167 20044239 27603397 16271
49740252 20145693 27743423 16360
49990514 20247138 27883470 16360
50240666 20348588 28023472 16449
50492264 20450038 28163957 16537
50744081 20551466 28304447 16625
50995684 20652897 28444875 16713
51247017 20754330 28585282 16801
51498457 20855744 28725627 16889
51749694 20957162 28865965 16977
52000730 21058569 29006270 17065
52251529 21159940 29146428 17153
52498230 21259797 29284431 17241
52745026 21359600 29422556 17329
52992202 21459566 29561086 17418
53239452 21559701 29699816 17507
53487678 21659965 29838676 17596
53736286 21760338 29977994 17685
53984811 21860778 30117345 17774
54233607 21961890 30256688 17774
54482444 22063113 30396012 17863
54731306 22164373 30535386 17952
54980479 22265627 30675208 18041
55231201 22366899 30815047 18129
55481957 22468192 30954934 18217
55732749 22569472 31094780 18305
55983316 22670731 31234540 18393
56233671 22771991 31374291 18481
56484199 22873247 31514064 18569
56734682 22974507 31654273 18657
56985085 23075789 31794604 18745
57235687 23177080 31934955 18834
57486133 23278375 32075241 18924
57736343 23379675 32215444 19014
57986822 23480978 32355674 19104
58237303 23582867 32495903 19104
58487696 23684775 32636160 19194
58738225 23786619 32776417 19284
58988561 23888427 32917062 19374
59238897 23990203 33057752 19464
59491043 24091925 33198446 19553
59743132 24193608 33339091 19641
59995025 24295263 33480174 19728
60246911 24397437 33621214 19728
60498657 24499602 33762150 19815
60750227 24601703 33903061 19902
61001976 24703720 34044384 19989
61253585 24805680 34185666 20076
61506553 24907580 34326902 20163
61759634 25009407 34468020 20250
62012384 25111195 34609043 20337
62264562 25212896 34749902 20424
62513456 25313348 34888877 20511
62762026 25413758 35028166 20598
63010669 25514273 35167562 20685
63260721 25615323 35307310 20685
63510691 25716981 35447372 20772
63760797 25818650 35587585 20859
64012586 25920309 35728401 20945
64264214 26021945 35869295 21031
64515850 26123552 36010243 21117
64767467 26225133 36151133 21203
65018737 26326702 36292405 21289
65269935 26428198 36433581 21375
65521124 26529656 36574582 21461
65772239 26631079 36715458 21461
66023800 26733067 36856295 21547
66275454 26835048 36997476 21632
66528310 26936989 37138608 21717
66781242 27038874 37279657 21802
67033836 27140708 37420542 21887
67286094 27242509 37561342 21971
67538437 27344262 37702550 22055
67790567 27445939 37843700 22055
68042410 27548189 37984789 22139
68294405 27650393 38126293 22223
68547717 27752533 38267685 22307
68800748 27854615 38408935 22391
69053745 27956600 38550112 22475
69306405 28058522 38691108 22559
69558583 28160383 38831976 22644
69810755 28262164 38972733 22729
70062664 28363906 39113362 22813
70314290 28465622 39254389 22897
70566053 28567272 39395382 22981
70817668 28668892 39536275 23065
71069104 28771057 39677156 23150
71320721 28873173 39817995 23235
71572276 28975228 39958780 23320
71823549 29077224 40099534 23405
72074973 29179130 40240221 23405
72326253 29280953 40380816 23491
72574290 29381619 40519724 23577
72823777 29482154 40658857 23662
73073285 29582723 40797994 23747
73322580 29683378 40937130 23832
73572086 29784047 41076270 23917
73821678 29884769 41215902 23917
74071211 29986115 41355672 24085
74321133 30087614 41495495 24170
74570866 30189019 41635273 24255
74820491 30290423 41775072 24255
75070336 30391812 41914895 24341
75320141 30493217 42054711 24427
75569915 30594619 42194583 24514
75819820 30696009 42334906 24601
76069699 30797409 42475220 24688
76069699 30898816 42543762 30304
