26995 32123 14083 0
89489 108698 26072 0
183429 147990 81214 0
309519 188466 171982 1282
478420 275603 246248 1282
685102 376298 374999 1282
945678 433693 527507 1282
1092160 560704 612381 1282
1413693 629618 747221 1282
1585006 701623 896902 1282
1762568 776412 1000312 1282
1949074 933082 1106603 1282
2340290 1014577 1270102 1282
2543536 1097824 1383986 1282
2750359 1182666 1499669 1282
2962466 1268874 1678448 1282
3176713 1356315 1799108 2445
3393274 1444892 1920142 2445
3609445 1533819 2044017 2445
3829935 1623614 2168363 2445
4052815 1714230 2293514 2445
4505511 1805625 2418819 2445
4735528 1989805 2547877 2445
4966514 2082852 2678171 2445
5198547 2177048 2871608 2445
5432987 2271674 3002379 2445
5667993 2367054 3134546 2445
5906104 2461649 3267926 2445
6135280 2553104 3333128 2445
6357371 2642952 3459335 2445
6580090 2734017 3583766 3366
6806140 2825850 3769521 3366
7032652 2917705 3894848 3366
7259381 3009513 4022874 3366
7487442 3101835 4151645 3366
7716576 3195374 4280433 3366
7948584 3289417 4409556 3366
8184241 3383144 4540235 3366
8422089 3476632 4672764 3366
8659007 3571092 4805852 3366
8894561 3667251 4938512 3366
9131918 3763707 5070823 3366
9369845 3860251 5203483 3366
9606642 3956916 5336900 4181
9843857 4053093 5471071 4181
10082298 4148347 5673924 4181
10323060 4243718 5739054 4181
10562643 4339314 5873763 4181
10801935 4436385 6007493 4181
11041266 4533616 6141098 4181
11280632 4630810 6274774 4181
11520104 4728040 6408606 4181
11759911 4825272 6542673 4181
11999391 4922358 6746779 4181
12243079 5018864 6883751 4903
12487265 5114892 6950262 4903
12731147 5211583 7085956 4903
12971843 5309042 7220588 4903
13212327 5406544 7355139 4903
13452678 5504054 7489585 4903
13692994 5601569 7623978 4903
13933400 5699030 7758521 4903
14173788 5796472 7893103 4903
14412940 5893940 8028260 4903
14653986 5991399 8163093 5544
14897360 6087753 8298662 5544
15139455 6183587 8433822 5544
15381313 6280082 8568415 5544
15621370 6377354 8702731 5544
15860977 6474477 8835673 5544
16095731 6569804 8967053 5544
16330499 6665165 9098614 5544
16564563 6760711 9231140 6053
16799068 6856413 9363940 6053
17036958 6951203 9496334 6053
17275597 7046181 9628988 6053
17512947 7142098 9761771 6053
17750479 7238205 9894676 6053
17988162 7334450 10027642 6053
18226077 7430832 10160713 6507
18464520 7527311 10294245 6507
18701636 7623346 10427018 6507
18941606 7718878 10560504 6507
19181958 7814573 10694253 6507
19419431 7911123 10828442 6507
19656928 8007798 10962630 6914
19895866 8104518 11096209 6914
20133607 8200785 11229001 6914
20371889 8297104 11362166 6914
20610261 8393534 11495508 6914
20851845 8489493 11629113 7280
21093541 8585545 11763384 7280
21332426 8681761 11897018 7280
21569931 8778112 12031190 7280
21807348 8874566 12165236 7280
22046576 8971148 12298819 7610
22286236 9067806 12432583 7610
22524562 9164046 12565669 7610
22763063 9260351 12698924 7610
23002530 9356776 12832460 7909
23242118 9453268 12966472 7909
23480524 9549237 13099922 7909
23717499 9645366 13233751 7909
23956206 9741647 13367174 8180
24195405 9838009 13500734 8180
24433205 9933921 13633539 8180
24671266 10029954 13766510 8180
24909684 10126133 13899878 8427
25148814 10222427 14033376 8427
25382843 10318296 14100293 8427
25613973 10411731 14230516 8635
25847975 10506312 14424628 8635
26083751 10601637 14556510 8635
26322619 10698302 14690106 8826
26564685 10796175 14825553 8826
26808308 10894524 14961747 8826
27054550 10993864 15171067 9003
27303244 11094097 15311194 9003
27550922 11194536 15451798 9168
27800261 11295737 15592426 9168
28051617 11397006 15733472 9323
28304566 11498906 15874893 9323
28557523 11600845 16016737 9469
28811992 11703337 16158950 9469
29066216 11805784 16301431 9607
29321635 11908764 16444226 9607
29577003 12011635 16587334 9739
29833401 12114989 16730611 9864
30089409 12218232 16874135 9864
30346707 12321884 17017490 9984
30603453 12425358 17160926 9984
30861145 12529208 17304607 10099
31118446 12632856 17448485 10210
31375041 12736297 17592994 10210
31632734 12840155 17737106 10317
31890236 12943835 17880675 10420
32147213 13047269 18024328 10420
32404753 13151070 18168152 10520
32661548 13254725 18311793 10618
32917804 13358162 18455543 10618
33174914 13461959 18599413 10713
33431761 13565593 18743030 10806
33688098 13668997 18886379 10898
33943912 13772228 19029838 10898
34200835 13875883 19173459 10987
34457456 13979379 19316848 11076
34713463 14082689 19459875 11164
34968738 14185786 19602612 11252
35223713 14288664 19672263 11341
35478040 14391382 19814577 11428
35727928 14492911 19954401 11515
35977587 14594289 20094115 11602
36228955 14695730 20233938 11690
36480407 14797220 20373757 11690
36731941 14898718 20586204 11778
36983475 15000238 20727547 11866
37234920 15101808 20868499 11954
37486470 15203355 20937394 12042
37737929 15304925 21150165 12130
37989158 15406482 21291287 12130
38241861 15508592 21433148 12217
38495589 15611129 21575246 12303
38749285 15713663 21717270 12389
39002840 15816079 21859151 12474
39255969 15918404 22000747 12559
39508729 16020642 22142612 12559
39762858 16123382 22284839 12642
40016750 16226067 22426904 12724
40270408 16328686 22568846 12806
40523967 16431193 22710662 12888
40777124 16533607 22852281 12969
41030071 16635945 22993825 13050
41282955 16738760 23135348 13131
41537246 16841561 23277203 13212
41791422 16944265 23419023 13212
42045521 17046872 23561246 13293
42299344 17149388 23703306 13374
42552762 17251820 23845202 13455
42806104 17354155 23987015 13536
43059185 17456436 24128643 13617
43311930 17558670 24270105 13697
43564510 17660771 24411500 13777
43817032 17762840 24552795 13858
44069339 17864891 24693990 13939
44321560 17967441 24835531 14020
44575046 18069967 24976967 14020
44828446 18172425 25118721 14101
45081655 18274772 25260427 14182
45334684 18377070 25329729 14263
45587400 18479288 25471168 14344
45836660 18580124 25610680 14425
46085611 18680899 25750017 14506
46334589 18781698 25889346 14587
46583876 18883144 26028970 14587
46834890 18984666 26169623 14667
47086238 19086245 26310369 14746
47337767 19187853 26451278 14825
47589174 19289455 26592080 14904
47840569 19391058 26732854 14982
48092005 19493224 26873686 14982
48344809 19595356 27087601 15059
48597720 19697414 27229236 15135
48850755 19799424 27298407 15211
49103644 19901358 27439912 15287
49356527 20003257 27653694 15362
49609272 20105704 27795426 15436
49863297 20208113 27937474 15436
50117348 20310406 28079452 15510
50370950 20412617 28221300 15584
50624217 20514770 28363034 15658
50877276 20616886 28432279 15732
51130098 20718906 28573818 15806
51382657 20820870 28715179 15880
51635075 20922743 28856471 15954
51887389 21025163 29069449 16028
52139642 21127539 29211559 16102
52393624 21229826 29353629 16176
52647635 21332030 29495539 16250
52901205 21434189 29564769 16324
53154457 21536267 29706484 16324
53407434 21638301 29848116 16399
53660147 21740274 29989594 16474
53912811 21842184 30131067 16549
54165561 21944054 30272546 16626
54418205 22045928 30413922 16703
54670987 22147786 30555317 16780
54923770 22249588 30696766 16857
55176505 22351374 30838129 16935
55429433 22453143 30979527 16935
55682286 22555395 31120941 17013
55931656 22655912 31260367 17089
56181035 22756327 31399707 17165
56430552 22856859 31539280 17241
56680099 22957522 31678869 17317
56927693 23057476 31817562 17394
57177649 23158478 32030547 17473
57430224 23260616 32173290 17552
57685502 23363775 32317427 17632
57943057 23467885 32462665 17714
58202600 23678609 32608685 17796
58727438 23784956 32755022 17878
58992130 23891881 32903162 17960
59257257 23999296 33051608 18044
59523656 24107158 33200616 18129
59791109 24215427 33350252 18214
60059323 24324044 33500403 18300
60328734 24433592 33651118 18386
60599000 24543463 33802434 18562
60870034 24653009 34028490 18562
61141983 24762700 34180453 18651
61416099 24873185 34334077 18738
61691144 24984279 34488239 18825
61966482 25095510 34642560 18913
62242332 25206810 34797275 19002
62518461 25318207 34952194 19092
62794666 25429638 35106633 19182
63070952 25541059 35261153 19272
63346761 25652427 35415717 19363
63622626 25763869 35570403 19455
63898572 25875352 35724396 19550
64174962 25986814 35879554 19644
64451599 26098316 36034507 19737
64727728 26209843 36189411 19830
65003933 26321376 36344323 19923
65280420 26432857 36499531 20017
65557041 26544366 36654874 20111
65833824 26655894 36809761 20111
66110343 26767994 36964617 20205
66387424 26880088 37043760 20299
66661354 26991913 37272051 20393
66935305 27102452 37425985 20487
67209915 27212938 37580013 20580
67484767 27323535 37733999 20673
67759241 27434209 37888065 20766
68033848 27544953 38042150 20766
68308924 27655782 38196662 20859
68584373 27767329 38351430 20952
68861675 27878974 38505724 21045
69139280 27990565 38660937 21137
69416100 28102105 38816253 21229
69692869 28213645 38971664 21321
69969628 28325208 39127169 21413
70246774 28436751 39282440 21505
70523924 28548276 39437663 21505
70800319 28659796 39592662 21597
71078358 28771940 39747744 21689
71356552 28884076 39903102 21782
71634736 28996173 40059040 21875
71912994 29108266 40214914 21968
72190463 29220286 40370566 22061
72467890 29332256 40526376 22154
72745129 29444198 40682246 22247
73022406 29556104 40838074 22340
73300238 29667978 40993501 22434
73577814 29779831 41148833 22528
73854716 29891672 41304107 22622
74131581 30003479 41459514 22622
74408744 30115853 41615154 22716
74687525 30228252 41770293 22810
74966150 30340550 41925202 22904
75244110 30452728 42080126 22999
75521938 30564829 42236312 23093
75799763 30676917 42392627 23187
76077565 30788926 42548279 23377
