0 47895 9634 1836
59904 107736 22530 1836
125761 145338 43468 1836
225134 182807 107184 1836
447973 266884 216234 1836
545499 361072 304849 1836
776586 414873 449792 1836
1056082 535821 531732 1836
1213375 601418 711999 1836
1552472 670378 808877 3155
1733758 817322 909783 3155
1919000 894020 1065155 3155
2110203 972918 1173500 3155
2306864 1053848 1342696 3155
2713187 1136590 1457915 3155
2922651 1220942 1574743 3155
3135132 1306765 1693510 3155
3351308 1482102 1814271 3155
3569988 1571335 1996513 3155
3790737 1661447 2120655 3155
4014214 1752341 2246174 3155
4239682 1843943 2372735 3155
4466711 1936168 2500335 3155
4695001 2028949 2628591 3155
4924570 2122226 2757302 4329
5155971 2215914 2887000 4329
5388318 2309435 3016442 4329
5620015 2403311 3146340 4329
5852313 2497543 3343597 4329
6085470 2592084 3474616 4329
6319428 2686884 3538666 4329
6554573 2778992 3664951 4329
6781297 2869376 3788789 4329
7003202 2960187 3977396 4329
7226139 3051666 4103545 4329
7450970 3143757 4230600 4329
7678090 3236432 4358390 4329
8136344 3329620 4487035 4329
8367028 3422708 4616878 4329
8598816 3516778 4746962 5257
8832104 3611240 4877071 5257
9064865 3705477 5007090 5257
9297960 3799997 5137919 5257
9532709 3894654 5269653 5257
9768330 3989518 5402156 5257
10004299 4084634 5534767 5257
10241623 4180560 5667332 5257
10479130 4276703 5800061 5257
10716771 4372932 5932962 5257
10954719 4469260 6066042 5257
11192878 4565683 6199416 6078
11431240 4661622 6333513 6078
11668450 4757635 6467629 6078
11906951 4853674 6601272 6078
12146679 4950366 6735007 6078
12386371 5047192 6868847 6078
12626071 5144042 7002724 6078
12865910 5240917 7136568 6078
13105447 5337816 7270505 6078
13344882 5434710 7404531 6078
13584607 5531635 7538630 6078
13824535 5628064 7673558 6806
14064535 5724522 7808341 6806
14303302 5821642 7942511 6806
14542615 5918275 8076280 6806
14782308 6014933 8209989 6806
15021854 6111639 8343810 6806
15261373 6208360 8477704 6806
15501067 6305131 8612019 6806
15741826 6401833 8746966 6806
15982693 6498546 8882402 6806
16223170 6595308 9017641 7383
16460018 6692511 9150861 7383
16696160 6788366 9283212 7383
16932431 6883685 9415291 7383
17168990 6979103 9547486 7383
17406039 7074698 9679840 7383
17643146 7170473 9812510 7383
17880574 7266382 9945820 7383
18119728 7362307 10079941 7896
18359001 7458912 10213580 7896
18597806 7555627 10347411 7896
18836437 7651881 10480892 7896
19075104 7748137 10614332 7896
19313950 7844484 10747766 7896
19552750 7940914 10881356 7896
19791621 8037391 11015122 8354
20030809 8133949 11148579 8354
20268674 8229562 11282924 8354
20506672 8325801 11416451 8354
20745580 8422207 11550220 8354
20984664 8518689 11684021 8764
21223959 8615229 11817750 8764
21463092 8711834 11951138 8764
21700862 8807953 12084216 8764
21938907 8904116 12217435 8764
22177299 9000388 12350953 8764
22415814 9096750 12484765 9133
22654701 9193212 12618750 9133
22892766 9289734 12752449 9133
23131291 9385808 12885720 9133
23369740 9481932 13019046 9133
23608228 9578125 13152453 9465
23846962 9674413 13285559 9465
24084379 9770809 13418918 9465
24322010 9866746 13552034 9465
24560063 9962745 13685438 9465
24799179 10058846 13819265 9765
25038779 10155090 13952709 9765
25276832 10250882 14085786 9765
25514830 10346764 14218875 9765
25514830 10442782 14350631 10014
25753004 10538903 14482076 10014
26217225 10632752 14612106 10014
26450420 10726679 14742569 10241
26450420 10820943 14872255 10241
26916389 10915553 15002850 10241
27150217 11009142 15133559 10449
27387241 11103928 15265511 10449
27626026 11200101 15399347 10449
27867661 11296959 15534584 10641
28112141 11394913 15671554 10641
28358378 11593284 15809653 10819
28606740 11693480 15948531 10819
28857328 11793861 16156025 10819
29108080 11894970 16296622 10985
29360298 11996760 16438019 10985
29612665 12098602 16579397 11140
29866298 12200958 16721615 11140
30119778 12303304 16863670 11287
30374701 12406136 17006384 11426
30629215 12508880 17149012 11426
30884858 12612052 17292170 11558
31140251 12715107 17435042 11558
31396407 12817955 17577714 11685
31652218 12921253 17720965 11807
31907586 13024429 17863996 11807
32163971 13127377 18006829 11925
32419963 13230759 18150250 12038
32675628 13334014 18293452 12038
32932356 13437641 18436772 12147
33188803 13541134 18580218 12147
33446096 13644367 18723296 12252
33702339 13747942 18866976 12353
33957636 13851328 19010369 12353
34213950 13954507 19153443 12452
34469847 14058045 19297180 12548
34725214 14161433 19440709 12644
34980249 14264650 19583924 12740
35234865 14367670 19726913 12835
35488883 14470492 19869615 12928
35743772 14573059 19942237 12928
35995037 14674574 20083370 13019
36245787 14776009 20292527 13109
36496424 14877447 20433269 13198
36747280 14978903 20574150 13287
36998021 15080385 20715034 13287
37250499 15181873 20855815 13375
37502983 15283929 20997057 13461
37755358 15385999 21138276 13548
38007620 15488039 21279826 13635
38259829 15590020 21421374 13722
38511810 15691956 21562795 13809
38763690 15793863 21704034 13896
39016997 15895720 21845251 13983
39270184 15997553 21986368 14070
39523086 16099351 22127303 14157
39775823 16201117 22268210 14244
40028298 16302867 22340195 14331
40280677 16404602 22480988 14418
40532863 16506299 22690535 14504
40784803 16608544 22831569 14504
41036647 16710773 22972474 14590
41288299 16812886 23113319 14676
41539873 16914935 23254565 14762
41791456 17016911 23395800 14848
42043131 17118815 23537008 14934
42294981 17220671 23609270 15020
42547078 17322512 23750330 15107
42798970 17424310 23891316 15194
43050636 17526075 24032273 15281
43302373 17627833 24173162 15368
43554020 17729570 24314110 15455
43805505 17831295 24455030 15542
44057099 17933016 24595861 15629
44310171 18034728 24736715 15716
44563268 18136440 24877550 15803
44816295 18238152 25018320 15890
45069020 18339799 25159054 15978
45321432 18441463 25299731 16066
45573797 18543134 25440331 16154
45825799 18644758 25580925 16242
46074708 18745216 25720633 16242
46323564 18846256 25859421 16330
46572409 18947356 25998299 16418
46821404 19048522 26137780 16505
47070877 19149744 26277351 16594
47320275 19250979 26417052 16683
47569828 19352267 26557274 16772
47819672 19453590 26697511 16861
48069313 19554926 26837756 16950
48319030 19656298 26978004 17039
48568991 19757697 27118225 17128
48818816 19859094 27258490 17218
49068661 19960503 27398771 17309
49318848 20061944 27539003 17400
49568925 20163388 27679291 17491
49819012 20264836 27819621 17582
50069335 20366283 27959952 17674
50319603 20467724 28100313 17766
50569743 20569164 28240672 17859
50820087 20670623 28380977 17952
51070472 20772094 28521372 18045
51320860 20873576 28661777 18138
51573045 20975083 28802152 18231
51825253 21076611 28942598 18324
52077276 21178141 29082981 18324
52329243 21280231 29292040 18417
52581094 21382322 29432894 18510
52832816 21484363 29504973 18603
53084562 21586359 29715213 18695
53336176 21688312 29787291 18786
53589093 21790212 29928348 18877
53842074 21892068 30069266 18968
54094810 21993882 30210192 18968
54347289 22096224 30419993 19059
54599782 22198563 30561208 19150
54852073 22300819 30702959 19241
55104267 22403000 30844593 19332
55356464 22505111 30986099 19422
55608505 22607145 31127591 19512
55860321 22607145 31199771 19601
56108862 22709065 31339032 19690
56354900 22908784 31477752 19690
56603640 23010064 31685136 19779
56855212 23112518 31827102 19868
57109365 23216009 31970862 19957
57366052 23320404 32115815 20046
57624790 23425542 32261900 20135
57885143 23531362 32408931 20225
58147260 23637808 32632543 20315
58412738 23744818 32781362 20405
58947437 23852344 32930852 20496
59216529 23960333 33080874 20588
59486412 24068730 33231385 20681
59757136 24177471 33382293 20774
60028729 24286516 33533252 20867
60300618 24395817 33684712 20961
60572304 24505352 33836782 21055
60844480 24615681 33989242 21149
61117375 24726227 34142234 21243
61390756 24836907 34295472 21339
61664613 24947655 34448835 21434
61939006 25058493 34602049 21530
62213037 25169430 34756000 21626
62487048 25280376 34910404 21723
62761396 25391364 35064817 21820
63036362 25502414 35219148 21918
63311421 25613519 35373372 22016
63586689 25724657 35527510 22114
63861595 25835839 35681846 22211
64138362 25947024 35836467 22308
64415270 26058246 35991081 22407
64690632 26169509 36145507 22507
64966310 26280800 36299508 22608
65241943 26392123 36453653 22709
65516972 26503465 36608145 22810
65791884 26614792 36762624 22810
66068958 26726095 36917052 22911
66346171 26837425 37071297 23012
66623437 26948751 37225322 23112
66899744 27060687 37378561 23211
67172667 27172415 37532762 23310
67445395 27282869 37686169 23409
67718480 27393282 37839455 23509
67992194 27503801 37992519 23609
68266203 27614423 38145664 23709
68539963 27725128 38299267 23709
68815378 27835882 38453171 23807
69091086 27946703 38607006 23905
69366875 28057586 38760834 24003
69642873 28168513 38914393 24101
69919095 28280086 39068029 24199
70194602 28391694 39222305 24297
70470168 28503257 39377516 24394
70745867 28614814 39532605 24491
71021969 28726374 39687472 24491
71299835 28837954 39841971 24587
71577644 28949505 39996711 24683
71854750 29061034 40151648 24779
72131839 29172555 40306472 24875
72408931 29284074 40461274 24971
72686195 29396155 40615699 25067
72963509 29508259 40771068 25163
73240084 29620305 40926608 25260
73516609 29732247 41082264 25357
73793183 29844133 41237765 25454
74070061 29955986 41392845 25551
74346934 30067814 41547773 25551
74623065 30179593 41702940 25648
74900689 30291313 41858213 25744
75178441 30402997 42013211 25840
75456101 30514636 42167967 25936
75733847 30626833 42322524 26032
76011773 30739030 42477682 26128
