34827 40900 12660 0
175281 81295 90071 0
321222 170947 161592 0
513909 219343 313858 0
764589 329190 390783 0
1067456 459916 565168 0
1236554 532046 660917 1265
1415928 608037 814149 1265
1804884 686786 980325 1265
2010045 851976 1095133 1265
2221350 938593 1213645 1265
2438379 1027521 1395499 1265
2661223 1118516 1521716 1265
2888830 1211352 1650202 1265
3309720 1298621 1769786 1265
3523799 1384577 1949054 1265
3742961 1562429 2071699 1265
3967010 1654333 2195853 1265
4196200 1747988 2323579 1265
4429484 1843154 2454391 1265
4661782 1937988 2584981 2269
4894592 2033000 2714578 2269
5128256 2127677 2844558 2269
5361629 2222574 2974700 2269
5595745 2317701 3105726 2269
5830266 2413002 3237074 2269
6065161 2508489 3369027 2269
6300635 2604122 3564707 2269
6536460 2699886 3696959 2269
6773154 2795792 3829378 2269
7010444 2891823 3962179 2269
7247888 2987943 4095277 2269
7485745 3084143 4228427 2269
7723542 3180396 4361734 3158
7961353 3276722 4495018 3158
8199562 3373108 4627558 3158
8436397 3469030 4760384 3158
8673730 3565006 4893295 3158
8911632 3661086 5026590 3158
9149696 3757248 5160104 3158
9388093 3853502 5293629 3158
9626411 3949800 5427257 3158
9864785 4046161 5560831 3158
10103481 4142562 5694412 3158
10342174 4239008 5828122 3946
10580908 4335510 5961863 3946
10820441 4432082 6094884 3946
11058589 4528166 6228130 3946
11296833 4624263 6361606 3946
11535055 4720398 6495132 3946
11773239 4816586 6628677 3946
12011656 4912853 6762145 3946
12250140 5009181 6895825 3946
12488763 5105580 7029579 3946
12727566 5202010 7096321 4570
12961545 5296481 7228568 4570
13195557 5390462 7359338 4570
13428488 5484673 7490025 4570
13661711 5579156 7621387 4570
13895738 5673896 7752511 4570
14130309 5768863 7883433 4570
14365634 5864056 8079979 4570
14602022 5959466 8147369 5125
14838621 6055037 8280221 5125
15075677 6150227 8412737 5125
15311320 6245517 8544917 5125
15547101 6340971 8677133 5125
15783433 6436562 8809367 5125
16019869 6532301 8941816 5125
16257538 6628207 9139618 5621
16495394 6724216 9207391 5621
16733332 6820312 9340506 5621
16970111 6915959 9473591 5621
17208095 7012089 9607169 5621
17446161 7108336 9805418 5621
17684568 7204652 9938951 6065
17923006 7301014 10007166 6065
18162421 7397477 10205630 6065
18400331 7493446 10338765 6065
18638090 7589449 10406804 6065
18876069 7685556 10540299 6065
19114072 7781712 10674307 6464
19352172 7877948 10807866 6464
19590569 7973727 10940479 6464
19827513 8069562 11073134 6464
20064620 8165447 11271058 6464
20302469 8261467 11404188 6823
20540588 8357576 11472121 6823
20779027 8453757 11605408 6823
21015910 8549452 11738328 6823
21252821 8645213 11871236 6823
21490193 8741095 12004134 7147
21727686 8837081 12137171 7147
21965606 8932631 12269922 7147
22202663 9028290 12401442 7147
22436438 9122723 12532169 7147
22670420 9217273 12663560 7414
22904809 9312042 12794789 7414
23138175 9406503 12925714 7414
23372225 9501172 13056767 7656
23606583 9596086 13188145 7656
23842397 9690699 13319460 7656
24077112 9785507 13450695 7877
24312079 9880520 13582697 7877
24547670 9975191 13714365 7877
24782028 10070035 13845762 8081
25016825 10165104 13977339 8081
25250750 10259832 14108710 8081
25485626 10354746 14240008 8270
25721176 10449876 14371184 8270
25955543 10544649 14503124 8445
26190207 10639577 14635359 8445
26425555 10734174 14766696 8608
26660864 10829402 14898151 8608
26896724 10924870 15029801 8608
27131975 11019984 15161330 8761
27367516 11115219 15292686 8761
27601959 11210101 15424311 8905
27836681 11305126 15555701 9041
28070253 11399799 15686754 9041
28304425 11494123 15817510 9171
28537731 11588656 15948198 9171
28770794 11682943 16078914 9295
29004352 11777449 16209254 9295
29237038 11871685 16340360 9413
29470405 11966161 16470845 9526
29702867 12060349 16601125 9526
29934422 12154232 16731298 9635
30167371 12248419 16861027 9741
30399476 12342354 16990814 9741
30630811 12436020 17121045 9843
30862818 12529966 17250804 9942
31094083 12623693 17380382 10038
31324649 12717185 17443735 10038
31556498 12717185 17573096 10131
31783152 12810517 17699572 10221
32006885 12901607 17824585 10311
32230318 12992481 17949726 10401
32451682 13083380 18073955 10401
32675840 13173563 18264289 10490
32904335 13357031 18392243 10579
33135032 13450885 18521427 10668
33367560 13545613 18651428 10757
33601671 13640944 18782096 10846
33837282 13736739 18913955 10934
34074291 13833043 19046959 11022
34312112 13929842 19181116 11110
34552547 14027131 19315822 11197
34794285 14125430 19450916 11286
35036869 14224112 19652735 11376
35280243 14323106 19788956 11467
35524286 14422348 19925509 11558
35769592 14521850 20062505 11649
36015499 14621584 20199791 11740
36261713 14721493 20337285 11740
36508132 14821538 20475225 11831
36755080 14921735 20614147 11921
37002170 15022023 20753198 12011
37249348 15122395 20892322 12100
37498501 15222840 21031613 12189
37747941 15323937 21171199 12278
37997486 15425125 21310743 12367
38247187 15526339 21450229 12456
38496681 15627544 21589812 12546
38746120 15728752 21729282 12636
38995668 15829973 21868740 12726
39245117 15931189 22008328 12816
39494534 16032414 22147902 12906
39744264 16133660 22287481 12906
39993980 16234903 22427190 12996
40243616 16336159 22567683 13085
40493433 16437428 22708139 13265
40743108 16538696 22848602 13357
40992732 16639974 22988542 13357
41241832 16741016 23128041 13449
41487377 16840685 23265556 13541
41732771 16940391 23403050 13633
41978689 17040256 23541109 13725
42225464 17140291 23679472 13818
42472674 17240476 23817929 13911
42720059 17340790 23956512 14004
42969156 17441209 24095238 14097
43218562 17541740 24234075 14189
43467931 17642914 24373212 14189
43717311 17744165 24512391 14280
43966858 17845416 24651998 14371
44216333 17946647 24792134 14461
44465722 18047862 24932284 14550
44716998 18149096 25072394 14638
44968300 18250904 25212633 14726
45219505 18352720 25352892 14726
45470771 18454503 25493117 14901
45721838 18556246 25634351 14989
45972736 18657944 25775037 15079
46223588 18759582 25915079 15169
46474057 18861157 26055055 15261
46724184 18962652 26194847 15353
46974350 19064119 26334551 15445
47224324 19165550 26474356 15537
47474215 19266978 26614096 15629
47724257 19368407 26753753 15722
47974035 19469813 26893450 15815
48223720 19571204 27033065 15815
48473555 19672587 27172618 15908
48723271 19773949 27313210 16000
48972940 19875309 27453736 16092
49222733 19976665 27594145 16184
49472372 20078021 27734643 16275
49723718 20179388 27874951 16366
49975033 20280737 28015160 16459
50224590 20382072 28155431 16552
50475689 20483424 28295568 16647
50725358 20584764 28435619 16742
50976272 20686097 28575711 16837
51227301 20787927 28715711 16932
51474024 20887973 28785872 17026
51716890 20986749 28989178 17120
51962524 21086630 29126707 17214
52462157 21187727 29265898 17214
52716127 21289943 29406672 17309
52972235 21393153 29549990 17404
53230273 21497228 29694618 17499
53491977 21602055 29914786 17593
53755159 21814865 30061447 17688
54019663 21922081 30209033 17784
54285675 22029758 30357270 17880
54551703 22137778 30505987 17976
54818556 22246132 30655247 18074
55086242 22354816 30804988 18172
55354856 22463747 30955001 18270
55623947 22572923 31105126 18368
55893632 22682310 31256317 18465
56164272 22791920 31408457 18562
56435374 22901693 31560806 18659
56708467 23011622 31713376 18659
56981501 23122289 31866057 18756
57254886 23233086 32018794 18853
57528472 23343917 32171416 18950
57802299 23454768 32324431 19047
58076676 23565660 32477746 19144
58351173 23676582 32631079 19241
58625194 23787502 32784509 19338
58899326 23898453 32938849 19435
59173810 24009441 33092959 19532
59448310 24120436 33247167 19629
59723075 24231433 33401691 19726
59999447 24342885 33556420 19823
60276829 24454354 33711378 19921
60554113 24565792 33866230 20020
60829617 24677204 34020817 20119
61106957 24788602 34175502 20119
61384294 24900558 34330067 20317
61660695 25012461 34484634 20417
61937017 25124291 34638891 20417
62212814 25235821 34791651 20518
62484849 25345871 34943564 20618
62756971 25455885 35095827 20718
63029616 25566028 35248188 20818
63302044 25676275 35401595 20918
63574784 25786611 35555189 21018
63847740 25897051 35708781 21118
64121247 26007590 35862308 21218
64396686 26118199 36016095 21318
64672398 26228832 36169948 21318
64947543 26339525 36323848 21418
65222919 26450857 36477662 21518
65498195 26562232 36631240 21618
65773502 26673569 36784986 21718
66049164 26784902 36938906 21818
66324755 26896233 37092765 21918
66599699 27007519 37247119 22019
66874648 27118813 37401837 22119
67149734 27230088 37556159 22219
67424752 27341359 37710601 22318
67701585 27452611 37865334 22417
67978742 27564456 38019833 22516
68255049 27676283 38174168 22516
68531136 27788052 38328404 22615
68807133 27899761 38482505 22714
69083400 28011420 38636731 22813
69359573 28123024 38790886 22912
69634984 28234563 38945510 23012
69910404 28346060 39100095 23111
70186057 28457533 39254702 23210
70461570 28568979 39409447 23309
70737160 28680373 39564454 23408
71013096 28791764 39719223 23507
71289816 28903132 39873814 23606
71566555 29014483 40028302 23707
71841641 29125815 40182660 23808
72118537 29237140 40337152 23909
72395553 29349041 40491553 24011
72671689 29460915 40645942 24113
72947778 29572736 40800185 24113
73223859 29684443 40953242 24216
73496775 29794926 41105639 24318
73769806 29905361 41258410 24419
74043307 30015876 41411636 24519
74316481 30126462 41565420 24619
74589915 30237109 41719304 24719
74863399 30347810 41872955 24818
75138987 30458567 42026771 24818
75414905 30569954 42180820 24917
75690811 30681377 42334874 25016
75966148 30792769 42488846 25214
