25659 57726 0 2002
50293 123818 16910 2002
78092 123818 30557 2002
174729 202519 69807 2002
309377 244616 167196 2002
476889 332254 250173 2002
692062 381220 355729 2002
953390 491377 467283 3094
1100034 552959 638940 3094
1417320 685850 731693 3094
1588563 757180 828293 3094
1767702 831374 980172 3094
1935407 901800 1078332 3094
2276111 971932 1223061 3094
2455886 1119716 1323418 3094
2642282 1197324 1428692 3094
2834239 1277130 1594177 3094
3031468 1358868 1761407 3094
3439374 1442289 1877408 3965
3650688 1527266 1995330 3965
3865603 1700432 2114831 3965
4083254 1788291 2236010 3965
4303049 1877160 2358241 3965
4525863 1967012 2481660 3965
4750484 2057689 2607692 3965
4976417 2149079 2733997 3965
5204076 2241119 2860899 3965
5432924 2333725 2988718 3965
5663840 2426859 3117727 4738
5895691 2520398 3247417 4738
6128179 2614326 3376998 4738
6360180 2708071 3569955 4738
6592803 2802124 3767489 4738
6827215 2896560 3899267 4738
7062363 2991299 4031177 4738
7297789 3086297 4163102 4738
7533738 3181530 4295144 4738
7769959 3276966 4359782 4738
8006450 3372585 4559503 5425
8243442 3468366 4692719 5425
8481569 3564343 4825724 5425
8718829 3659936 4958767 5425
8956078 3755622 5091779 5425
9193353 3851455 5224723 5425
9431070 3947421 5357746 5425
9668851 4043498 5490932 5425
10145152 4139682 5624207 5425
10384407 4235939 5757967 6036
10384407 4332322 5891652 6036
10624033 4428805 6025205 6036
10862241 4524821 6158704 6036
11100432 4620894 6223857 6036
11338874 4716896 6291920 6036
11576741 4810715 6423334 6036
11807820 4905203 6553190 6036
12039261 5000003 6747079 6524
12271813 5095052 6878396 6524
12505809 5189279 7009335 6524
12740415 5283697 7140500 6524
12975356 5378389 7271778 6524
13210986 5473346 7403286 6524
13447193 5568536 7535366 6960
13683822 5663948 7735276 6960
13921782 5759600 7867837 6960
14158681 5854877 8000376 6960
14395770 5950275 8132885 6960
14632837 6045791 8265782 6960
14869518 6142101 8399066 7351
15108368 6238368 8532177 7351
15346089 6334174 8665122 7351
15584028 6430068 8798673 7351
15823155 6526141 8932738 7351
16062618 6622338 9066733 7351
16302319 6718629 9200651 7703
16541879 6814991 9334090 7703
16779874 6910887 9467013 7703
17018016 7006840 9600034 7703
17256260 7102899 9733574 8020
17494272 7199713 9867255 8020
17734209 7296434 10001036 8020
17973556 7392669 10135184 8020
18213249 7488938 10269206 8020
18452644 7585217 10403107 8307
18691892 7681566 10536452 8307
18929805 7777456 10669398 8307
19167745 7873403 10802461 8568
19404228 7970115 10935549 8568
19642463 8066947 11068899 8568
19881064 8163135 11202687 8568
20120627 8259358 11336771 8807
20360308 8355638 11470393 8807
20598384 8451460 11535442 8807
20836535 8547309 11603424 9009
21071331 8641956 11735428 9009
21303073 8736683 11866071 9009
21535487 8831597 11996437 9195
21768552 8926733 12127331 9195
22003367 9021062 12258573 9367
22238867 9115566 12389912 9367
22474584 9210314 12520915 9367
22709407 9304799 12651675 9527
22944576 9399474 12846989 9527
23178593 9494463 12978536 9676
23415341 9589536 13110985 9676
23652910 9684801 13243727 9815
23889475 9779719 13311195 9815
24126041 9874780 13442786 9947
24359970 9970113 13574103 9947
24594359 10065635 13705126 10072
24827951 10160799 13836151 10072
25063918 10255571 14031690 10191
25299910 10350042 14099065 10191
25536318 10444733 14230653 10304
25771690 10539143 14361890 10413
26004374 10633780 14492824 10413
26237258 10728711 14623181 10519
26469645 10823345 14753411 10519
26701429 10917660 14884093 10621
26936579 11011699 15015117 10719
27170937 11105473 15145973 10814
27405636 11199544 15276228 10814
27638096 11293991 15405810 10908
27869553 11388197 15535399 11001
28100294 11482141 15665357 11094
28332489 11575862 15795601 11187
28565034 11669733 15926185 11278
28800058 11763776 16056357 11278
29032629 11858163 16185929 11369
29264225 11952315 16315065 11460
29495230 12046187 16444405 11550
29726042 12139795 16574170 11638
29959697 12233134 16703677 11638
30191146 12326866 16832682 11725
30417546 12418824 16958985 11811
30643448 12510559 17084842 11897
30869079 12602288 17211528 11982
31095419 12694032 17338904 12067
31318997 12784849 17465454 12153
31544464 12876606 17591676 12239
31772507 12969408 17719027 12325
32003386 13063114 17849147 12411
32236389 13157650 17980135 12497
32470947 13252935 18111839 12583
32706765 13349537 18244241 12669
32945947 13446733 18442675 12755
33186385 13544399 18645993 12755
33427999 13642461 18782053 12841
33671159 13740867 18919292 12926
33914947 13839589 19056729 13011
34159613 13938604 19194349 13096
34404714 14037876 19332132 13181
34650076 14137395 19470014 13266
34896120 14237133 19608123 13351
35390347 14337072 19746772 13436
35638758 14437672 19885854 13522
35888892 14538371 20025119 13608
36139101 14639783 20164499 13694
36389524 14741287 20303875 13780
36639950 14842798 20443394 13867
36890244 14944314 20583024 13954
37140800 15045843 20722671 14041
37391174 15147362 20862823 14128
37641561 15248873 21003071 14215
37892115 15350395 21143724 14302
38142542 15451925 21284377 14389
38393006 15553450 21425026 14476
38643618 15654981 21565618 14563
38894204 15756503 21706226 14563
39144920 15959527 21846870 14650
39397438 16061633 21987537 14736
39650213 16163746 22128290 14822
39903105 16265803 22268928 14908
40155053 16265803 22408531 14993
40403624 16367502 22547733 15077
40654007 16467888 22687468 15077
40904175 16567722 22827707 15161
41154166 16769928 22968379 15244
41405927 16871709 23109120 15327
41657664 16871709 23249830 15410
41909157 16973474 23390526 15493
42160675 17075216 23531119 15576
42412007 17176912 23671656 15659
42663217 17278566 23812183 15743
42914637 17380210 23952647 15827
43165807 17481828 24093532 15911
43416875 17583420 24234408 15995
43668097 17685015 24375583 16079
43919227 17786596 24516745 16079
44170239 17989708 24657852 16163
44422925 18091822 24798776 16246
44675301 18193901 24939603 16329
44927480 18295921 25080403 16412
45179784 18397893 25221114 16495
45431716 18499813 25362226 16577
45683370 18499813 25503701 16659
45935126 18703510 25645017 16741
46186598 18805287 25786211 16823
46437855 18805287 25927299 16905
46689038 18907041 26068197 16988
46940060 19008717 26208988 17071
47190834 19110375 26349715 17154
47441770 19211990 26490311 17237
47692647 19313574 26630907 17320
47943369 19415150 26771498 17403
48194262 19516724 26911931 17486
48444955 19618245 27052353 17569
48695528 19719765 27192775 17653
48946383 19821291 27333123 17737
49197166 19922818 27473519 17821
49447913 20024345 27613950 17906
49698846 20125893 27754287 17992
49949585 20227449 27894603 18078
49949585 20329008 28033837 18164
50200192 20430545 28171888 18250
50446999 20530612 28310048 18250
50693771 20630666 28448455 18336
51188655 20730882 28587021 18422
51438106 20831810 28725791 18508
51687814 20932879 28864738 18594
51937632 21034025 29003758 18680
52187385 21135171 29142900 18766
52437297 21236351 29282223 18852
52687296 21337569 29421597 18938
52937300 21438807 29561539 19024
53187696 21540071 29701767 19110
53440359 21641350 29842609 19196
53692648 21742131 29983799 19196
53944897 21945349 30125303 19282
54198310 22047776 30266726 19368
54451461 22150170 30407964 19454
54704538 22150170 30549059 19540
54957233 22354591 30690083 19626
55209640 22354591 30831032 19712
55461967 22456675 30972358 19797
55713958 22558685 31114062 19882
55965710 22660595 31255718 19882
56217560 22864217 31397204 19967
56470747 22966533 31538598 20051
56723848 22966533 31679890 20134
56978188 23171029 31821929 20217
57233360 23273563 31965016 20302
57488096 23376457 32107903 20386
57744134 23479332 32251329 20386
58002929 23581870 32394785 20469
58261284 23684818 32537889 20552
58517302 23788250 32680629 20635
58772378 23891537 32823026 20719
59026971 23994635 32965232 20803
59281136 24097544 33107243 20887
59535009 24200280 33249038 20971
59788519 24302865 33391147 21054
60041757 24405324 33533480 21137
60041757 24405324 33674685 21220
60294787 24507635 33814797 21220
60544328 24608650 33954816 21304
61043065 24709586 34094861 21387
61294178 24810558 34235074 21469
61545535 24912155 34375497 21551
61797132 25013797 34516026 21633
62048939 25115402 34657027 21714
62302711 25216994 34798034 21795
62554915 25318051 34938960 21876
62806740 25419670 35080251 21876
63058570 25521321 35221497 21957
63311710 25622943 35362695 22038
63564705 25725094 35503830 22119
63817655 25827237 35645354 22199
64070400 25929312 35786896 22279
64322964 26031342 35928873 22359
64575614 26133306 36070760 22359
64828055 26337121 36212533 22439
65081817 26337121 36354185 22518
65335716 26439555 36495656 22597
65589198 26541940 36637472 22675
65842363 26644205 36779189 22753
66095558 26746403 36921234 22831
66348504 26848508 37063232 22831
66601151 27052488 37205026 22909
66855309 27052488 37346604 22986
67109182 27154968 37488044 23063
67362745 27257358 37629404 23140
67616284 27359647 37770671 23217
67869431 27461847 37912300 23294
68122211 27563951 38053838 23371
68375094 27666009 38195729 23448
68627748 27768001 38337603 23525
68880109 27869929 38479328 23602
69132526 27971818 38620862 23602
69384746 28073667 38762293 23679
69636716 28175466 38903642 23755
69890351 28277802 39044906 23831
70143727 28380110 39186131 23908
70143727 28482318 39326396 23985
70396689 28584430 39465653 24062
70646398 28685299 39604930 24139
70895754 28786075 39744401 24216
71145016 28886924 39883929 24293
71394681 28987835 40023549 24370
71644361 29088792 40163221 24447
71894072 29189813 40302853 24525
72144053 29290876 40442513 24604
72393848 29391980 40582173 24683
72643593 29493120 40721767 24762
72893552 29594279 40861418 24841
73143436 29695461 41001113 24921
73393297 29796686 41140811 25002
73643428 29897946 41280585 25084
73893555 29999228 41420372 25166
74143585 30100530 41560069 25248
74393720 30201812 41699791 25331
74643743 30303120 41839543 25416
74892239 30404449 41979268 25502
75141050 30505785 42119098 25588
75640474 30607143 42259027 25674
75640474 30708532 42398979 25761
75891450 30809928 42538990 25848
