53415 30015 6065 988
81161 61476 18576 988
192200 131369 43647 988
268860 169872 135529 988
434421 250261 210077 988
637747 295517 341690 988
893882 398829 417988 988
1042698 520337 585172 2044
1365659 586854 675421 2044
1537832 656027 769657 2044
1717647 728175 969926 2044
1904139 880499 1076512 2044
2293584 960144 1184892 2044
2495359 1041702 1297562 2044
2701742 1125021 1468355 2044
2911817 1209901 1586611 2044
3124881 1296194 1768144 2044
3341642 1472330 1891320 2044
3560705 1561899 2015175 2987
3781855 1652296 2139517 2987
4005691 1742921 2265330 2987
4229721 1834222 2392383 2987
4682062 1926184 2519585 2987
4910459 2018732 2646892 2987
5140738 2111810 2775417 2987
5372025 2205314 2905067 2987
5604238 2299220 3035940 2987
5837183 2393480 3166665 2987
6070842 2488029 3297512 2987
6305850 2582851 3428309 3824
6541451 2677930 3559597 3824
6776179 2772664 3691170 3824
7011171 2867634 3823816 3824
7246476 2962822 3956117 3824
7482443 3058173 4088437 3824
7718698 3153711 4220872 3824
7956231 3249397 4353024 3824
8194098 3345232 4485942 3824
8432215 3441192 4619149 3824
8670477 3537258 4753023 4490
8905680 3632457 4886409 4490
9135509 3726020 5016840 4490
9365893 3819207 5145777 4490
9597707 3912751 5275008 4490
9830939 4006685 5404346 4490
10064812 4100962 5534817 4490
10299147 4195539 5666825 4490
10534126 4290373 5798724 4490
10769622 4385412 5930705 5082
11005514 4480653 6062742 5082
11241086 4575555 6194584 5082
11477078 4670646 6325903 5082
11713699 4765945 6458020 5082
11950503 4861447 6591547 5082
12187460 4957131 6724793 5082
12424875 5052928 6857990 5610
12662456 5148823 6991171 5610
12899701 5244809 7123978 5610
13137105 5340388 7256140 5610
13374852 5436056 7389023 5610
13613058 5531837 7522218 5610
13851314 5627752 7656554 5610
14089590 5723773 7790622 5610
14328093 5819876 7924565 6082
14566683 5916050 8058017 6082
14804229 6011804 8191043 6082
15042488 6107618 8324145 6082
15281025 6203566 8457024 6082
15519858 6299633 8656310 6504
15758599 6395790 8724355 6504
15997379 6492048 8858652 6504
16234933 6587846 8992237 6504
16472569 6683697 9125726 6504
16710364 6779633 9259102 6504
16949168 6875665 9392482 6883
17188071 6971830 9525548 6883
17425845 7067575 9657889 6883
17663487 7163385 9790887 6883
17901207 7259311 9924394 7225
18139165 7355358 10058764 7225
18375768 7451414 10192207 7225
18608759 7545605 10323906 7225
18841868 7639692 10454481 7225
19075951 7734068 10585279 7506
19310818 7828723 10715432 7506
19542774 7922749 10845452 7506
19775147 8016461 10976418 7506
20008510 8110472 11107450 7760
20242462 8204814 11238657 7760
20476459 8298922 11369655 7760
20710988 8393303 11500605 7992
20946049 8487976 11631528 7992
21180239 8582915 11763205 7992
21414768 8677583 11895544 8205
21649870 8772451 12027523 8205
21884021 8867545 12159101 8205
22119042 8962316 12290366 8402
22354858 9057285 12421036 8402
22589474 9151945 12552107 8585
22824414 9246788 12683879 8585
23058445 9341866 12816273 8585
23292951 9436606 12948014 8755
23528351 9531523 13079332 8755
23763146 9626118 13210444 8914
23998447 9720934 13341085 8914
24232886 9815448 13472557 9064
24467503 9910157 13604328 9064
24701246 10004605 13736682 9206
24935580 10099274 13868426 9206
25169683 10193666 13999860 9340
25404541 10288296 14131023 9340
25638319 10382621 14262035 9467
25872476 10477196 14392185 9467
26105836 10571486 14523049 9588
26338206 10666054 14654667 9704
26571404 10760377 14785698 9704
26804405 10854935 14916459 9815
27038118 10949214 15046642 9815
27271229 11043217 15176363 9922
27503177 11137481 15306658 10025
27503177 11231521 15437868 10025
27735863 11323727 15566134 10123
27963867 11416212 15694146 10218
28191752 11508656 15756523 10311
28421025 11599731 15947687 10402
28875391 11691668 16076086 10402
29105986 11785242 16206657 10493
29340997 11879789 16337796 10583
29578165 11975138 16469653 10673
29816517 12071165 16602812 10763
30056052 12167801 16736827 10853
30296887 12264977 16872036 10943
30538635 12363186 17008708 10943
30781334 12461844 17145707 11032
31026493 12560831 17283023 11120
31272442 12660110 17421043 11207
31519718 12759624 17559645 11294
31767231 12859916 17698430 11381
32015114 12960404 17837391 11468
32263523 13061013 17976457 11555
32513767 13161718 18183716 11642
32764214 13262511 18323135 11642
33015015 13363393 18462639 11729
33265736 13464339 18603261 11816
33516555 13565358 18743958 11903
33767530 13666451 18884583 11990
34018292 13768149 19025203 12080
34269018 13869372 19165787 12170
34519852 13971133 19306275 12263
34770448 14072401 19446790 12356
35021049 14173652 19587275 12448
35271739 14275497 19727691 12543
35522159 14376838 19868105 12639
35772533 14478148 20008470 12735
36023123 14580027 20148816 12832
36273692 14681944 20289275 12930
36524234 14783322 20429661 13027
36774903 14885214 20570050 13124
37025558 14987139 20710552 13221
37276187 15089039 20851000 13316
37526553 15190912 20922591 13409
37774632 15292567 21061786 13409
38022425 15392803 21199834 13503
38271822 15493411 21338841 13597
38521442 15594157 21546788 13691
38771209 15695028 21687518 13784
39021337 15795967 21828434 13877
39271425 15896992 21969232 13970
39521622 15998678 22109974 14062
39771953 16100413 22250752 14154
40022314 16202148 22391506 14246
40274310 16303870 22532183 14338
40526338 16405560 22672870 14338
40778258 16507247 22813510 14430
41030261 16608920 22954998 14521
41282297 16710562 23096501 14612
41534283 16812194 23237892 14702
41786500 16914350 23379165 14792
42038774 17016475 23520400 14883
42290954 17118552 23661510 14974
42543186 17220583 23802487 15065
42795079 17322572 23943449 15156
43046808 17424513 24084287 15248
43298517 17526426 24225030 15339
43551486 17628289 24365768 15430
43804425 17730130 24506470 15521
44057346 17831954 24647114 15521
44309943 17933743 24787764 15612
44562300 18035519 24929162 15702
44814587 18137269 25070504 15792
45066675 18238980 25211756 15882
45318452 18340679 25352818 15971
45570166 18442885 25493752 16060
45821699 18545064 25634695 16149
46073142 18647188 25775540 16238
46324628 18749223 25916243 16328
46575950 18851188 26056988 16418
46827163 18953102 26197626 16508
47078468 19054959 26338192 16598
47329726 19156765 26478857 16688
47580875 19258541 26550712 16778
47828754 19360253 26690250 16868
48076356 19460618 26828816 16958
48324149 19560980 26967463 17048
48572388 19661452 27106212 17139
48820671 19762036 27245097 17232
49069048 19862686 27384101 17325
49317756 19963417 27591239 17418
49566457 20064246 27730545 17511
49815264 20165148 27801251 17604
50064392 20266114 27941137 17697
50313518 20367153 28080744 17790
50564403 20468257 28220408 17883
50815643 20569408 28360135 17976
51066733 20670588 28568380 18070
51317638 20771806 28708240 18070
51568697 20873057 28848146 18164
51819682 20974357 28989064 18257
52070567 21075688 29130008 18350
52321697 21177051 29270988 18443
52572690 21279003 29411941 18536
52823496 21380940 29552796 18629
53074413 21482828 29693709 18721
53326934 21584662 29834702 18721
53579533 21686474 29975716 18812
53832256 21788286 30117787 18903
54084900 21890097 30259914 18994
54337526 21991883 30401907 19084
54590235 22094247 30543853 19173
54844344 22196607 30685612 19262
55098391 22298898 30827175 19262
55352341 22401111 30968739 19350
55606112 22503289 31111085 19437
55859605 22605384 31253302 19524
56112993 22707422 31395306 19611
56366205 22809415 31537182 19698
56619142 22911907 31678860 19785
56872061 23014357 31820568 19872
57124709 23116731 31962219 19959
57377130 23218983 32103670 20046
57629393 23321148 32175946 20132
57878336 23423180 32315964 20132
58127045 23523419 32454693 20218
58376157 23623604 32593716 20303
58625491 23723970 32733525 20388
58875117 23824497 32873277 20472
59123408 23924877 33081858 20557
59374280 24026275 33223592 20642
59628018 24231740 33366482 20728
59885795 24335875 33510818 20814
60145926 24440825 33731051 20901
60407931 24546500 33802674 20989
60935087 24652833 34025094 21078
61200772 24759703 34173207 21167
61467880 24867104 34322549 21256
61735970 24974958 34472634 21345
62005031 25083235 34623235 21435
62275260 25191883 34774287 21526
62546201 25300845 34925828 21617
62817746 25410095 35078321 21708
63089566 25520186 35230770 21799
63361910 25630514 35383853 21890
63634678 25740976 35537588 21890
63907883 25851569 35691045 21981
64183409 25962263 35844545 22072
64459299 26073032 35998293 22164
64735267 26183889 36152271 22256
65010857 26294841 36305831 22348
65286622 26405835 36460248 22440
65562458 26516884 36614348 22533
65838562 26627992 36768519 22627
66114969 26739159 36922804 22721
66390715 26850335 37077225 22816
66666524 26961556 37231679 22911
66942408 27072815 37385984 23006
67218666 27184104 37540219 23102
67495026 27295403 37695179 23198
67771981 27406959 37850454 23294
68048446 27518475 38005678 23389
68324997 27630583 38161678 23484
68600759 27742348 38316971 23484
68872964 27852718 38470878 23579
69145443 27962995 38623762 23674
69419630 28073388 38776222 23769
69694017 28183883 38929373 23864
69968728 28294514 39083241 23959
70243908 28405241 39236769 24054
70519305 28516040 39390459 24149
70795021 28626925 39544452 24245
71070522 28737887 39698935 24339
71346196 28848889 39853832 24433
71621898 28960531 40008773 24527
71897795 29072239 40163690 24621
72174186 29183941 40318642 24715
72450479 29295629 40473272 24809
72726212 29407301 40628338 24903
73001999 29518936 40783733 24997
73278071 29630555 40938589 24997
73554143 29742173 41093420 25092
73832084 29853778 41248386 25187
74110202 29965359 41402766 25282
74387616 30076895 41557950 25377
74664718 30188420 41712728 25472
74941942 30299959 41867468 25567
75219383 30411490 42022267 25662
75496699 30523009 42177538 25756
75773381 30634507 42333131 25850
76049936 30746019 42488643 25944
