33853 46519 12693 0
193891 92640 89134 0
378034 141484 164630 0
617321 245084 295400 0
911212 367850 462778 0
1082919 438179 607208 0
1465861 594261 772623 0
1673267 678142 945849 0
1869063 765745 1003736 0
2064245 848638 1168510 1519
2267337 931070 1283359 1519
2472458 1017591 1398903 1519
2680814 1190254 1515972 1519
3108634 1278226 1635022 1519
3326523 1367266 1818776 1519
3547575 1457212 1941555 1519
3770450 1547973 2066253 1519
3995246 1639462 2253396 1519
4221562 1731579 2380355 1519
4450280 1824259 2508194 1519
4680144 1917444 2637251 1519
4910839 2011118 2766722 1519
5142666 2105149 2896589 1519
5375267 2199518 3026931 1519
5609493 2294174 3157823 1519
5844456 2389110 3289308 1519
6079796 2484321 3421322 1519
6315640 2579742 3553555 1519
6551904 2675349 3685985 2867
6788628 2771129 3818112 2867
7024440 2866516 3950109 2867
7261104 2962017 4082412 2867
7498371 3057679 4215008 2867
7735991 3153509 4348310 2867
7973791 3249532 4481695 2867
8211946 3345656 4615151 2867
8450283 3441885 4748717 2867
8688887 3538210 4882293 2867
8927875 3634604 5016035 2867
9167636 3731066 5149976 2867
9407704 3827595 5284001 2867
9647807 3924190 5418345 2867
9887805 4020884 5552919 2867
10127994 4117633 5687556 2867
10368150 4214416 5822154 2867
10608201 4311228 5956611 2867
10848494 4408038 6091052 4057
11088769 4504871 6225554 4057
11327794 4601203 6359114 4057
11567017 4697445 6489904 4057
11801115 4791779 6620739 4057
12035499 4886172 6752246 4057
12270373 4980888 6884204 4057
12505620 5075892 7016272 4057
12741566 5171110 7148543 4057
12978018 5266544 7281143 4057
13215941 5362154 7414025 4057
13454063 5457943 7547178 4057
13692334 5553870 7680604 4057
13930955 5649931 7814392 4057
14169597 5746128 7948307 4057
14408313 5842428 8082140 4988
14647360 5938792 8215570 4988
14885089 6034701 8348733 4988
15122878 6130685 8481923 4988
15361578 6226767 8615362 4988
15600473 6322956 8749102 4988
15839791 6419242 8883001 4988
16079131 6515654 9017225 4988
16318358 6612175 9151354 4988
16557839 6708741 9285469 4988
16797391 6805342 9419610 4988
17037038 6901994 9553750 4988
17276966 6998678 9687992 5812
17517331 7095382 9821907 5812
17756529 7191587 9955498 5812
17995660 7287823 10089346 5812
18234953 7384178 10223558 5812
18474463 7480620 10357842 5812
18713962 7577133 10492123 5812
18953548 7673725 10626297 5812
19193311 7770342 10760441 5812
19432916 7867011 10894631 5812
19673475 7963702 11028872 6543
19913987 8060433 11163210 6543
20152902 8156649 11296883 6543
20391939 8252903 11430578 6543
20630988 8349291 11564584 6543
20869936 8445779 11698457 6543
21109103 8542247 11830499 6543
21345030 8637491 11962607 6543
21581065 8732804 12094890 6543
21818368 8828292 12227551 7123
22055983 8923960 12360550 7123
22294268 9019779 12493492 7123
22531341 9115252 12626509 7123
22768448 9210890 12759545 7123
23005950 9306654 12892703 7123
23243866 9402555 13026029 7123
23482038 9498590 13159465 7123
23721369 9594739 13293201 7123
23960862 9690994 13427099 7639
24200747 9787314 13560874 7639
24439128 9883176 13694488 7639
24677373 9979148 13828140 7639
24916040 10075227 13961911 7639
25154898 10171411 14095778 7639
25393990 10267700 14229646 8100
25633338 10364066 14363631 8100
25873373 10460490 14496955 8100
26112242 10556440 14630332 8100
26351000 10652455 14764041 8100
26589893 10748621 14898050 8100
26829146 10844904 15032196 8513
27068447 10941285 15166383 8513
27307819 11037747 15300108 8513
27546082 11133718 15433499 8513
27784339 11229756 15566998 8513
28023725 11325879 15700653 8513
28263148 11422105 15834424 8884
28502515 11518416 15968010 8884
28740644 11614248 16101429 8884
28978740 11710186 16235026 8884
29216824 11806258 16368535 9218
29455282 11902407 16502066 9218
29693902 11998656 16634933 9218
29931256 12094482 16767844 9218
30169487 12190368 16901013 9521
30407799 12286372 17034325 9521
30641275 12382450 17164847 9521
30871242 12475544 17294179 9521
31103890 12569742 17425049 9773
31340306 12665313 17557265 9773
31578089 12761582 17690820 9773
31819748 12858998 17826101 10003
32064123 12957510 17962901 10003
32309172 13056418 18100381 10003
32556714 13156215 18239043 10215
32806263 13256823 18378474 10215
33307877 13357642 18518694 10412
33561044 13561220 18659920 10412
33813942 13663334 18801502 10412
34068419 13765935 18943373 10595
34322655 13868485 19086045 10595
34577912 13971498 19228625 10766
34832809 14074888 19371650 10766
35088645 14178142 19514437 10927
35345440 14281764 19657789 10927
35602087 14385188 19800785 11079
35859750 14488987 20017436 11079
36116989 14592645 20161115 11223
36373967 14696099 20305040 11360
36631998 14799940 20449232 11360
36889427 14903625 20593658 11490
37148049 15007643 20737763 11490
37406103 15111478 20882370 11614
37664795 15215613 21026535 11733
37923046 15319509 21171112 11733
38180581 15423162 21315334 11848
38438845 15527130 21459254 11848
38696804 15630882 21603594 11959
38953426 15734401 21747545 12066
39210654 15838246 21817744 12171
39467405 15941894 22034883 12171
39723714 16045301 22178640 12274
39979447 16148496 22248729 12375
40236192 16252089 22392180 12474
40492576 16355495 22535700 12571
40492576 16355495 22678882 12571
40748136 16458618 22820768 12667
40999727 16560236 22961853 12760
41252450 16662217 23102815 12760
41505106 16764181 23244166 12852
41757475 16866098 23385811 12942
42262025 16967947 23527398 13031
42515544 17070303 23668918 13118
42769166 17172640 23810712 13118
43022511 17274865 23952430 13204
43275670 17377003 24094585 13289
43530352 17581611 24236613 13373
43784775 17581611 24378549 13456
44038661 17684130 24520743 13539
44292555 17786543 24662728 13622
44292555 17888837 24804603 13622
44799142 17991030 24946346 13705
45052299 18093147 25088423 13787
45306661 18195188 25230400 13868
45560652 18297745 25372268 13949
45814569 18400268 25513884 14030
45814569 18502669 25655866 14111
46321524 18604992 25797821 14192
46574989 18707245 25939606 14273
46574989 18809413 26081326 14355
46828085 18911508 26222922 14437
47080761 19013543 26364269 14519
47333358 19115503 26505515 14601
47585703 19217431 26646713 14683
47837806 19319338 26787754 14766
48089840 19421183 26928624 14851
48341444 19522977 27069368 14936
48592811 19624715 27210002 14936
48844282 19726404 27350629 15021
49095677 19828063 27491747 15105
49346982 19929699 27632818 15189
49598585 20031863 27773915 15274
49850154 20133497 27915019 15358
50103102 20235667 28055997 15442
50356153 20337796 28196986 15527
50608985 20439874 28337968 15612
50861498 20541811 28477552 15696
51109433 20641927 28616143 15780
51357123 20742010 28753920 15865
51602439 20841207 28891800 15951
51850393 20941493 29031280 16037
52355623 21145581 29172383 16125
52612505 21249141 29314915 16214
52871360 21353580 29532958 16303
53131641 21458806 29678535 16393
53393459 21564720 29825042 16484
53656777 21671257 29972505 16576
53921494 21778348 30193079 16668
54187450 21885892 30342154 16760
54454310 21993827 30492359 16852
54722053 22102153 30643019 16944
54991044 22210828 30794004 17036
55261093 22319823 30945653 17128
55531997 22429150 31097596 17220
55805413 22539281 31249843 17220
56078689 22649636 31402302 17312
56352241 22760122 31555472 17403
56626016 22870712 31708776 17494
56900419 22981393 31862191 17585
57175184 23092132 32015943 17676
57450177 23202963 32169727 17767
57724772 23313859 32323948 17858
57999714 23424809 32478295 17949
58274699 23535795 32632671 18041
58549730 23646786 32786948 18133
58825445 23757839 32941531 18225
59101365 23869554 33096068 18317
59376753 23981319 33250624 18409
59652140 24093069 33405080 18502
59927800 24204717 33559388 18595
60205417 24316347 33714019 18688
60483267 24427996 33868686 18688
60760926 24539627 34023784 18781
61038284 24651220 34178910 18874
61315502 24762792 34333921 18967
61592064 24874354 34488568 19061
61865538 24985667 34641259 19154
62138870 25095624 34793915 19247
62411792 25205590 34946760 19341
62684900 25315687 35099719 19436
62958680 25425918 35252798 19532
63232827 25536262 35406094 19628
63507156 25646717 35559544 19724
63782025 25757275 35713098 19820
64056520 25867950 35867236 19916
64331132 25978699 36021548 20012
64605829 26090108 36175710 20012
64882652 26201558 36330534 20107
65159885 26313051 36485352 20202
65437049 26424541 36640206 20297
65713648 26536032 36794988 20392
65990298 26647494 36950263 20486
66267065 26758958 37105458 20580
66543926 26870414 37260832 20675
66821084 26981891 37416024 20770
67097583 27093936 37571073 20865
67375379 27205944 37726088 20960
67653151 27317914 37880813 21055
67931242 27429809 38036310 21152
68209343 27541718 38191328 21251
68485202 27653596 38346175 21350
68762324 27765389 38500849 21449
69039624 27877082 38655329 21449
69317125 27988785 38810551 21548
69594662 28100511 38965790 21646
69872098 28212192 39120924 21744
70149116 28323848 39275975 21842
70425885 28435470 39431492 21940
70702833 28547107 39586963 22038
70980320 28658731 39742465 22136
71257852 28770934 39897937 22234
71536195 28883156 40053323 22332
71814221 28995282 40208550 22332
72092496 29107325 40364146 22430
72370807 29219309 40519886 22528
72648714 29331224 40675345 22625
72923052 29443045 40828842 22721
73196903 29553554 40982613 22816
73470852 29663904 41136298 22816
73745211 29774959 41290357 22911
74021895 29886099 41444862 23004
74298908 29997289 41599435 23097
74575199 30108527 41754007 23190
74851356 30219776 41908543 23282
75127884 30331041 42063546 23374
75404661 30442353 42218602 23466
75681469 30553692 42373640 23558
75957621 30665603 42528485 23650
