35389 38509 22340 0
181865 121366 92976 0
345241 165102 165437 0
555800 262213 328204 0
823651 377867 454511 0
976838 443545 587744 1442
1320535 587384 687350 1442
1508252 663898 898608 1442
1703080 743803 1011297 1442
2114116 826749 1127635 1442
2329290 1000670 1247839 1442
2550767 1091066 1432194 1442
2776874 1183351 1625801 1442
3007066 1277346 1757275 1442
3241531 1372834 1890683 1442
3722295 1469704 2025562 1442
3966760 1567729 2161892 1442
4213388 1666779 2299619 1442
4462244 1766738 2438538 1442
4712801 1867517 2578595 1442
4964929 2071055 2714910 2588
4964929 2071055 2849974 2588
5433258 2167927 2981505 2588
5667457 2262023 3111384 2588
5899659 2356145 3241057 2588
6132712 2450548 3371264 2588
6367130 2545297 3501693 2588
6602145 2640349 3632476 2588
6837621 2735620 3763327 2588
7073718 2831109 3895115 2588
7310356 2926790 4027905 2588
7547520 3022638 4161367 2588
7785901 3118646 4294552 2588
8024506 3214780 4427794 2588
8263493 3311052 4560634 2588
8502452 3407386 4694073 2588
8741399 3503789 4827782 3601
8980753 3600275 4961241 3601
9218757 3696821 5094953 3601
9456955 3792885 5229229 3601
9695446 3889028 5363151 3601
9934858 3985274 5497070 3601
10174617 4081662 5630476 3601
10414352 4178113 5764362 3601
10654085 4274626 5898455 3601
10894031 4371217 6032670 3601
11134008 4467874 6167060 3601
11373976 4564581 6301840 3601
11614321 4661319 6436841 3601
11854795 4758104 6572339 4497
12096121 4854962 6707329 4497
12337447 4951894 6841774 4497
12577287 5048314 6975378 4497
12817192 5144761 7109341 4497
13056828 5241291 7243396 4497
13296287 5337826 7377539 4497
13536066 5434416 7511758 4497
13775912 5531054 7646563 4497
14015925 5627729 7781416 4497
14256116 5724466 7916744 4497
14497170 5821251 8051647 4497
14738052 5918117 8186195 5202
14975112 6014934 8318334 5202
15210487 6110351 8450446 5202
15446296 6205285 8582374 5202
15682467 6300352 8714653 5202
15918940 6395621 8847419 5202
16156045 6491055 8980655 5202
16393906 6586656 9114521 5202
16632657 6682458 9247989 5202
16871527 6778427 9381034 5202
17110380 6874497 9514639 5828
17349567 6970694 9648001 5828
17587467 7066991 9781603 5828
17825221 7162830 9914875 5828
18063372 7258724 10048754 5828
18301753 7354714 10183231 5828
18541407 7450864 10317271 5828
18781108 7547148 10451240 5828
19020813 7643512 10584847 6385
19260788 7739980 10718901 6385
19499137 7836539 10852737 6385
19737617 7932606 10986308 6385
19976474 8028727 11119964 6385
20215520 8124946 11254314 6385
20454769 8221271 11388675 6385
20694960 8317699 11523499 6385
20935201 8414200 11657881 6882
21175722 8510777 11791752 6882
21414792 8607432 11925731 6882
21653735 8703613 12059459 6882
21893119 8799848 12193303 6882
22132550 8896195 12327362 6882
22372144 8992619 12461760 6882
22612039 9089118 12596516 7326
22852693 9185681 12731808 7326
23092396 9282354 12866226 7326
23331922 9378573 13000112 7326
23571397 9474762 13133586 7326
23811333 9571053 13267568 7326
24051270 9667453 13401771 7685
24290965 9763932 13535015 7685
24526003 9860426 13666807 7685
24760926 9955108 13798862 7685
24996711 10049831 13931101 7685
25233667 10144831 14064024 8008
25470987 10240068 14196686 8008
25707283 10335521 14328624 8008
25943774 10430624 14460824 8008
26180443 10525860 14593385 8008
26417823 10621287 14726168 8300
26655467 10716876 14859255 8300
26892856 10812092 14991988 8300
27130327 10907486 15124779 8300
27367984 11003042 15257694 8565
27606068 11098777 15390279 8565
27842725 11194115 15522683 8565
28079488 11289544 15655312 8806
28316816 11385144 15788209 8806
28552890 11480890 15921354 8806
28790293 11576210 16054600 8806
29027895 11671674 16187476 9026
29265676 11767289 16319608 9026
29502378 11862537 16451822 9026
29739200 11957925 16584384 9228
29976212 12053471 16716878 9228
30212473 12148638 16849217 9415
30448936 12243958 16982243 9415
30685151 12339462 17114930 9415
30921713 12434641 17247319 9589
31158618 12529960 17379459 9589
31394590 12624929 17511360 9752
31630819 12720093 17643203 9752
31865961 12815465 17774999 9905
32101756 12910511 17907574 9905
32336756 13005732 18040051 10048
32572969 13100639 18172165 10048
32808032 13195768 18303968 10183
33043435 13290555 18435217 10183
33278157 13385535 18566731 10312
33513258 13480227 18697942 10312
33513258 13575114 18762107 10430
33747505 13668060 18955895 10543
33976625 13760619 19084991 10543
34204733 13852910 19213964 10651
34667919 13946066 19344355 10758
34904457 14040527 19476310 10863
35143045 14136402 19609998 10863
35383032 14232984 19745211 10965
35626655 14330097 19880942 11065
35871202 14428311 20017575 11163
36116238 14625877 20155021 11163
36363626 14725079 20292739 11259
36611507 14825112 20430801 11354
36859631 14925385 20569573 11449
37108294 15025820 20708997 11543
37357128 15126372 20848683 11637
37606008 15227017 20988529 11730
37856922 15328309 21128394 11730
38107929 15429691 21268394 11823
38358829 15531078 21408929 11915
38610081 15632533 21549813 12007
38861252 15733983 21690804 12099
39112174 15835433 21831704 12191
39363099 15936876 21972449 12283
39615533 16038320 22113148 12283
39867859 16140312 22253794 12375
40120244 16242292 22394818 12465
40372376 16344182 22536270 12555
40624199 16446020 22677647 12644
40876189 16547804 22818934 12733
41129670 16649578 22960195 12822
41382958 16751287 23101390 12822
41636163 16853533 23311593 12910
41889231 16955790 23384098 12997
42142059 17057961 23526101 13084
42394981 17160055 23668043 13171
42647688 17262059 23809891 13257
42900018 17363973 23951523 13343
43152326 17465837 24093019 13430
43404726 17567678 24234488 13516
43657967 17669345 24375792 13516
43907729 17770047 24515877 13601
44157147 17870719 24654985 13686
44406725 17971488 24794126 13771
44656633 18072360 24934006 13856
44906650 18173311 25074299 13943
45156894 18274353 25215130 14030
45407410 18375479 25356112 14117
45658094 18476698 25497137 14204
45909302 18578006 25638108 14291
46160963 18679351 25779092 14378
46412536 18780736 25920048 14465
46664188 18882145 26060896 14552
46917250 18983569 26201753 14639
47170275 19084997 26342635 14726
47423368 19187049 26483441 14726
47676144 19289083 26624257 14813
47928820 19391109 26765514 14899
48181461 19493090 26907115 14985
48433834 19594996 27048652 15071
48685865 19696846 27190087 15157
48938020 19798671 27331375 15243
49190000 19900445 27472626 15329
49441817 20002195 27613831 15415
49693720 20103934 27754903 15501
49945345 20205634 27895888 15587
50196772 20307300 28036811 15672
50449949 20408947 28177632 15757
50702967 20511116 28318455 15842
50955795 20613288 28459294 15842
51208712 20715405 28600071 15927
51461328 20817421 28741258 16011
51713713 20919394 28882844 16095
51966182 21021329 29024316 16179
52218457 21123222 29165759 16263
52470503 21225069 29307158 16348
52722653 21326891 29448423 16433
52974617 21428664 29589648 16518
53226310 21530401 29730795 16602
53479809 21632122 29871800 16602
53732886 21734271 30012777 16686
53981790 21834861 30152547 16769
54230510 21935376 30291090 16852
54479296 22035961 30430173 16935
54728191 22136641 30569877 17018
54977480 22237409 30708575 17101
55223867 22337341 30846974 17185
55472700 22438318 30986872 17358
55724485 22540447 31128241 17448
55978797 22643620 31340875 17538
56235382 22747730 31485610 17630
56494316 22852665 31630944 17724
56755011 22958317 31776888 17820
57017229 23064616 31999128 17916
57281312 23171497 32147626 18011
57546631 23278871 32297357 18106
57813168 23386717 32447626 18106
58080922 23494973 32598204 18201
58619477 23603535 32749504 18295
58890748 23712417 32901063 18389
59162845 23821586 33052945 18484
59435479 23931011 33205134 18579
59708648 24041246 33357642 18674
59982533 24151715 33510355 18769
60256487 24262309 33663119 18863
60530389 24372991 33817350 18957
60804385 24483766 33971603 19052
61078977 24594623 34125879 19147
61353942 24705557 34280261 19242
61629098 24816543 34434716 19338
61904342 24927574 34589036 19434
62179437 25038645 34743592 19530
62456155 25149729 34898147 19530
62733186 25260842 35052663 19626
63010534 25371986 35207130 19722
63287745 25483726 35361390 19818
63564354 25595472 35516021 19914
63840956 25707196 35671103 20009
64117869 25818890 35826585 20104
64394837 25930577 35981757 20199
64670957 26042202 36135733 20293
64943468 26153519 36288723 20386
65216178 26263616 36441890 20479
65490780 26373713 36595153 20574
65764128 26483951 36748477 20670
66038076 26594289 36901873 20670
66313966 26704730 37055430 20766
66589707 26815264 37209139 20862
66865463 26926478 37363185 20958
67141583 27037791 37517135 21054
67417786 27149140 37671134 21151
67694149 27260488 37825274 21249
67970840 27371849 37979261 21347
68246953 27483246 38133892 21446
68523179 27594628 38289173 21545
68799428 27706017 38444046 21645
69076106 27817426 38599243 21745
69352832 27928838 38754463 21845
69628977 28040237 38909558 21945
69905049 28151617 39064807 22045
70181339 28263038 39219857 22045
70457724 28374482 39374866 22145
70735921 28485936 39529893 22244
71014412 28597959 39684649 22343
71292016 28710007 39839547 22442
71569403 28821942 39994435 22541
71846758 28933813 40150118 22640
72124357 29045656 40305718 22739
72401655 29157403 40460977 22838
72678287 29269090 40616425 22937
72954753 29380706 40771719 23036
73231499 29492313 40926882 23135
73508175 29603915 41081981 23135
73786569 29715478 41236936 23234
74064491 29827028 41391910 23333
74342477 29939124 41546816 23432
74620204 30051176 41701762 23531
74897825 30163152 41856677 23631
75175742 30275078 42011937 23730
75453022 30386973 42167469 23829
75729985 30498785 42322301 23927
76003741 30610527 42476068 24025
