58566 52138 8571 822
88930 84956 20251 822
151998 124943 35673 822
257511 206346 105257 1870
400185 248196 171502 1870
579321 338716 279405 1870
806329 388993 414025 1870
937329 503325 491439 1870
1232442 566805 662851 1870
1393190 704337 755424 1870
1741360 777637 852287 1870
1925534 853585 1057266 1870
2115041 931859 1164968 1870
2310064 1012190 1275344 2832
2509695 1178201 1388491 2832
2695002 1178201 1493268 2832
2877848 1333551 1596171 2832
3260591 1412413 1755158 2832
3459111 1493258 1923700 2832
3663327 1575933 2038756 2832
3871983 1660715 2156611 2832
4085946 1746943 2275527 2832
4301259 1834397 2397715 2832
4519918 2011953 2520968 2832
4963433 2102533 2645106 2832
5189617 2193726 2833565 3596
5417907 2285493 2899508 3596
5647544 2377840 3027519 3596
5878096 2470744 3217540 3596
6108181 2564120 3346717 3596
6339298 2657905 3477113 3596
6571966 2751452 3608553 3596
6807455 2845362 3740023 3596
7043605 2940339 3871242 3596
7280019 3035647 4002658 3596
7515614 3131142 4135043 4274
7751590 3226847 4335415 4274
7987553 3322161 4468892 4274
8223704 3417074 4601901 4274
8461748 3512817 4734505 4274
8700351 3608790 4867175 4274
8938995 3704948 4999948 4274
9177723 3801238 5064829 4274
9415429 3897606 5266261 4274
9653214 3994066 5401106 4877
9892236 4090626 5536050 4877
10130055 4186176 5670463 4877
10370745 4282287 5804456 4877
10611686 4379064 5938360 4877
10852462 4475973 6072184 4877
11093020 4572923 6205997 4877
11333614 4669850 6339945 4877
11572834 4766806 6474114 5414
11812252 4863825 6609128 5414
12050620 4960353 6675092 5414
12289251 5056219 6809886 5414
12524232 5150146 6941603 5414
12759280 5244856 7072717 5414
12994646 5339929 7203899 5414
13230735 5435232 7335488 5845
13467266 5530762 7467407 5845
13702906 5625982 7598941 5845
13939408 5721384 7731143 5845
14176619 5816987 7863765 5845
14414282 5912722 7996517 6231
14652147 6008635 8129320 6231
14888706 6104134 8261381 6231
15125599 6199777 8393685 6231
15361405 6295598 8526685 6231
15597594 6391579 8728192 6579
15835174 6487727 8862404 6579
16073103 6582925 8927455 6579
16311543 6678210 9061028 6579
16550087 6774373 9194116 6894
16788690 6870754 9327163 6894
17027578 6967233 9460012 6894
17265220 7063269 9592624 6894
17503019 7159381 9793500 6894
17741373 7255599 9927576 7180
17981727 7351771 9993398 7180
18221017 7447451 10127664 7180
18460130 7543900 10261324 7440
18699266 7640501 10394910 7440
18937190 7737124 10527815 7440
19175119 7833288 10660750 7440
19413383 7929548 10793945 7678
19650610 8025896 10995825 7678
19888627 8121776 11129821 7678
20127299 8217197 11195208 7896
20366030 8312733 11329360 7896
20603777 8408617 11462320 7896
20841673 8504670 11595271 8097
21079778 8600888 11728326 8097
21316649 8696684 11860713 8097
21555577 8792570 11993019 8271
21794582 8888530 12060416 8271
22027738 8982488 12192047 8432
22260921 9076608 12322543 8432
22493148 9171082 12452689 8432
22726155 9265303 12582647 8583
22959843 9359785 12712974 8583
23192799 9454044 12907103 8725
23425362 9548579 12974086 8725
23659066 9642856 13105540 8858
23893665 9737368 13236649 8858
24127247 9831600 13367504 8983
24361367 9926157 13498146 8983
24594910 10020457 13628736 9103
24828886 10115040 13823491 9217
25061550 10209356 13890394 9217
25294864 10303389 14021726 9327
25528830 10397790 14152487 9433
25762247 10491950 14283055 9433
25994807 10585853 14413174 9536
26228105 10680101 14543259 9636
26461325 10774089 14673710 9735
26693593 10867825 14803892 9735
26925413 10961319 14933781 9832
27157882 11055258 15063598 9926
27389618 11149021 15193292 9926
27620853 11242528 15322607 10019
27852834 11336413 15452410 10109
28087848 11430392 15583322 10197
28322055 11524691 15714709 10285
28555129 11618767 15845414 10285
28787487 11712553 15975480 10373
29020622 11806711 16105545 10459
29252967 11900665 16235323 10543
29485325 11994367 16365509 10626
29716918 12087835 16495559 10626
29947969 12181091 16625041 10709
30179722 12274765 16754432 10791
30410976 12368341 16883464 10873
30641688 12461698 17012695 10955
30872256 12554840 17142014 11038
30872256 12554840 17271185 11120
31102628 12647849 17397673 11202
31328251 12739135 17523625 11284
31553188 12830306 17649464 11366
31778181 12921514 17775761 11448
32003327 13012760 17902391 11530
32228098 13195517 18028902 11613
32684023 13288434 18156452 11696
32915398 13382249 18285380 11779
33149122 13476863 18415821 11863
33384815 13572212 18547413 11947
33622051 13668934 18679787 12032
33860417 13766278 18877996 12117
34101991 13864109 19012662 12117
34344462 13962361 19217900 12202
34587744 14060959 19354697 12372
34832703 14159869 19491972 12458
35078135 14259044 19629800 12544
35324442 14358464 19767936 12631
35571142 14458136 19906164 12719
35818066 14558033 20044550 12719
36065600 14658090 20183131 12807
36313304 14758333 20321779 12895
36561230 14858720 20460549 12983
36809580 14959185 20599463 13071
37058113 15059782 20738481 13159
37306816 15160497 20877555 13247
37555731 15261255 21016786 13335
37804849 15362097 21156550 13422
38055578 15463657 21296398 13509
38306545 15565261 21436374 13596
38557646 15666902 21576443 13596
38808732 15768555 21717037 13682
39060152 15870193 21857735 13768
39311462 15971802 21998422 13854
39562742 16073403 22139087 13940
39814075 16174965 22279746 14026
40065294 16276484 22420837 14111
40316562 16378585 22561920 14196
40569411 16480681 22703192 14196
40821437 16582411 22843062 14281
41069343 16682619 22981761 14366
41317258 16782776 23120545 14451
41565275 16883064 23259570 14535
41813609 16984051 23399419 14619
42062554 17085142 23539454 14702
42313716 17186270 23679956 14786
42565088 17287405 23820453 14871
42816320 17388590 23960546 14957
43067306 17489795 24100642 15043
43318454 17591032 24240997 15129
43569632 17692334 24381806 15215
43820663 17793683 24522588 15301
44071737 17894998 24663322 15301
44322702 17996343 24803945 15387
44573499 18097702 24944532 15473
44824534 18199056 25085179 15559
45075684 18300457 25225821 15646
45326766 18401934 25366455 15733
45577997 18503411 25507121 15820
45829276 18604944 25647762 15907
46080443 18706496 25788435 15994
46331954 18808081 25929203 16081
46583503 18909728 26069966 16168
46834995 19011427 26210730 16256
47086638 19113141 26351523 16344
47338315 19214892 26492296 16432
47589881 19316686 26633059 16520
47841588 19419040 26773784 16609
48093129 19521389 26914871 16698
48346013 19623674 27055934 16787
48599037 19725894 27197407 16876
48851859 19828055 27338807 16965
49104451 19930172 27480123 17054
49357037 20032205 27621340 17054
49609234 20134198 27762362 17143
49861146 20236139 27903307 17231
50113135 20337985 28044269 17319
50365108 20439814 28185144 17407
50616855 20541644 28325982 17495
50868717 20643970 28465904 17583
51117203 20745037 28604831 17671
51365393 20846036 28743761 17759
51613981 20947049 28883274 17847
51862767 21048170 29022855 17935
52113078 21149353 29162511 18023
52363902 21250583 29302317 18112
52614711 21351871 29442166 18201
52865495 21453247 29582518 18290
53116470 21554629 29722950 18290
53367338 21656051 29863320 18379
53618089 21757506 30003708 18468
53869036 21858928 30144084 18557
54119834 21960346 30284385 18646
54370470 22061767 30424693 18735
54621325 22163164 30565033 18824
54872128 22265178 30705864 18912
55124532 22367204 30847098 18912
55376866 22469169 30988299 18999
55629084 22571065 31129466 19086
55881325 22672900 31270635 19172
56133697 22774690 31412299 19257
56387531 22877091 31554329 19342
56641227 22979473 31696207 19427
56894657 23081779 31837941 19427
57147753 23183973 31979548 19512
57400760 23286107 32121085 19597
57653760 23388169 32262607 19681
57906614 23490156 32404541 19764
58161028 23592730 32546376 19847
58415287 23695245 32688583 19929
58669367 23797675 32830722 20011
58923181 23900020 32972727 20011
59176952 24002281 33114640 20093
59430423 24104460 33256416 20175
59683632 24206560 33398060 20257
59936782 24308578 33539613 20339
60189616 24410519 33681026 20421
60442178 24512433 33822307 20503
60694710 24614280 33963531 20586
60946948 24716068 34103480 20669
61194960 24816288 34242180 20752
61442815 24916400 34380896 20835
61690780 25016625 34519781 20918
61939017 25116977 34659038 21000
62187731 25218029 34798086 21081
62435419 25318070 34937248 21162
62686062 25419083 35078329 21245
62939123 25521241 35220801 21329
63194441 25624370 35364589 21414
63452211 25728392 35509510 21499
63711890 25833218 35655413 21499
63973286 26044931 35802234 21584
64499922 26152306 35949628 21669
64766648 26260187 36098218 21754
65034625 26368453 36247447 21839
65303694 26477045 36397256 21924
65573897 26586028 36548206 22009
65844919 26695331 36699771 22095
66116990 26804888 36851911 22181
66389646 26914671 37004626 22268
66662309 27024626 37157410 22355
66935166 27134749 37310115 22442
67208560 27244966 37462956 22530
67482320 27355320 37616062 22619
67756400 27465823 37844539 22708
68031001 27576402 37923089 22797
68305862 27687082 38077014 22886
68580309 27797856 38230606 22975
68854736 27908703 38384172 23064
69129588 28019559 38613036 23154
69404688 28130507 38767131 23246
69679808 28241531 38921243 23338
69955490 28352569 39075294 23428
70232135 28464279 39229569 23519
70508904 28576052 39383953 23519
70785757 28687868 39538541 23610
71062908 28799640 39693928 23701
71340084 28911407 39849207 23792
71616392 29023141 40003934 23883
71892016 29134517 40082697 23974
72164613 29244607 40236117 24066
72437109 29354707 40388725 24159
72709993 29464955 40541544 24252
72983567 29575302 40694676 24345
73256790 29685772 40847535 24438
73530376 29796365 41000536 24531
73804162 29907048 41228566 24625
74078585 30017783 41382239 24719
74353302 30128595 41536248 24812
74629823 30240163 41615333 24812
74905826 30351743 41844499 24905
75181993 30463262 41998974 24997
75458287 30574799 42153638 25089
75734573 30686312 42308457 25181
76011229 30797786 42463433 25273
76287729 30909254 42618224 28621
