26653 56802 8139 2120
52303 121766 19386 2120
81884 162631 30494 2120
189604 202619 86020 2120
342185 245619 165958 2120
525241 334270 271159 2120
752045 436276 363404 2120
885594 493772 514713 2120
1183363 621131 599286 3363
1346509 690208 733526 3363
1691406 761650 880044 3363
1874898 835879 981251 3363
2064198 990423 1139474 3363
2259147 1070924 1249701 3363
2458862 1153277 1421366 3363
2871732 1237313 1538228 3363
3084068 1322830 1656576 3363
3299249 1409658 1776646 3363
3516975 1497689 1898775 3363
3737880 1586757 2021877 3363
3960621 1676730 2141523 3363
4169145 1761988 2256505 3363
4373459 1845622 2427844 4350
4581334 1930377 2545582 4350
4790984 2016509 2664887 4350
5004671 2190187 2785792 4350
5221357 2279340 2971673 4350
5440307 2368920 3096442 4350
5661852 2459304 3222134 4350
6111403 2550421 3348848 4350
6339895 2642708 3477227 4350
6569689 2735606 3606631 4350
6801639 2829025 3736454 4350
7034326 2922862 3866783 4350
7267710 3017079 3997694 4350
7503254 3112138 4129113 5224
7739551 3208075 4261438 5224
7975027 3303204 4393696 5224
8211760 3398461 4526219 5224
8448939 3493913 4658975 5224
8686605 3589552 4791911 5224
8924355 3685357 4925133 5224
9162254 3781291 5058569 5224
9400650 3877338 5192153 5224
9639149 3973512 5326046 5224
9877933 4069828 5459975 5999
10117475 4166241 5593946 5999
10355523 4262727 5727513 5999
10593937 4358733 5860688 5999
10832279 4454790 5994029 5999
11070765 4550966 6127591 5999
11309597 4647249 6260981 5999
11548662 4744252 6394458 5999
11787975 4841326 6528726 5999
12027919 4937887 6663232 5999
12268444 5034466 6797796 6688
12509212 5131091 6931917 6688
12748321 5227220 7065651 6688
12987247 5323399 7199486 6688
13226436 5419678 7333413 6688
13465720 5516045 7467570 6688
13704862 5612380 7600398 6688
13939901 5707058 7732045 6688
14176066 5802319 7864488 6688
14413767 5897796 7997452 7236
14651672 5993420 8130219 7236
14888355 6088668 8262778 7236
15125420 6184060 8395580 7236
15362788 6279625 8528745 7236
15600488 6375371 8662118 7236
15839899 6471743 8795918 7236
16079745 6568224 8930459 7724
16320463 6664797 9065046 7724
16559705 6761421 9199257 7724
16798856 6857571 9333096 7724
17038268 6953758 9466997 7724
17277561 7050051 9601074 7724
17516868 7146439 9734858 8160
17756437 7243521 9868634 8160
17994512 7340689 10001987 8160
18232642 7437307 10135692 8160
18471870 7533386 10269562 8160
18711344 7629531 10403503 8160
18950909 7725749 10537424 8552
19190167 7822045 10671017 8552
19428013 7917901 10804735 8552
19667463 8014294 10938047 8552
19907041 8111411 11072004 8552
20146871 8208586 11206357 8905
20388003 8305637 11340964 8905
20628461 8402148 11475526 8905
20869022 8498656 11610033 8905
21109402 8595205 11744566 9224
21349641 8691816 11879137 9224
21588487 8788480 12013321 9224
21827335 8884649 12147222 9224
22066381 8980876 12281360 9513
22306956 9077650 12415347 9513
22547663 9175110 12549255 9513
22787210 9272081 12683551 9513
23027353 9368441 12817941 9754
23267462 9464790 12951277 9754
23502545 9559690 13083077 9754
23737407 9654085 13214578 9974
23972590 9748693 13345955 9974
24207073 9844186 13477362 9974
24442030 9939405 13608612 10177
24677708 10034771 13740872 10177
24913069 10129770 13873053 10177
25148957 10224416 14005088 10364
25385341 10319270 14136969 10364
25620623 10413833 14269237 10537
25856244 10508621 14401099 10537
26091089 10604277 14532607 10699
26326209 10699647 14664731 10699
26561311 10794635 14796695 10851
26796941 10889271 14928537 10851
27031433 10984085 15060257 10994
27266583 11078605 15191500 10994
27500754 11173971 15322815 11130
27735424 11269060 15453532 11130
27969264 11363765 15585202 11259
28204403 11458185 15716477 11259
28438983 11552322 15847600 11382
28672252 11646714 15978347 11500
28906161 11741415 16108729 11500
29139551 11836423 16239644 11613
29373597 11931151 16370098 11722
29607336 12025551 16501171 11722
29840354 12119640 16632205 11827
30073926 12213474 16762778 11930
30306847 12307068 16892519 12032
30538775 12400994 17021909 12032
30770044 12495265 17151837 12132
31000742 12589322 17281580 12230
31233160 12683135 17411495 12326
31465235 12776232 17541020 12421
31697476 12869535 17670999 12421
31928875 12963806 17800985 12514
32161276 13057921 17930611 12606
32161276 13151800 17993970 12697
32392978 13245444 18123131 12697
32620650 13337554 18250728 12786
32848494 13429450 18378814 12875
33073441 13521166 18505535 12964
33531891 13613844 18699096 13052
33766121 13707475 18828819 13140
34001979 13801940 18961067 13227
34239195 13897133 19093937 13314
34477872 13993629 19227547 13314
34717775 14090784 19362142 13401
34960460 14188436 19497165 13487
35204136 14286506 19632629 13573
35449322 14384970 19769194 13659
35695485 14483776 19974507 13745
35942147 14582881 20113351 13831
36189148 14682290 20251968 13917
36436746 14782502 20390778 14002
36686160 14882933 20529864 14087
36935780 14983486 20669032 14172
37185643 15084156 20808251 14258
37435411 15184929 20947702 14258
37685323 15285782 21087150 14344
37935370 15386695 21227091 14430
38185343 15487635 21367283 14516
38435400 15588631 21508040 14602
38685900 15690286 21648919 14688
38936373 15792027 21789799 14774
39186808 15893752 21930162 14863
39437423 15995455 22070469 14954
39687940 16096607 22210791 15045
39938427 16197755 22351521 15136
40189195 16299548 22492305 15227
40439938 16401402 22633051 15317
40690684 16503231 22773743 15407
40941550 16605037 22914394 15497
41193970 16706839 23055032 15587
41446337 16808617 23195543 15676
41698660 16910348 23336509 15676
41950865 17113783 23477506 15765
42203022 17113783 23618784 15853
42454944 17215831 23758959 15940
42703061 17316540 23898039 16026
42950901 17417116 24037060 16026
43200885 17517738 24176284 16112
43451220 17618491 24316126 16197
43701864 17719351 24456062 16282
43952638 17820294 24596497 16366
44203316 17921889 24736938 16450
44454045 18023542 24877366 16534
44705087 18125171 25017863 16618
44956396 18226773 25158409 16702
45209797 18328366 25298889 16702
45463243 18429934 25439516 16786
45716528 18531505 25580688 16870
45969870 18633088 25722828 16954
46224019 18837098 25865697 17038
46478080 18939609 26007973 17122
46732072 19042083 26149961 17206
46985631 19042083 26291859 17290
47238764 19144444 26433670 17374
47491693 19246701 26575321 17458
47744519 19348871 26716946 17542
47998776 19450981 26858561 17626
48253159 19553022 27000056 17710
48507148 19655001 27141587 17794
48760874 19756951 27283084 17878
49014234 19858866 27424824 17878
49267448 19960691 27566554 17962
49520334 20164208 27708163 18046
49773067 20164208 27850052 18129
50025749 20266447 27991888 18212
50278202 20368660 28133576 18295
50530586 20470791 28275100 18378
50782888 20572843 28416550 18461
51034944 20674833 28557851 18544
51287005 20776729 28699039 18627
51540720 20878573 28840248 18710
51794603 20980376 28981452 18793
52048387 21082171 29122575 18876
52301767 21183929 29194691 18959
52554637 21285644 29334339 19042
52802200 21385382 29472491 19125
53049614 21485057 29678444 19208
53297795 21584900 29817278 19291
53546362 21684939 29887602 19375
53792887 21784103 30094028 19461
54041991 21884365 30234263 19548
54294175 22088435 30376045 19636
54548757 22192012 30519290 19725
54805611 22296480 30663736 19814
55064856 22401732 30809695 19903
55325787 22508280 30957201 19992
55588455 22615457 31105446 20081
55852750 22723125 31330439 20081
56384639 22831232 31480051 20170
56651806 22939681 31630193 20259
56919986 23048438 31780862 20348
57190868 23157520 31932272 20437
57461032 23266884 32084251 20528
57733860 23376461 32236439 20619
58007442 23486250 32388880 20710
58281441 23596223 32541308 20801
58555280 23706390 32693988 20892
58829558 23816696 32846986 20983
59104027 23927147 33000946 21074
59378821 24037700 33155270 21165
59654314 24148356 33309866 21256
59929936 24259685 33464152 21347
60205022 24371098 33618572 21438
60480272 24482524 33773153 21529
60756001 24593967 33927965 21621
61031849 24705397 34082870 21714
61307900 24816808 34237394 21807
61584249 24928214 34391845 21807
61860059 25039600 34546347 21900
62137371 25150993 34701212 21993
62415008 25262405 34856295 22086
62692950 25373792 35011148 22179
62970818 25485213 35165635 22272
63247185 25596645 35320015 22364
63520223 25707791 35473824 22455
63793554 25818187 35627379 22546
64067226 25928597 35781034 22637
64341279 26039107 35934471 22728
64615939 26149724 36087868 22728
64890011 26260423 36241387 22910
65165881 26371214 36395308 22910
65440540 26482084 36549546 23003
65717267 26592999 36703722 23096
65994220 26703980 36857582 23189
66270750 26815027 37011579 23283
66547280 26926107 37165709 23377
66823802 27037236 37320502 23472
67100353 27148423 37475674 23568
67377066 27259625 37630186 23664
67654101 27370871 37784720 23760
67930536 27482156 37939301 23856
68206956 27593435 38094227 23952
68483563 27705338 38249848 24048
68760504 27817265 38405327 24144
69037343 27929128 38560332 24240
69313467 28040956 38715319 24336
69591293 28152727 38870327 24336
69867860 28264481 39025565 24433
70146061 28376210 39180927 24530
70424463 28487890 39335834 24627
70702605 28599560 39490602 24723
70980387 28711195 39645871 24819
71258035 28823395 39801938 24915
71535725 28935554 39958156 25011
71813587 29047623 40113896 25107
72091450 29159642 40269253 25204
72368494 29271609 40424655 25301
72645406 29383512 40580131 25398
72922507 29495391 40735813 25398
73201357 29607203 40891169 25495
73480265 29718975 41046227 25592
73758522 29830730 41201225 25688
74036581 29942424 41356824 25784
74314440 30054075 41512705 25880
74589286 30165684 41667710 25974
74864331 30276588 41821441 26068
75138856 30387496 41975140 26162
75413538 30498480 42129237 26256
75688477 30609531 42283674 26350
75963925 30720605 42438051 26350
76239520 30831713 42513413 29264
76239520 30942867 42588735 35360
