0 29630 0 1970
47950 89970 16514 1970
75383 125470 26473 3051
170096 163695 61835 3051
287065 242625 136780 3051
443299 284502 256021 3051
639446 377157 321202 3051
886540 429418 469148 3051
1030695 545712 591417 3051
1348825 610813 680896 3051
1519747 751497 874204 3051
1698268 826099 978715 3051
2078448 903203 1086271 4071
2276968 982573 1197101 4071
2478305 1146532 1309940 4071
2684235 1231363 1484762 4071
2893701 1317092 1660619 4071
3107225 1404073 1781670 4071
3323792 1492237 1904214 4071
3764576 1581423 2028373 4071
3988661 1671520 2153382 4071
4214318 1762403 2279673 4071
4441542 1854013 2407015 4071
4670064 1946269 2535380 4978
4900813 2039124 2664144 4978
5130935 2132466 2792892 4978
5361961 2225695 2922196 4978
5594142 2319319 3052283 4978
5827184 2413360 3183024 4978
6062026 2507771 3314138 4978
6297386 2602497 3445454 4978
6533089 2697480 3576974 4978
6769382 2792704 3709126 4978
7006027 2888194 3841714 4978
7243070 2983876 3974672 5702
7473503 3079711 4105770 5702
7698799 3173533 4233209 5702
7925064 3265186 4359179 5702
8152324 3357157 4485583 5702
8380712 3449680 4613229 5702
8610536 3542758 4741779 5702
8842233 3636296 4871146 5702
9075099 3824600 5000854 5702
9308499 3919242 5130880 6345
9542583 4014200 5261798 6345
9776097 4108879 5392939 6345
10010184 4203771 5524061 6345
10245979 4298928 5655616 6345
10482090 4394299 5787342 6345
10718665 4489872 5919288 6345
10955873 4585636 6184373 6345
11193267 4681556 6249426 6918
11430927 4777598 6382779 6918
11667656 4873243 6515816 6918
11904638 4969033 6648804 6918
12142999 5064958 6781757 6918
12381565 5161011 6982892 6918
12620190 5257200 7116057 6918
12859095 5353512 7249693 7430
13097904 5449895 7383223 7430
13336831 5545818 7516499 7430
13574665 5641800 7650046 7430
13812495 5737938 7783602 7430
14051337 5834192 7917080 7430
14290356 5930520 8050576 7430
14529460 6026947 8050576 7888
14768780 6123457 8316891 7888
15006578 6219498 8450165 7888
15244461 6315611 8583775 7888
15482777 6411850 8717582 7888
15721452 6507655 8852187 7888
15960480 6604169 8917899 8299
16200533 6700819 9052119 8299
16439303 6797009 9253556 8299
16678355 6893248 9318748 8299
16917110 6989493 9386860 8299
17152542 7084511 9519479 8633
17388136 7084511 9651386 8633
17622632 7274342 9783129 8633
17857682 7369240 9914774 8633
18094087 7464366 10046805 8633
18330862 7559721 10178982 8934
18568217 7655261 10311205 8934
18804166 7750441 10443127 8934
19040355 7845803 10575276 8934
19277175 7941370 10772819 9206
19514406 8037109 10840812 9206
19750590 8132481 10973737 9206
19987815 8227958 11106324 9206
20225430 8323616 11238959 9454
20463524 8419440 11371626 9454
20700176 8514862 11504059 9454
20936852 8610426 11636554 9680
21174108 8706160 11769423 9680
21410226 8801514 11902153 9680
21646902 8897026 12034879 9887
21884828 8992703 12167696 9887
22123067 9088007 12300193 9887
22360289 9183458 12432353 10078
22597515 9279079 12564823 10078
22833475 9374330 12697365 10078
23069963 9469728 12829843 10255
23306845 9565309 12962544 10255
23542852 9660519 13095227 10419
23779844 9755875 13227585 10419
24017330 9850896 13359692 10419
24253864 9850896 13491497 10572
24490451 10041000 13623807 10572
24725987 10041000 13755784 10716
24962170 10136086 13888134 10852
25197402 10230880 14020053 10852
25434157 10325917 14151818 10981
25669730 10420656 14283328 10981
25904079 10515594 14414617 11105
26139070 10610226 14545790 11105
26373169 10705094 14677191 11220
26602681 10799721 14805920 11220
26828579 10891345 14932530 11329
27054521 10983191 15059345 11433
27282210 11075041 15186283 11433
27506640 11167427 15312543 11534
27734582 11259044 15439376 11631
27965196 11351542 15568066 11725
28198545 11445626 15698507 11725
28433996 11540598 15829847 11819
28672543 11732678 15962658 11911
28912495 11830215 16231999 12003
29153812 11928286 16368007 12094
29396184 12026776 16505225 12094
29641273 12125656 16642863 12183
29887703 12225429 16781114 12271
30134780 12325422 16919501 12359
30382409 12425605 17058069 12449
30630417 12525947 17196863 12539
30878656 12626416 17335789 12629
31127463 12727027 17474829 12718
31377922 12827742 17613985 12807
31628435 12928559 17753272 12896
31879335 13029461 17893139 12984
32130173 13130991 18033185 13072
32381059 13232607 18173714 13161
32632081 13334206 18313932 13250
32882999 13435790 18454256 13250
33133701 13537359 18595121 13339
33384632 13638950 18735986 13427
33635463 13740544 18876876 13515
33886213 13842141 19017800 13603
34137229 13943760 19158666 13690
34389770 14045347 19299520 13778
34642226 14146928 19440762 13865
34894570 14248494 19581896 13952
35146656 14350617 19723081 13952
35398758 14452752 19864682 14039
35650961 14554859 20006235 14125
35903081 14656910 20147568 14211
36154481 14758657 20287495 14297
36401971 14858791 20426187 14382
36649121 14958885 20564976 14469
36896565 15059115 20704006 14556
37144548 15159508 20843222 14643
37392868 15260024 20982576 14730
37642953 15360626 21122077 14818
37893522 15461345 21262119 14905
38144179 15562181 21402343 14992
38394945 15663679 21543236 14992
38645932 15765299 21684312 15080
38897108 15866980 21825382 15168
39148330 15968663 21966426 15256
39399635 16070328 22107424 15344
39650766 16172003 22248330 15432
39901934 16273668 22389228 15520
40154884 16375353 22530167 15608
40408057 16477071 22671531 15696
40661187 16578804 22812848 15784
40914149 16680534 22954142 15872
41166983 16782840 23095367 15960
41419697 16885165 23237055 15960
41672520 16987437 23378758 16048
41925361 17089680 23520373 16136
42178197 17191859 23661900 16224
42430865 17293971 23803360 16312
42683391 17396033 23944698 16400
42935991 17498038 24085971 16488
43188485 17599992 24227207 16576
43693651 17701943 24368394 16664
43693651 17803875 24509505 16751
43947643 17905779 24651021 16838
44201429 18007680 24792466 16924
44455234 18110119 24934292 16924
44708721 18212549 25076075 17010
44961824 18314898 25217756 17096
45214795 18417172 25359356 17182
45467551 18519369 25500885 17268
45720176 18621515 25642320 17354
45972896 18723605 25783655 17439
46225413 18825612 25923958 17524
46474358 18926246 26063221 17609
46723372 19026845 26202470 17693
46973875 19127526 26342240 17777
47224512 19228309 26482090 17861
47475466 19329193 26622055 17861
47726453 19430174 26762112 17946
47977460 19531802 26902540 18030
48228627 19633508 27043014 18114
48479657 19735207 27183552 18198
48730812 19836874 27324040 18282
48982077 19938540 27464535 18366
49233153 20040185 27605080 18450
49484273 20141824 27745564 18534
49735482 20243464 27886027 18618
49986532 20345085 28026519 18702
50237555 20446706 28166980 18787
50488757 20548338 28307421 18872
50739812 20649967 28447860 18958
50990777 20751590 28588249 19044
51241883 20853228 28728635 19130
51492798 20954853 28869029 19216
51743663 21056470 29009398 19302
51994714 21158115 29149761 19388
52245556 21259747 29290219 19473
52498003 21361340 29430862 19559
52750695 21462963 29571595 19645
53003225 21564603 29712815 19731
53255645 21666256 29854087 19817
53508162 21767915 29995236 19903
53760376 21869529 30136332 19903
54012380 21971688 30277817 19989
54264477 22073862 30419187 20074
54516328 22175977 30560505 20159
54767958 22278027 30701785 20244
55019776 22380057 30842938 20329
55271318 22482042 30984062 20414
55524468 22583991 31125197 20499
55777776 22685922 31266267 20584
56030826 22787818 31407284 20669
56283430 22889622 31547347 20754
56532951 22990243 31686479 20839
56782113 23090823 31825737 20924
57031461 23191502 31965178 21009
57281021 23292254 32104697 21094
57530662 23393100 32244353 21180
57780375 23494008 32384192 21266
58030506 23595005 32524597 21351
58280820 23696070 32665108 21351
58531197 23797766 32805658 21436
58781900 23899534 32946674 21521
59032712 24001297 33087739 21606
59283510 24103044 33228840 21691
59534514 24204778 33369961 21775
59785544 24306528 33511094 21859
60036715 24408258 33652256 21943
60289669 24509996 33793513 22028
60541235 24611761 33934783 22113
60794516 24713536 34076094 22198
61047929 24815343 34217426 22283
61301140 24917173 34358692 22368
61554303 25019012 34499939 22453
61807333 25120860 34641629 22537
62060240 25223288 34783264 22621
62313121 25325727 34924902 22705
62566032 25428139 35067008 22705
62818935 25530501 35209023 22789
63071741 25632791 35350938 22873
63324459 25735008 35492752 22957
63577019 25837165 35634370 23041
63829482 25939268 35775905 23125
64081915 26041331 35917337 23209
64334214 26143345 36058642 23294
64586349 26245311 36199881 23379
64838458 26347236 36341066 23464
65090336 26449139 36482174 23549
65342107 26551000 36623285 23634
65594018 26652835 36764430 23719
65845921 26754643 36905542 23804
66097955 26856434 37046674 23889
66350179 26958195 37186945 23974
66599461 27058792 37326350 24059
66848998 27159389 37465834 24144
67100392 27260107 37605749 24230
67351489 27361351 37745978 24316
67604273 27462668 37886249 24402
67856941 27564017 38026568 24488
68109473 27665408 38166839 24574
68362074 27766819 38307541 24660
68614348 27868244 38448298 24660
68866485 27970247 38588989 24746
69118719 28072251 38730077 24832
69370697 28174215 38871197 24918
69622557 28276142 39012226 25004
69874525 28378051 39153160 25090
70126165 28479939 39294083 25176
70377772 28581795 39434950 25262
70629590 28683634 39575863 25348
70882963 28785446 39716746 25434
71136246 28887216 39858002 25520
71389552 28988974 39999240 25606
71642518 29091258 40140468 25606
71895291 29193538 40282026 25692
72148156 29295761 40423588 25778
72400817 29397919 40565133 25864
72653297 29500016 40706547 25949
72907472 29602069 40847847 26034
73161272 29704024 40989527 26119
73414782 29805950 41131073 26119
73668239 29907839 41272519 26204
73921306 30010237 41414360 26288
74174178 30112612 41556086 26372
74427089 30214929 41697732 26456
74679665 30317168 41839317 26540
74932057 30419321 41980701 26625
75184445 30521417 42122031 26710
75436598 30623455 42263288 26795
75688509 30725444 42404426 26879
75942213 30827404 42545499 26963
