117303 51146 63496 0
297679 154320 169306 1371
526261 209778 314750 1371
814063 337329 499322 1371
1172824 490059 659489 1371
1375684 574157 779605 1371
1819134 663169 1039767 1371
2057577 855279 1178987 1371
2304524 956319 1321891 1371
2559571 1060423 1468122 1371
3093953 1167279 1617480 1371
3374525 1276541 1845997 2628
3659390 1500892 2004451 2628
3946507 1615653 2245614 2628
4234686 1732541 2409214 2628
4524652 1850120 2489351 2628
4797604 1960315 2648964 2628
5066868 2069049 2725704 2628
5331160 2069049 2876857 2628
5594333 2176416 3024096 2628
5594333 2281968 3169810 2628
5855141 2386478 3314785 2628
6112293 2490129 3458743 2628
6367720 2593012 3601348 2628
6623106 2695244 3743066 2628
6877143 2796909 3884050 2628
7129880 2898034 4023976 3623
7381199 2999266 4162873 3623
7629952 3099610 4301358 3623
7877911 3199414 4440099 3623
8126173 3298889 4578423 3623
8373726 3398572 4717044 3623
8621947 3497993 4854917 3623
8869323 3597731 4992249 3623
9115575 3697931 5130146 3623
9363145 3797190 5268752 3623
9610050 3895644 5407978 3623
9855941 3994925 5546755 3623
10101383 4094068 5684763 3623
10348004 4193007 5821669 4503
10594212 4291756 5958891 4503
10838633 4389836 6095574 4503
11082730 4488325 6232959 4503
11327267 4586207 6370433 4503
11569968 4683447 6508344 4503
11812313 4781212 6645102 4503
12056270 4878954 6781121 4503
12299983 4977205 6916857 4503
12543353 5075447 7052480 4503
12786691 5173600 7187996 4503
13029636 5271636 7254103 5283
13272173 5369571 7389330 5283
13513169 5466881 7523836 5283
13754114 5564129 7658409 5283
13995050 5660863 7793484 5283
14236762 5757566 7928595 5283
14478391 5757566 7997771 5283
14714917 5853922 8132619 5283
14950950 6043976 8265328 5283
15186693 6140796 8397997 5283
15424489 6237839 8531104 5283
15664378 6334759 8664734 5899
15904668 6431731 8798494 5899
16143627 6528163 8932000 5899
16383352 6528163 9064870 5899
16623265 6720171 9199703 5899
16863157 6816362 9335015 5899
17103051 6912708 9469789 5899
17343205 7009149 9604443 5899
17583379 7106311 9738683 6446
17823578 7203576 9872816 6446
18062689 7300324 10006619 6446
18301820 7397080 10139804 6446
18541269 7493939 10273608 6446
18781656 7590827 10543187 6446
19022113 7687062 10679355 6446
19263991 7783735 10745830 6934
19507019 7881120 10816098 6934
19749842 7978590 10951703 6934
19991197 8076009 11086715 6934
20232221 8173412 11221625 6934
20473305 8270827 11422209 6934
20714516 8368192 11557254 7370
20955649 8465544 11625912 7370
21196182 8562375 11826686 7370
21436611 8562375 11961803 7370
21678039 8755154 12031716 7370
21919675 8851872 12168247 7370
22161222 8949206 12304230 7762
22403790 9047182 12440152 7762
22644859 9144601 12575472 7762
22885676 9241948 12710246 7762
23126612 9339311 12844484 8115
23367647 9436633 12979218 8115
23608472 9533948 13113730 8115
23848943 9630826 13247889 8115
24089129 9630826 13382135 8115
24326034 9727611 13515706 8406
24563031 9823137 13649049 8406
24798773 9918686 13781624 8406
25034828 10013857 13913779 8406
25271584 10109199 14046063 8670
25508754 10204756 14178239 8670
25745668 10300553 14310775 8670
25983018 10396015 14443269 8670
26220686 10491587 14576326 8911
26458941 10587325 14710926 8911
26695998 10682700 14844474 8911
26933085 10778231 14977475 9131
27170751 10873945 15110085 9131
27407424 10969834 15242138 9131
27644973 11065393 15374894 9334
27883039 11161092 15507585 9334
28119800 11256919 15640177 9521
28357012 11352354 15773382 9521
28593061 11447922 15906777 9521
28829445 11543186 16039439 9694
29066519 11638617 16172160 9694
29302522 11734253 16304343 9855
29539897 11829538 16436670 9855
29775880 11924994 16568913 10006
30012166 12020102 16701218 10006
30249161 12115382 16834139 10148
30485122 12210359 16966524 10148
30719807 12305531 17098527 10283
30955333 12400416 17229892 10283
31189785 12495519 17361591 10411
31425656 12590312 17493221 10411
31660587 12685319 17624799 10534
31895796 12780027 17756765 10652
32130089 12874951 17888948 10652
32363277 12969519 18020101 10766
32597305 13063790 18150968 10877
32830649 13158366 18280967 10877
33063552 13252662 18411459 10985
33297469 13346710 18541663 11088
33297469 13441053 18672919 11187
33530606 13535230 18802176 11187
33756014 13627290 18929722 11286
33983017 13720017 19058209 11383
34450169 13814329 19187931 11478
34688006 13908972 19320221 11478
34925620 14101031 19454293 11573
35166282 14198982 19589143 11667
35408202 14297468 19724555 11761
35651251 14396359 19860811 11855
35896536 14495594 19997903 11949
36144332 14594924 20135802 12043
36393416 14694547 20274060 12136
36642562 14794374 20412624 12136
36893428 14894925 20619400 12229
37144698 14995628 20759326 12321
37395928 15096431 20830459 12412
37645577 15197947 20971087 12503
37895531 15299548 21179973 12594
38145623 15401142 21251818 12685
38395570 15502733 21532989 12776
38647486 15603814 21674149 12776
38901149 15705444 21815368 12866
39154775 15807162 21957092 12955
39408411 15908858 22099272 13043
39661605 16011206 22241704 13131
39914537 16113956 22384065 13219
40169193 16216112 22526694 13219
40425507 16318764 22669483 13305
40681466 16421330 22812000 13390
40937185 16523783 22881677 13475
41192430 16626162 23096095 13559
41448754 16728975 23239010 13643
41704811 16831676 23382125 13727
41960037 16934859 23525307 13727
42214514 17038337 23668531 13811
42470054 17141633 23811848 13895
42726663 17244576 23954935 13979
42982708 17347342 24097740 14062
43240080 17450544 24167382 14062
43495047 17553984 24310114 14145
43746079 17655925 24382213 14227
43998701 17757149 24591684 14308
44251273 17858368 24732544 14389
44502220 17960210 24873359 14470
44753437 18062120 25086195 14551
45005934 18164562 25155062 14632
45258252 18266970 25296258 14632
45512254 18368717 25437791 14713
45766094 18470389 25579416 14794
46018179 18572658 25793261 14875
46270282 18674897 25935175 14956
46523589 18777108 26077299 15036
46779972 18879616 26219275 15116
47036350 18982069 26361577 15116
47292156 19084419 26504205 15195
47546134 19187312 26646705 15274
47799997 19290132 26789102 15353
48053485 19392812 26931437 15432
48306703 19495396 27073648 15511
48561563 19597339 27215791 15590
48817944 19699182 27358299 15669
49072249 19802220 27500636 15669
49326050 19905247 27643257 15748
49579683 20008109 27785813 15827
49833155 20110864 27928171 15906
50086502 20213538 28070709 15985
50340992 20316121 28213470 16065
50596834 20418457 28356079 16145
50852565 20520720 28498575 16225
51107992 20622915 28641000 16306
51361677 20725664 28783263 16387
51615096 20828383 28925425 16468
51868464 20930988 28994906 16549
52121621 21033513 29209473 16630
52376333 21135414 29351360 16712
52631031 21237239 29493558 16794
52885128 21339665 29635929 16876
53138917 21442508 29778166 16959
53392471 21545230 29847668 17043
53645713 21647785 29920245 17127
53894308 21748524 30060856 17211
54142819 21849145 30200150 17295
54389273 21949052 30338916 17382
54638454 22050047 30546301 17470
54890696 22152230 30760384 17558
55145530 22255461 30904529 17646
55402942 22359632 31049468 17735
55662328 22464564 31195421 17825
55923415 22570232 31342236 17915
56187807 22677172 31490464 18005
56455686 22784138 31640060 18095
56724837 22891580 31790359 18185
56993352 23000175 31941337 18275
57262970 23109160 32092464 18275
57805943 23218465 32244566 18365
57805943 23328079 32397727 18455
58357764 23438324 32550750 18545
58357764 23549375 32703975 18636
58906754 23660607 32857387 18728
59182573 23771907 33011523 18819
59460633 23883201 33166254 18910
59738772 23994006 33320963 19001
60014947 24104816 33475664 19092
60291167 24216350 33630439 19184
60567473 24327946 33785370 19277
60843978 24439561 33940342 19370
61122244 24551188 34095174 19463
61399770 24662821 34251176 19556
61677109 24774828 34406717 19649
61954220 24886791 34562093 19743
62231647 24998734 34717491 19837
62509184 25110620 34872841 19931
62786111 25222488 35028050 20025
63062805 25334324 35183090 20119
63339654 25446103 35338123 20119
63616788 25557804 35493323 20213
63897551 25669535 35648034 20306
64178595 25781271 35804036 20398
64457202 25892979 35960051 20490
64457202 26005282 36115880 20582
64734936 26117348 36270621 20673
65009398 26228154 36423813 20764
65284119 26338871 36577943 20855
65559171 26449654 36731820 20947
65833645 26560524 36885696 21040
66108212 26671489 37039780 21133
66383322 26782512 37194154 21226
66658865 26893611 37348098 21320
66934605 27004743 37502900 21414
67486086 27115923 37657411 21508
67761990 27227157 37812037 21603
68038172 27338422 37966804 21603
68314921 27449779 38121221 21699
68593259 27561179 38276207 21794
68871051 27673202 38432081 21888
69148738 27785229 38587870 21982
69426607 27897230 38743690 22077
69704677 28009156 38899598 22172
69982571 28121102 39055365 22267
70259798 28233000 39210781 22362
70537299 28344824 39366190 22457
70814731 28456631 39521716 22552
71092238 28568428 39676796 22647
71371358 28680224 39832578 22647
71649671 28791983 39989052 22742
71929346 28904109 40145008 22837
72208851 29016813 40300850 22932
72488550 29129486 40456296 23027
72769921 29242022 40613136 23122
73048930 29353916 40770262 23218
73327596 29466317 40926746 23314
73606456 29578727 41083190 23410
73885080 29691062 41239547 23507
74163494 29803288 41395530 23605
74441268 29915434 41551305 23703
74719092 30027476 41707040 23801
74996845 30139464 41862835 23899
75274687 30251418 42018000 23996
75552835 30363352 42173999 23996
75552835 30475212 42329589 24092
75830276 30587542 42484261 24682
