66999 59630 11760 0
138330 98711 27926 0
254042 137939 96611 0
415558 220331 196133 0
615060 312785 280810 0
732263 364817 419664 0
1000291 482082 498640 1379
1151925 545948 671770 1379
1478493 612592 764452 1379
1653048 755236 861778 1379
1834506 830710 1017470 1379
2022578 908542 1176046 1379
2413649 988412 1286429 1379
2615619 1070131 1399518 1379
2822257 1238409 1514676 1379
3032215 1324666 1632256 1379
3245278 1412093 1751434 1379
3461802 1500605 1935167 1379
3680870 1590070 2119071 1379
3902041 1680227 2244684 1379
4127167 1771773 2371404 1379
4581796 1863964 2499514 2612
4811020 1956123 2627852 2612
5039703 2048197 2756319 2612
5271611 2141190 2885687 2612
5504384 2235291 3015735 2612
5737713 2329753 3146084 2612
5971830 2424498 3277591 2612
6206547 2518944 3409416 2612
6441867 2613590 3541576 2612
6678246 2708465 3674053 2612
6915108 2803528 3806516 2612
7152326 2899433 3938936 2612
7389554 2995503 4071305 2612
7626720 3091634 4204558 2612
7864319 3187277 4338009 2612
8096753 3282984 4468264 2612
8324538 3377207 4595334 3585
8552585 3469816 4722293 3585
8780103 3562108 4849517 3585
9006150 3654775 4975884 3585
9233371 3746846 5103615 3585
9462369 3838768 5232239 3585
9692704 3931129 5361479 3585
9923828 4023959 5490840 3585
10155911 4117881 5620373 3585
10388704 4212200 5751209 3585
10622173 4306251 5882575 3585
10857010 4400544 6014374 3585
11092399 4495082 6146144 4445
11328359 4590499 6277967 4445
11562831 4686140 6409417 4445
11797638 4781349 6540734 4445
12033277 4876677 6673140 4445
12269288 4971612 6805863 4445
12506568 5066689 6938863 4445
12744089 5161935 7071997 4445
12981713 5257335 7204925 4445
13219644 5449819 7337735 4445
13457490 5546153 7470511 4445
13695307 5546153 7603539 4445
13933508 5642528 7737410 5207
14171747 5738417 7871412 5207
14409536 5834338 8005163 5207
14647315 6025839 8138527 5207
14886431 6122573 8272350 5207
15125757 6219362 8405984 5207
15364915 6316146 8539527 5207
15603981 6316146 8673025 5207
15843406 6412914 8807396 5207
16082828 6509148 8941942 5207
16322447 6605397 9076631 5883
16562711 6798018 9211377 5883
16802873 6894388 9345215 5883
17041713 6990849 9478719 5883
17280158 7087324 9612080 5883
17518281 7087324 9745282 5883
17753184 7183686 9876512 5883
17988019 7278756 10007755 5883
18223392 7373824 10140153 5883
18461377 7468947 10273720 6419
18699476 7564219 10406990 6419
18936359 7660267 10540029 6419
19173128 7755929 10672561 6419
19409880 7851626 10805049 6419
19647071 7947403 10937530 6419
19884475 8043308 11070346 6419
20122160 8139288 11203546 6897
20360827 8235373 11337524 6897
20598169 8330999 11470824 6897
20835871 8426714 11603851 6897
21073413 8522555 11736820 6897
21311001 8618470 11869780 6897
21548911 8714490 12002685 7325
21787031 8810599 12135673 7325
22023943 8906782 12268762 7325
22261936 9002498 12402278 7325
22500070 9097720 12535515 7325
22738617 9193681 12668846 7325
22977216 9289804 12802360 7709
23215685 9385973 12935845 7709
23454411 9482206 13068804 7709
23691686 9577968 13201351 7709
23929050 9673773 13334277 7709
24166703 9769671 13467534 7709
24405094 9865661 13600973 8054
24643951 9961759 13734496 8054
24881211 10057931 13867820 8054
25118501 10153602 14000697 8054
25356163 10249340 14133474 8054
25593937 10345196 14266292 8365
25831845 10441131 14399283 8365
26068684 10537144 14532354 8365
26306334 10632726 14665261 8365
26544454 10728418 14798352 8646
26782686 10824248 14931702 8646
27020881 10920176 15063337 8646
27253089 11015684 15193090 8646
27484972 11109287 15322841 8646
27717454 11202999 15453192 8879
27951040 11296991 15583732 8879
28184134 11391296 15714281 8879
28416030 11485354 15844247 9091
28650682 11579159 15975731 9091
28886642 11674212 16108382 9091
29126025 11866930 16242138 9285
29368145 11964985 16377835 9285
29613794 12063459 16514684 9285
29859898 12162839 16652472 9464
30108030 12263061 16791428 9464
30358317 12363420 16999529 9464
30608717 12464460 17140309 9630
30860478 12566148 17281928 9630
31112539 12667867 17423470 9785
31365879 12770092 17565842 9785
31620544 12872276 17707992 9930
31875073 12974899 17923505 9930
32128950 13077403 17993350 10068
32384044 13180335 18209616 10199
32639022 13283159 18352996 10199
32895094 13386378 18495967 10324
33150638 13489452 18639365 10324
33407308 13592865 18782515 10443
33663356 13696069 18925783 10443
33920292 13799022 19069234 10557
34176942 13902377 19212803 10666
34434318 14005558 19356443 10666
34691035 14109080 19499746 10772
34947258 14212429 19643123 10875
35204401 14315516 19786526 10875
35460899 14418966 19856376 10975
35716491 14522230 19999706 11074
35971205 14625235 20142698 11171
36226633 14728032 20285350 11171
36481693 14831230 20427631 11266
36736368 14934281 20570553 11359
36990287 15036983 20643337 11450
37239601 15137866 20783975 11540
37487879 15238297 20922663 11540
37736176 15338744 21061492 11630
37984661 15439865 21201025 11719
38233794 15541023 21340728 11808
38483332 15642194 21480896 11897
38733205 15743371 21621205 11985
38984634 15844541 21761615 12073
39235993 15945700 21901993 12073
39487686 16047472 22042436 12161
39739266 16149209 22183399 12248
39990669 16250887 22324350 12334
40242397 16352536 22465732 12420
40493935 16454124 22607146 12505
40746919 16555675 22748464 12590
41000222 16657178 22889778 12675
41253301 16758620 23031084 12760
41506038 16860040 23172255 12845
41758931 16962040 23313377 12845
42011539 17064000 23454464 12930
42263810 17165888 23595862 13015
42516216 17267712 23737196 13100
42768278 17369462 23878878 13185
43020005 17471151 24020439 13270
43271954 17572792 24161848 13354
43525195 17674351 24303193 13438
43778308 17775841 24444447 13522
44031517 17877297 24585622 13606
44284428 17978727 24726803 13606
44537194 18080740 24867983 13690
44790116 18182744 25009537 13774
45042667 18284660 25151061 13858
45295118 18386517 25292538 13942
45547680 18488312 25434359 14026
45799957 18590041 25576157 14110
46052038 18691707 25717843 14194
46304166 18793327 25859333 14277
46557513 18894889 26000663 14360
46810661 18996407 26141903 14443
47063518 19097824 26282985 14526
47312288 19197722 26422851 14609
47560679 19297594 26561609 14609
47809645 19398075 26700768 14692
48059892 19499226 26841033 14774
48310395 19600462 26981966 14856
48561290 19701719 27122867 14938
48811948 19802950 27263745 15020
49062505 19904193 27404596 15102
49313387 20005429 27545335 15185
49564168 20106665 27686056 15269
49814981 20207916 27826834 15353
50066013 20309174 27967483 15437
50316750 20410408 28108074 15521
50567368 20511652 28248694 15606
50818329 20612899 28389177 15691
51069117 20714134 28529657 15776
51319806 20815375 28670195 15861
51570757 20916629 28810601 15946
51823291 21017868 28951053 16031
52075824 21119115 29091626 16116
52328551 21220950 29232118 16116
52581024 21322762 29373112 16201
52833331 21424545 29514203 16285
53085850 21526291 29655588 16369
53338116 21627992 29796939 16453
53589988 21729636 29938276 16537
53842156 21831253 30079459 16621
54095699 21932804 30220618 16704
54348980 22034319 30361754 16787
54602442 22136359 30502736 16787
54855523 22238350 30644144 16870
55108099 22340281 30785496 16953
55360795 22442146 30926671 17036
55613267 22543917 31068230 17119
55865431 22645636 31209769 17202
56117718 22747281 31351133 17286
56369794 22848870 31492437 17370
56621590 22950410 31633721 17454
56875400 23051933 31774920 17538
57128850 23153383 31916119 17621
57379094 23253613 32056449 17621
57629355 23354389 32195873 17704
57879740 23455230 32335789 17787
58129920 23556108 32475802 17870
58380415 23656999 32615789 17953
58630824 23757906 32756252 18036
58881227 23858848 32896799 18119
59133510 23959832 33037320 18201
59385822 24060833 33177910 18283
59638002 24162436 33318556 18367
59890302 24263541 33459194 18451
60142491 24365169 33599945 18451
60394508 24466812 33741235 18535
60646594 24568405 33882591 18619
60898598 24669961 34023850 18703
61150692 24771491 34165094 18786
61402986 24872970 34306775 18869
61655126 24974422 34448357 18952
61907522 25075869 34589941 19035
62161679 25177279 34731516 19118
62415823 25278671 34873062 19200
62669839 25380630 35014577 19282
62923442 25482525 35156059 19282
63176641 25584354 35297447 19364
63429751 25686143 35439307 19446
63682900 25787873 35581169 19528
63935716 25889557 35722825 19609
64188513 25991179 35864870 19690
64441404 26092735 36006827 19771
64695550 26194221 36148597 19852
64949734 26295663 36290287 19934
65203580 26397069 36431875 19934
65457221 26499015 36573476 20015
65710618 26600945 36715481 20096
65963915 26702793 36857394 20177
66216956 26804568 36999586 20258
66469842 26906279 37141712 20339
66722820 27007916 37283666 20420
66975577 27109492 37425502 20501
67228024 27210988 37567175 20581
67478977 27311316 37707857 20581
67729723 27411586 37847683 20661
67980704 27512516 37988068 20741
68232268 27613523 38128810 20820
68483918 27714576 38269976 20899
68737418 27815671 38411151 20978
68990678 27916785 38552365 21057
69243728 28017929 38693531 21136
69497006 28119096 38834733 21216
69750014 28220257 38975964 21296
70002648 28321440 39117060 21375
70255572 28423239 39258612 21375
70508222 28525054 39400213 21454
70760619 28626841 39541671 21533
71013391 28728600 39683161 21611
71265961 28830300 39825109 21689
71518270 28931973 39966929 21767
71772440 29033591 40108693 21845
72026313 29135143 40250370 21923
72279790 29236681 40391880 22001
72533460 29338196 40533333 22079
72786770 29439690 40674768 22158
73039698 29541165 40816060 22237
73292932 29642624 40957381 22316
73545899 29744049 41098725 22316
73798528 29846040 41239919 22395
74051371 29948035 41381547 22474
74304022 30049954 41523236 22553
74556374 30151802 41664720 22632
74808963 30253602 41806627 22711
75061314 30355346 41948516 22790
75313347 30457041 42090205 22869
75567296 30558664 42231851 22948
75821055 30660224 42373468 23027
76074472 30761754 42514913 25727
