24081 66794 11185 895
48865 102324 21093 895
138235 137713 68642 895
255486 210638 118665 895
414068 250427 245570 895
624135 339307 341326 895
884134 447553 415943 895
1032088 508463 580324 1843
1354569 641563 669330 1843
1527826 712330 809013 1843
1709298 785892 962046 1843
1897077 862125 1066660 1843
2291967 1021303 1174666 1843
2496745 1103762 1339742 1843
2706463 1187853 1454505 1843
2921502 1273478 1571470 1843
3142789 1360229 1690893 2690
3367002 1448125 1873467 2690
3593679 1537032 1996015 2690
3821371 1625816 2119919 2690
4050972 1716000 2244282 2690
4514338 1806996 2369936 2690
4749465 1898176 2497700 2690
4985943 1990549 2625068 2690
5224296 2083514 2753744 2690
5464908 2270575 2883718 2690
5706233 2365262 3014456 3444
5948227 2460265 3144495 3444
6189154 2460265 3339338 3444
6431032 2649385 3405760 3444
6673270 2744599 3537261 3444
6915789 2840065 3668264 3444
7158855 2935678 3863950 3444
7403059 3031470 3995932 3444
7647307 3127413 4128170 4115
7891665 3223482 4195159 4115
8134569 3319134 4326765 4115
8377799 3414849 4522804 4115
8622117 3510726 4654966 4115
8866657 3606738 4787349 4115
9108183 3701891 4853466 4115
9345487 3796186 4982966 4115
9584873 3890416 5111834 4653
9825389 3984972 5241361 4653
10065166 4079272 5371053 4653
10305366 4173830 5500463 4653
10546343 4268632 5693927 4653
10788261 4363663 5824477 4653
11030550 4458879 5955349 5134
11273234 4554281 6021747 5134
11514815 4649343 6216530 5134
11756817 4744570 6347485 5134
11999776 4839482 6479563 5134
12243213 4935140 6611106 5134
12486695 5030989 6742496 5566
12730479 5126973 6873570 5566
12973747 5222588 7004963 5566
13216998 5318310 7136766 5566
13460523 5414170 7268403 5566
13704270 5510136 7400033 5955
13948359 5606210 7531553 5955
14192036 5701903 7663336 5955
14435780 5797679 7795396 5955
14679718 5893587 7927259 6306
14923883 5989616 8059154 6306
15166841 6085229 8190610 6306
15410646 6180993 8322485 6306
15654646 6276895 8454578 6624
15898851 6372904 8586494 6624
16143209 6469007 8717639 6624
16386275 6564668 8849156 6624
16630109 6660469 8981204 6913
16874328 6756409 9113443 6913
17117096 6851930 9244716 6913
17360273 6947544 9376047 6913
17603778 7043295 9507939 7177
17848076 7139239 9639888 7177
18091093 7234780 9771385 7177
18334133 7330420 9902689 7419
18577557 7426189 10034148 7419
18819853 7426189 10100746 7419
19058429 7521556 10230824 7625
19297061 7615379 10359516 7625
19531349 7709322 10487510 7815
19766504 7802708 10614911 7815
20003406 7896363 10742752 7992
20241401 7989290 10870869 7992
20478567 8082524 10998920 7992
20716838 8175636 11127121 8158
20956423 8269116 11255610 8158
21195320 8363030 11384854 8313
21434678 8550769 11513478 8460
21673033 8550769 11642521 8460
21912543 8645183 11772185 8600
22152927 8739241 11901992 8600
22392320 8833542 12031571 8734
22632521 8927597 12160504 8862
22872625 9116050 12290270 8862
23113184 9210454 12419755 8985
23352437 9305197 12549520 9104
23590626 9305197 12679248 9104
23830108 9400085 12808828 9220
24070518 9494135 12938089 9333
24310103 9588423 13067864 9444
24548358 9776812 13197250 9444
24787090 9871346 13326980 9554
25028803 9871346 13456738 9661
25269695 9965978 13587054 9767
25509472 10060313 13716673 9872
25748426 10154332 13845764 9872
25988624 10248074 13974694 9975
26228091 10341626 14103310 10077
26465039 10435480 14231891 10179
26701219 10529737 14359808 10281
26938612 10623771 14488542 10382
27175136 10717569 14617356 10382
27411022 10811501 14745815 10482
27649769 10905224 14873656 10581
27888377 10998693 15001444 10679
28126157 11091977 15129421 10777
28126157 11185070 15256255 10873
28361840 11278577 15382686 10873
28592572 11370235 15507932 10969
28823095 11461721 15632696 11064
29283649 11553657 15757425 11159
29521207 11645584 15883619 11254
29760445 11737835 16012019 11349
30001247 11926862 16142014 11444
30243639 12022783 16273110 11539
30488374 12119321 16405424 11634
30734102 12216387 16538647 11730
30980977 12313942 16738584 11826
31228755 12411941 16872911 11922
31477614 12510344 17007615 12018
31727501 12609138 17143221 12114
31979951 12708858 17279319 12210
32233041 12808825 17416274 12306
32486659 12908952 17553353 12403
32740671 13009254 17690555 12500
32995086 13109708 17827850 12500
33249795 13210279 17965253 12597
33504890 13310987 18103740 12693
33762265 13411270 18242548 12789
34019770 13511613 18381546 12885
34275832 13612639 18520509 12981
34531861 13713760 18659335 13077
34787898 13814933 18798019 13173
35044050 13916136 18936653 13269
35302117 14017948 19075351 13365
35560289 14119799 19214081 13461
35820367 14221085 19353678 13557
36080780 14322361 19493447 13653
36339234 14424274 19633644 13750
36597488 14526199 19773507 13847
36855663 14628093 19913601 13847
37113631 14729960 20053045 13945
37371568 14831784 20192766 14043
37629298 14933569 20332355 14141
37887085 15035339 20471824 14239
38144850 15137026 20611254 14338
38402458 15238687 20750621 14436
38661600 15339711 20887958 14532
38916467 15440228 21025207 14628
39170879 15540751 21163069 14724
39425460 15641340 21300899 14820
39680164 15742019 21438622 14916
39935034 15842806 21576351 15012
40190321 15943637 21714232 15012
40445841 16044536 21852201 15108
40701632 16145521 21991086 15203
40957808 16246541 22130182 15298
41214011 16347604 22269434 15393
41470315 16448710 22408602 15488
41726567 16549864 22547550 15583
41982821 16651022 22686313 15678
42239185 16752196 22825040 15773
42497394 16853993 22963823 15868
42757359 16955859 23103857 15963
43019237 17057498 23244249 15963
43280992 17159136 23385134 16057
43540602 17261384 23525881 16151
43799824 17363619 23666676 16245
44058794 17465748 23807207 16339
44317521 17567761 23947469 16433
44576248 17669724 24087565 16527
44834750 17771623 24227395 16621
45093202 17873458 24367154 16715
45353255 17975849 24506859 16809
45614752 18078238 24647179 16903
45877034 18180921 24788802 16996
46141452 18283390 25002755 17089
46405272 18385774 25145128 17089
46668181 18488663 25215322 17182
46930508 18591846 25357837 17275
47192369 18694872 25500012 17368
47453722 18797711 25641810 17462
47714564 18900389 25783137 17556
47974782 19002954 25924013 17650
48234547 19105409 26064540 17745
48494077 19207783 26204879 17840
48753489 19310060 26345037 17935
49012769 19412208 26482777 18029
49267328 19512705 26620192 18123
49523650 19613521 26758868 18216
49781543 19715042 26898315 18309
50039661 19816635 27038048 18402
50297773 19918211 27176078 18496
50554222 20019267 27315223 18593
50813085 20121267 27527552 18690
51074520 20224323 27670320 18787
51338262 20328298 27814176 18885
51604217 20433077 27959026 18885
51871956 20538582 28104724 18983
52412039 20644760 28251256 19081
52685899 20751466 28398570 19179
52961014 20859302 28546493 19277
53236956 20967586 28694922 19375
53513726 21185130 28844300 19473
53791140 21294323 28994103 19572
54069228 21403763 29144239 19671
54347915 21513447 29295173 19770
54627062 21623349 29446415 19868
54906801 21733389 29597913 19967
55187036 21843592 29749661 20066
55467586 21953909 29901669 20166
55748517 22064320 30053904 20267
56029866 22174856 30206400 20369
56311489 22285487 30359047 20471
56593329 22396195 30511919 20573
56878568 22507619 30665271 20573
57165701 22618918 30818860 20675
57452837 22730243 30972247 20777
57737764 22842187 31125835 20878
58022344 22954132 31279382 20979
58306711 23066048 31433342 21079
58591064 23177886 31587310 21179
58875502 23289667 31741352 21280
59159915 23401411 31895450 21382
59444264 23513111 32049582 21485
59728560 23624752 32203738 21588
60011956 23736095 32357573 21690
60291832 23846180 32509843 21690
60571491 23956845 32660759 21791
60852339 24067660 32811647 21891
61133602 24178561 32963149 21991
61415259 24289495 33114869 22091
61697135 24400488 33266839 22191
61979146 24511533 33419425 22291
62261420 24622608 33572218 22391
62543836 24733724 33725186 22493
62826453 24844882 33878258 22595
63109209 24956064 34031458 22697
63391906 25067254 34184727 22799
63674481 25178452 34337907 22900
63957206 25289633 34490765 23001
64240404 25401437 34643394 23102
64524450 25513250 34796024 23203
64808605 25625023 34948686 23203
65092666 25736732 35101412 23305
65376609 25848405 35254208 23406
65660551 25960056 35407535 23508
65944600 26071670 35561020 23611
66228652 26183274 35714631 23714
66512750 26294853 35868803 23816
66796741 26406411 36023058 23918
67080784 26517951 36176977 24020
67365107 26629465 36330509 24121
67648704 26740971 36483900 24222
67932120 26852454 36637185 24323
68215499 26963895 36790472 24424
68498879 27075939 36943774 24525
68782446 27187965 37097223 24626
69066085 27299951 37250808 24727
69351366 27411880 37404473 24727
69638387 27523171 37558247 24828
69925368 27634417 37711986 24929
70210606 27746296 37865909 25030
70495628 27858218 38019527 25131
70780015 27970072 38173525 25232
71064324 28081875 38327451 25333
71348545 28193604 38481287 25434
71629367 28304082 38634158 25535
71909924 28414499 38786163 25637
72190602 28525027 38938210 25739
72471676 28635594 39090453 25841
72753083 28746256 39242948 25942
73036553 28857607 39395628 25942
73320257 28969031 39548234 26044
73604167 29080456 39700727 26145
73888123 29191890 39853557 26245
74171645 29303323 40006960 26345
74455282 29414748 40160338 26445
74738925 29526174 40313781 26545
75022661 29637605 40467287 26645
75306637 29749033 40620945 26746
75590618 29860461 40774745 26848
75874690 29971897 40928635 26950
76158697 30083326 41082611 27052
76442692 30194735 41236481 27153
76726792 30306140 41389935 27254
77012492 30418161 41543210 27254
77297763 30530178 41696452 27355
77582843 30642162 41849722 27456
77867736 30754112 42003388 27557
78152380 30865980 42157057 27659
78436944 30977823 42310772 27761
78721293 31089618 42464526 27863
79005568 31201371 42618300 27965
79289802 31313077 42772559 28067
79574009 31424747 42926560 28169
79858546 31536406 43080184 28271
80142241 31647996 43233680 28372
80425985 31759541 43387112 28474
80709708 31871090 43540559 28576
80993510 31982589 43694061 28678
81277368 32094089 43847689 28780
81561428 32205578 44001434 28882
