0 60056 7430 2175
51883 127195 24703 2175
81250 127195 31056 2175
184245 206971 75874 2175
319179 249039 158552 2175
490954 338340 229551 2175
713242 388117 353556 3274
979146 499425 503385 3274
1126765 560690 585488 3274
1283413 693475 716320 3274
1623067 764352 861239 3274
1804685 838117 962145 3274
1993476 914505 1117774 3274
2388027 1073963 1226430 3274
2593656 1156554 1337705 3274
2803125 1240818 1510499 3274
3017083 1326509 1627170 4261
3234401 1413532 1745248 4261
3456527 1501701 1865061 4261
3678600 1590287 1985725 4261
3902664 1679771 2168328 4261
4129583 1770102 2292371 4261
4358574 1861205 2417306 4261
4589336 1953028 2543179 4261
5056574 2045470 2670019 4261
5291959 2231923 2797645 4261
5530115 2231923 2925045 4261
5768142 2419463 3054370 5138
6006992 2513479 3184401 5138
6246506 2607867 3313715 5138
6486786 2702571 3442651 5138
6486786 2702571 3567174 5138
6941391 2794577 3688987 5138
7168592 2975144 3810948 5138
7398357 3066330 3933576 5138
7628022 3158176 4058124 5138
7859104 3250640 4183637 5138
8096229 3343041 4309170 5138
8332945 3435347 4437012 5840
8568833 3528703 4565784 5840
8805569 3622538 4693129 5840
9045251 3716709 4821306 5840
9284233 3811067 4951812 5840
9523615 3906337 5082408 5840
9765312 4001873 5212508 5840
10010227 4097004 5342700 5840
10255222 4192271 5473670 6464
10498534 4288311 5605020 6464
10740303 4383969 5735449 6464
10982373 4479716 5932269 6464
11225356 4575548 6064403 6464
11467210 4670979 6129100 6464
11710392 4766982 6261734 6464
11955246 4863674 6393816 7021
12200372 4960465 6525771 7021
12444436 5056736 6657677 7021
12690436 5152494 6789562 7021
12934728 5248929 6921484 7021
13178956 5345464 7053162 7021
13423262 5442039 7184755 7021
13667983 5538613 7316754 7519
13914889 5634691 7449183 7519
14158707 5730813 7581226 7519
14402131 5827000 7712516 7519
14645739 5923264 7910619 7519
14889996 6019556 7975460 7519
15133034 6115952 8108119 7965
15376011 6212385 8240725 7965
15619170 6308318 8371905 7965
15862642 6404309 8503039 7965
16107974 6500367 8635077 7965
16354777 6596326 8767906 8328
16595953 6691199 8899261 8328
16835293 6785616 9028721 8328
17074999 6880255 9157779 8328
17315601 6975100 9287613 8655
17556716 7070208 9418055 8655
17796752 7165483 9548039 8655
18037226 7260372 9677650 8655
18278602 7355387 9807820 8952
18519071 7450615 9939100 8952
18759537 7545443 10069619 8952
19000355 7640430 10199540 8952
19242442 7735602 10329545 9223
19484504 7830950 10460303 9223
19725230 7925959 10590592 9223
19966157 8021131 10720755 9471
20207626 8116453 10850981 9471
20448515 8211411 10981021 9471
20689580 8306553 11111588 9699
20931044 8401872 11242180 9699
21171330 8496819 11371859 9699
21412742 8591880 11501668 9910
21654250 8687119 11632250 9910
21894312 8782001 11762276 10105
22134779 8877055 11892237 10105
22374438 8971783 12021501 10288
22614708 9066678 12151431 10288
22854112 9161295 12281572 10460
23093882 9256093 12411283 10460
23332817 9350564 12540651 10622
23572613 9445236 12669961 10622
23811704 9539608 12799674 10775
24051206 9634246 12929265 10775
24289765 9728589 13058012 10921
24529726 9823134 13187012 10921
24768299 9917385 13315933 11059
25007206 10011885 13445252 11191
25245219 10106088 13573802 11191
25483214 10199978 13702180 11318
25721414 10294143 13831010 11438
25721414 10294143 13959518 11438
25958778 10388131 14085127 11554
26423119 10480244 14210459 11667
26423119 10572627 14336557 11777
26656036 10664930 14461531 11777
27118997 10848446 14585990 11885
27353612 10941172 14712536 11991
27590437 11034901 14841109 12097
27829266 11129437 14970402 12203
28069974 11224706 15100331 12308
28312273 11320612 15232027 12308
28555866 11417741 15364711 12413
28802132 11515364 15498083 12517
29049693 11613392 15631790 12620
29298665 11711811 15765909 12723
29548217 11810545 15900872 12825
29798284 11909554 16105853 12927
30048835 12009403 16242495 13029
30301484 12109489 16379144 13029
30554732 12209723 16515781 13131
30808908 12310068 16652535 13233
31062955 12410525 16789804 13335
31316971 12511054 16927269 13436
31570993 12611691 17065376 13537
31825015 12712446 17203360 13637
32079013 12813780 17341110 13737
32334677 12915165 17479062 13837
32590525 13016575 17616988 13837
32846910 13117973 17754969 13937
33103173 13219385 17893393 14037
33359365 13320760 18031987 14137
33615553 13422147 18170630 14237
33871374 13523539 18309659 14337
34127160 13624900 18448481 14437
34383104 13726259 18587046 14537
34638902 13827643 18725411 14637
34894514 13929530 18864015 14736
35152131 14031442 19002611 14835
35409583 14133302 19141492 14835
35666840 14235084 19280249 14934
35923198 14336844 19348645 15032
36175944 14438331 19486738 15129
36428197 14538435 19623539 15226
36680599 14638544 19760110 15323
36933270 14738701 19965829 15420
37188432 14839549 20102795 15516
37443454 14940515 20240320 15516
37698699 15041518 20378099 15612
37953870 15142588 20515997 15708
38208977 15243677 20653995 15804
38464298 15344801 20791877 15899
38719679 15445962 20930045 15994
38975092 15547129 21068108 16089
39231097 15648883 21206521 16183
39488343 15750668 21345297 16277
39745635 15852385 21484285 16371
40002914 15954056 21623278 16371
40260020 16055698 21762368 16559
40516985 16157306 21901288 16559
40773780 16258882 22039971 16653
41030499 16360398 22178441 16747
41287180 16461860 22316778 16841
41544311 16563309 22455017 16935
41801049 16664732 22593468 17029
42057669 16766103 22732674 17123
42314382 16867466 22871956 17217
42571072 16968844 23011366 17311
42827545 17070826 23150615 17405
43083940 17172768 23289577 17499
43341904 17274667 23428722 17593
43599852 17376527 23567662 17687
43857545 17478315 23706435 17781
44115404 17580028 23845165 17875
44372922 17681701 23984209 17969
44630341 17783300 24123307 17969
44887447 17884881 24262370 18063
45144308 17986438 24401410 18157
45401122 18087964 24540282 18251
45657817 18189460 24678930 18345
45914505 18290901 24747128 18439
46171031 18392298 24885562 18533
46423320 18493689 25022992 18626
46674827 18593275 25159010 18719
46926241 18692833 25295318 18812
47178080 18793149 25432059 18905
47430394 18893671 25569038 18998
47680064 18993010 25774499 19093
47932378 19093340 25911565 19188
48190445 19194837 26049929 19284
48450911 19297414 26259888 19380
48713678 19400950 26402722 19476
48978373 19505349 26546787 19573
49513185 19716410 26691898 19671
49782727 19822908 26837711 19769
50053688 19929912 26984183 19868
50326000 20037408 27131363 19967
50599446 20145357 27279124 20066
50874036 20253686 27427473 20165
51149546 20362356 27576364 20264
51425872 20471359 27725703 20363
51702942 20580627 27875927 20463
51980768 20690149 28026581 20564
52259211 20799920 28177075 20666
52538139 20909841 28327594 20768
52817500 21019925 28478149 20870
53097274 21130144 28629164 20972
53377140 21240480 28780307 21074
53657156 21350898 28931556 21176
53937707 21462000 29082921 21176
54218713 21573198 29234406 21279
54500637 21684430 29385998 21382
54782789 21795671 29538186 21485
55065007 21906947 29690550 21589
55347222 22018216 29843062 21693
55629500 22129473 29995716 21797
55911644 22240707 30148380 21901
56193823 22351935 30301098 22005
56475988 22463140 30453847 22109
56758269 22574364 30606423 22213
57040773 22685595 30758680 22317
57322547 22796582 30911237 22317
57601220 22906804 31062659 22419
57881434 23016997 31213056 22521
58161328 23127317 31364013 22623
58441163 23237732 31515051 22724
58721244 23348271 31666240 22825
59001331 23458898 31817568 22926
59281599 23569583 31969065 23027
59561950 23680348 32120705 23127
59842610 23791159 32272998 23228
60123549 23902014 32425520 23330
60404414 24012963 32578019 23432
60685449 24123929 32730487 23534
60966882 24234968 32882744 23636
61248635 24346671 33034872 23636
61531821 24458374 33186972 23738
61815196 24570016 33339499 23839
62098805 24681595 33492055 23939
62381421 24793141 33644518 24040
62663767 24904611 33796947 24142
62946211 25016067 33949543 24244
63228534 25127490 34102200 24346
63510759 25238875 34254891 24448
63793161 25350227 34408193 24550
64075553 25461596 34561560 24652
64357956 25572923 34714784 24753
64642152 25684841 34867514 24753
64926075 25796772 35019976 24854
65209829 25908642 35172874 24954
65493783 26020429 35325728 25054
65776878 26132170 35478567 25154
66059788 26243865 35631349 25254
66342414 26355467 35784134 25354
66624948 26467001 35936974 25454
66907391 26578521 36089872 25554
67189863 26689994 36242827 25653
67472433 26801459 36396342 25753
67755136 26912935 36549384 25853
68038090 27024396 36702334 25953
68320793 27135863 36855229 26052
68603579 27247809 37008106 26052
68883417 27358586 37159974 26151
69163414 27469302 37310823 26250
69443656 27580059 37461683 26349
69723769 27690918 37613056 26448
70004111 27801835 37764601 26547
70284700 27912789 37916439 26646
70565317 28023775 38068367 26745
70846049 28134761 38220345 26843
71127083 28245778 38373026 26941
71408398 28356849 38525790 27039
71690088 28467934 38678337 27137
71971992 28579076 38830576 27234
72255213 28690821 38982694 27234
72538464 28802570 39134823 27331
72821983 28914299 39286971 27428
73104623 29025995 39439610 27525
73387262 29137653 39592306 27622
73669812 29249248 39745069 27720
73952441 29360797 39898009 27819
74234910 29472316 40050986 27919
74517403 29583789 40204042 28020
74799941 29695254 40357159 28121
75082609 29806717 40510121 28222
75365331 29918127 40662644 28323
75647966 30029520 40815077 28425
75930669 30140904 40967508 28527
76213642 30252273 41119926 28629
76495974 30363650 41272321 28730
76778243 30474995 41425241 28832
77060302 30586367 41578145 28934
77342331 30697702 41731106 29036
77624403 30809636 41884177 29138
77906422 30921589 42037297 29138
78190019 31033451 42190404 29342
78473877 31145284 42343883 29445
78757874 31257078 42496701 29445
79041796 31368835 42649242 29549
79325450 31480539 42802203 29653
79609430 31592204 42955217 29757
79892366 31703782 43107995 29861
80170638 31813775 43258435 29965
80448769 31923745 43408743 30069
80725232 32033152 43558132 30173
81004791 32143681 43709241 30277
81287414 32255358 43862600 30382
81572707 32368110 44017490 30591
81860655 32482477 44173796 36513
