67807 69112 20877 0
102104 110588 27699 1069
247405 151609 79393 1069
318605 237414 164920 1069
591434 283347 276522 1069
708388 385323 375953 1069
977081 442587 492132 1069
1127439 569317 616085 1069
1456552 638051 755661 1069
1633654 709900 900824 2094
1818377 861814 1003102 2094
2210001 940643 1107747 2094
2411192 1021465 1216238 2094
2618585 1104058 1326765 2094
2828752 1188263 1555439 2094
3044236 1273867 1673244 2094
3261984 1360759 1792290 2094
3484186 1448772 1913015 2094
3709967 1627815 2035674 2094
4166659 1718641 2159421 2094
4166659 1810203 2284125 3007
4630379 1902373 2410260 3007
4864500 1994557 2536174 3007
5100797 2087237 2662530 3007
5338042 2180404 2789839 3007
5576083 2273981 2917876 3007
5815131 2367985 3046572 3007
6055575 2462338 3175443 3007
6294987 2556991 3305552 3007
6534787 2651916 3436186 3007
6777004 2747087 3566800 3818
7019773 2842471 3697311 3818
7253783 2937434 3825495 3818
7483806 3030286 3950341 3818
7714229 3121674 4074325 3818
7946285 3213474 4198625 3818
8178523 3305830 4324608 3818
8411804 3398674 4451448 3818
8648055 3492015 4578446 3818
8885872 3585715 4769099 4470
9124610 3679758 4834431 4470
9362644 3774160 5026447 4470
9601531 3868313 5220735 4470
9841594 3962724 5284461 4470
10080794 4057391 5415109 4470
10322118 4152334 5611554 4470
10564469 4247548 5742169 4470
10807782 4342946 5873401 5051
11051487 4438546 6004525 5051
11293854 4533725 6135542 5051
11536569 4629075 6266512 5051
11779835 4724631 6398400 5051
12022195 4820316 6530730 5051
12264944 4916141 6662932 5570
12509659 5012102 6795026 5570
12754681 5108171 6926128 5570
12998328 5203827 7057551 5570
13242341 5299535 7189413 5570
13486724 5395366 7321629 5570
13731227 5491331 7453729 5570
13975970 5587443 7585677 6035
14221034 5683668 7717569 6035
14464903 5779410 7849382 6035
14709018 5875226 7981510 6035
14953297 5971167 8113528 6035
15197835 6067235 8245349 6453
15442444 6163380 8377066 6453
15685919 6258985 8508741 6453
15929715 6354721 8640739 6453
16173744 6450602 8772675 6453
16418167 6546633 8904510 6830
16663074 6642795 9036340 6830
16906706 6738442 9101155 6830
17148988 6834148 9232521 6830
17389407 6928669 9362565 7140
17630440 7023363 9492579 7140
17871235 7118308 9622064 7140
18112203 7212950 9752388 7140
18353507 7307793 9883086 7421
18595385 7402859 10013827 7421
18836242 7497562 10143855 7421
19077771 7592471 10274504 7678
19319785 7687565 10405709 7678
19560503 7782319 10535979 7678
19801872 7877264 10666335 7914
20044416 7972469 10796809 7914
20285591 8067295 10927223 7914
20526887 8162327 11057957 8131
20768860 8257607 11188734 8131
21009952 8352499 11318831 8332
21251636 8447591 11449479 8332
21493808 8542871 11579894 8332
21734846 8637832 11710296 8519
21976514 8732998 11840380 8519
22217980 8827812 11970331 8694
22459467 8922819 12101060 8694
22699888 9017478 12231419 8858
22940787 9112368 12361772 8858
23180715 9206941 12491334 9013
23421450 9301699 12621653 9160
23661383 9396168 12687590 9160
23901907 9490875 12881233 9301
24141760 9585335 12946948 9301
24381329 9679469 13140012 9436
24621427 9773892 13270169 9436
24860589 9868071 13335904 9565
25100637 9962500 13465260 9689
25340635 10056703 13594377 9689
25579505 10150617 13723849 9809
25818782 10244782 13853390 9925
26057441 10338775 13982531 10039
26295270 10432506 14111325 10039
26532972 10525984 14240017 10149
26765496 10619893 14367274 10254
26994830 10710890 14492374 10358
27226214 10802605 14616958 10358
27460305 10895255 14742985 10461
27696485 10989491 14870409 10564
27936441 11084592 15062818 10667
28178697 11180398 15193724 10768
28422615 11276805 15326149 10869
28667965 11373785 15526760 10969
28916203 11471941 15660785 10969
29165620 11570542 15795540 11069
29416184 11669471 15931454 11169
29667490 11768652 16067774 11269
29919222 11868033 16204418 11368
30171347 11967639 16341106 11467
30424145 12067428 16477907 11565
30678929 12168009 16615162 11565
30934704 12268777 16753242 11662
31190313 12369617 16891659 11758
31446094 12470513 17030188 11854
31701830 12571440 17168970 11950
31957788 12672464 17307784 12046
32214053 12774207 17446583 12142
32472339 12875986 17585804 12238
32730858 12977748 17724951 12334
32989322 13079506 17863948 12334
33248106 13181213 18003547 12429
33506343 13282900 18143289 12524
33764310 13384531 18283046 12619
34022149 13486114 18422751 12714
34279699 13587691 18562388 12809
34537051 13689235 18701804 12904
34794370 13790719 18840898 12999
35051377 13892215 18979742 13094
35308337 13994281 19118422 13189
35565093 14096320 19256967 13284
35823936 14198259 19396258 13378
36082547 14300116 19536194 13472
36341026 14401904 19676128 13566
36599257 14503607 19815761 13566
36856508 14605098 19954230 13660
37110259 14705351 20091559 13754
37363749 14805558 20228712 13848
37617612 14905872 20365895 13942
37871931 15006319 20503093 14035
38127054 15107438 20640754 14128
38383632 15208674 20779237 14221
38640504 15309934 20917904 14314
38897295 15411198 21057203 14407
39154149 15512533 21196493 14407
39411174 15613875 21335640 14500
39668250 15715248 21474577 14593
39925309 15816623 21613333 14686
40182142 15917958 21752040 14779
40439720 16019286 21891051 14872
40696997 16120620 22030257 14965
40954262 16221988 22169519 15058
41211356 16323978 22309282 15149
41470066 16425964 22449556 15240
41728904 16527921 22589714 15332
41987804 16629848 22729719 15424
42246817 16731722 22869590 15516
42505755 16833586 23009317 15516
42764608 16935413 23148885 15608
43023922 17037162 23288444 15700
43282618 17138886 23428279 15792
43541210 17240530 23568168 15884
43799544 17342123 23707830 15976
44057437 17443717 23847595 16068
44315305 17545292 23987283 16160
44573144 17647480 24126845 16252
44831185 17749713 24266374 16344
45089557 17851880 24405823 16436
45349276 17953991 24545485 16528
45609515 18056029 24684948 16620
45869063 18157992 24825167 16712
46128375 18259902 24965497 16804
46387494 18361730 25105814 16896
46646376 18463504 25246105 16988
46905031 18565257 25386257 16988
47163423 18666930 25524964 17080
47417435 18767015 25662320 17171
47671337 18867056 25799546 17263
47925528 18967211 25936825 17355
48180760 19067460 26074346 17447
48436077 19167845 26212459 17539
48691762 19268334 26350909 17632
48947697 19368945 26489531 17725
49203860 19469610 26628392 17818
49460156 19570424 26767115 17911
49716501 19671332 26905754 18003
49974798 19772885 27044288 18095
50232869 19874518 27183121 18187
50491518 19976130 27322057 18279
50749591 20077701 27461726 18371
51007682 20179284 27601488 18463
51265568 20280838 27741193 18555
51523306 20382348 27880969 18555
51780954 20483863 28020551 18647
52038470 20585333 28159921 18739
52295964 20686779 28299041 18831
52553406 20788228 28438006 18923
52810725 20889647 28576903 19015
53068687 20991065 28715976 19107
53326278 21092503 28855333 19199
53584006 21193957 28994816 19291
53841611 21295417 29134201 19383
54099054 21397447 29273752 19475
54358100 21499520 29413267 19567
54617346 21601591 29552715 19659
54876757 21703624 29692464 19751
55135883 21805651 29831982 19844
55394660 21907649 29971274 19844
55653846 22009563 30110990 20030
55912433 22111437 30251038 20030
56170943 22213243 30391139 20124
56429313 22314987 30531160 20218
56687522 22416678 30671217 20312
56945539 22518331 30811118 20406
57203529 22619956 30950736 20500
57461208 22721554 31088766 20593
57714121 22821400 31225355 20686
57966756 22921818 31361952 20779
58222196 23022388 31499430 20872
58477678 23123073 31637302 20965
58733285 23223869 31774697 20965
58986373 23323768 31912816 21151
59242126 23424728 32052325 21151
59500772 23526850 32193101 21245
60026129 23734042 32335116 21339
60292126 23838900 32478245 21434
60560562 23945050 32622343 21529
60830458 24051270 32767324 21626
61101662 24158663 32913194 21723
61375511 24266495 33059713 21820
61650238 24374709 33206770 21918
61925843 24483283 33354879 22016
62202300 24592124 33503496 22114
62479273 24701235 33652900 22212
62756570 24810597 33802668 22310
63033736 24920100 33952660 22408
63311466 25029783 34102932 22506
63589689 25139642 34253469 22604
63868495 25250254 34404255 22703
64147798 25360435 34629908 22802
64427501 25471337 34781439 22901
64707627 25582306 34933306 23000
64989710 25693352 35085410 23101
65270887 25804507 35237868 23101
65554079 25915685 35391113 23202
65837685 26026926 35544426 23303
66121387 26138158 35697595 23404
66405134 26249382 35851132 23505
66688546 26360560 36004160 23605
66972336 26471739 36157153 23705
67255386 26582909 36310078 23805
67538288 26694073 36463023 23904
67821406 26805267 36616180 24004
68104347 26916479 36769366 24104
68387497 27027691 36922540 24205
68669903 27138639 37000098 24306
68948088 27248127 37150969 24306
69226487 27357667 37301744 24407
69506829 27467975 37453013 24507
69787577 27578457 37678705 24607
70068570 27688988 37830284 24708
70350648 27800009 37982456 24809
70633098 27911063 38134684 24910
70914940 28022136 38286812 25011
71196750 28133219 38439104 25112
71478649 28244308 38591486 25213
71760623 28355440 38743980 25314
72042528 28466541 38896581 25415
72324511 28577668 39049339 25516
72606637 28689486 39202230 25618
72889138 28800752 39355335 25720
73171862 28912586 39508360 25823
73454436 29024461 39661140 25926
73736746 29136263 39813510 25926
74020371 29248007 39965537 26029
74304205 29359686 40118006 26132
74587199 29471344 40270426 26235
74870083 29582927 40423362 26338
75153196 29694505 40576539 26441
75436527 29806085 40729922 26545
75719947 29917639 40883490 26649
76003488 30029193 41037229 26753
76287157 30140754 41191043 26857
76570888 30252244 41344697 26962
76854719 30363713 41498245 27067
77138467 30475156 41651436 27172
77422492 30586578 41804482 27276
77707992 30698567 41957576 27276
77992798 30810528 42110588 27380
78277638 30922460 42342834 27483
78562415 31034296 42497119 27586
78847156 31146107 42573235 27689
79131945 31257908 42805970 27793
79416711 31369648 42882166 27898
79701492 31481350 42960397 28002
79985845 31592987 43114278 28104
80265667 31702937 43265438 28104
80545587 31813422 43416321 28205
80821693 31922202 43566110 28305
81100535 32032174 43790206 28405
81382528 32143377 44021609 28505
