28770 34913 6115 0
135681 69582 56538 0
283274 144723 144700 0
474690 233349 228444 1092
712665 282980 365284 1092
843190 395126 440432 1092
1138538 457118 606565 1092
1302419 592224 696890 1092
1475116 664565 791881 1092
1839218 739693 995316 1092
2033271 817260 1101517 1092
2233802 978835 1210993 1092
2439214 1062349 1322834 1092
2863231 1147434 1437180 2075
3080898 1233845 1553450 2075
3299792 1321476 1729081 2075
3520157 1409589 1910923 2075
3744559 1498656 2032704 2075
3970916 1588545 2155451 2075
4199501 1679159 2279332 2075
4430046 1770510 2404247 2075
4662131 1862479 2530018 2075
4895839 1954956 2656656 2075
5131009 2047944 2783776 2075
5367494 2141407 2911867 2075
5605494 2235300 3040383 2949
5844005 2329548 3168912 2949
6081616 2423544 3297478 2949
6319982 2517840 3426618 2949
6559882 2612435 3556257 2949
6800196 2707299 3686199 2949
7040853 2802408 3816156 2949
7281871 2897756 3947252 2949
7523345 3088301 4078130 2949
7765248 3184163 4209152 2949
8007648 3280167 4340123 3725
8250358 3376315 4471111 3725
8492051 3472025 4601974 3725
8734738 3567865 4733135 3725
8977513 3663824 4864463 3725
9220801 3663824 4994437 3725
9462013 3759144 5122765 3725
9699465 3853131 5251323 3725
9936226 3947270 5380936 4342
10175468 4041729 5510262 4342
10415680 4136448 5640226 4342
10654980 4230346 5770279 4342
10895332 4419546 5900330 4342
11136340 4514937 6030476 4342
11377999 4610347 6161500 4342
11621443 4705833 6293664 4342
11865598 4801447 6425981 4892
12109759 4897869 6557942 4892
12352472 4993924 6688948 4892
12595407 5090059 6820273 4892
12838805 5185708 6952530 4892
13083259 5282099 7084611 4892
13327729 5378653 7216721 5384
13572313 5475275 7348735 5384
13817070 5571349 7480638 5384
14060596 5666894 7612960 5384
14304985 5762558 7745467 5384
14549403 5859040 7877577 5384
14793915 5955672 8009535 5825
15038645 6052358 8141814 5825
15283618 6148003 8274455 5825
15527833 6244173 8406823 5825
15773152 6341120 8539435 5825
16018685 6438154 8671889 6221
16264248 6535156 8804438 6221
16509873 6631077 8937298 6221
16754627 6726998 9069856 6221
16999164 6823699 9202114 6221
17243871 6920537 9334269 6578
17488971 7017400 9466491 6578
17734517 7017400 9599421 6578
17979202 7208999 9732100 6578
18469525 7305395 9864788 6901
18469525 7402528 9997457 6901
18715542 7499133 10129616 6901
18960168 7499133 10262240 6901
19204646 7595142 10393069 7170
19445679 7689839 10523473 7170
19686796 7785312 10653319 7170
19926670 7880406 10782800 7415
20167115 7975678 10913718 7415
20409019 8070583 11044320 7415
20649747 8165703 11174644 7640
20890834 8261116 11305075 7640
21132750 8356747 11436183 7640
21373814 8451493 11567367 7848
21615539 8546316 11698425 7848
21857856 8642029 11828988 7848
22099064 8737433 11959308 8041
22341114 8833011 12090469 8041
22582973 8927723 12221626 8221
22824868 9022580 12352226 8221
23065903 9117696 12482484 8390
23307351 9213103 12612972 8390
23549034 9308590 12744521 8550
23791458 9403632 12876046 8550
24034407 9499500 13006669 8700
24276236 9595038 13136937 8700
24517136 9690169 13268049 8843
24760707 9785394 13399938 8979
25003208 9880241 13531344 8979
25246055 9975939 13662259 9109
25487844 10071288 13792880 9109
25730072 10166796 13924291 9233
25971686 10261420 14054923 9353
26212216 10356244 14185260 9353
26453432 10451423 14315291 9469
26693859 10546288 14444945 9583
26933686 10640808 14574991 9693
27174234 10735581 14705015 9693
27413883 10830087 14834247 9802
27652489 10924295 14962841 9909
27890365 11018182 15091978 10013
28129476 11112400 15221400 10013
28368022 11206422 15350230 10116
28605995 11300298 15477229 10217
28838398 11392135 15603310 10217
29071870 11484267 15728793 10314
29303005 11575648 15854346 10410
29536381 11667914 15980637 10506
29774189 11761204 16109135 10602
30012741 11855343 16238803 10698
30252996 11950329 16369131 10795
30494856 12046098 16500895 10890
30740607 12240755 16634382 10985
30987835 12338788 16768654 11080
31235996 12437178 16903195 11080
31735080 12535880 17038031 11175
31987419 12635483 17172788 11270
32240885 12735388 17309361 11364
32494768 12835520 17446922 11458
32748962 12935827 17584794 11552
33003255 13036280 17722577 11646
33257790 13136828 17860268 11740
33512561 13237480 17997998 11834
33769322 13338232 18135418 11834
34026553 13439671 18341100 11927
34283747 13541185 18480791 12019
34540800 13642722 18620591 12111
34797812 13744260 18691550 12202
35054806 13845797 18831064 12293
35311751 13947303 18970373 12384
35570051 14048799 19109096 12475
35828398 14150308 19247679 12566
36086679 14251791 19386241 12656
36344665 14353835 19524793 12656
36602910 14455843 19732025 12746
36860687 14557794 19872453 12835
37118456 14659704 20012850 12925
37376106 14761561 20152982 13015
37633641 14863424 20292866 13105
37890992 14965251 20363886 13195
38149949 15067027 20571695 13285
38408948 15168776 20642151 13375
38667881 15270512 20849891 13375
38926034 15372580 20920156 13464
39180866 15473286 21058066 13553
39435062 15573917 21196178 13641
39689403 15674632 21334966 13729
39943945 15775387 21473669 13817
40198687 15876195 21612218 13905
40455237 15977065 21750305 13993
40712111 16078009 21888379 14081
40969223 16178999 22094837 14169
41226358 16280039 22233309 14169
41484062 16381126 22372213 14257
41741710 16482888 22443883 14343
41999364 16584738 22653239 14430
42257203 16686560 22793816 14517
42516553 16788356 22933795 14604
42775910 16890138 23004828 14692
43035201 16991890 23213378 14780
43294320 17093635 23353026 14867
43553200 17195353 23492579 14954
43811768 17297031 23632120 15041
44070937 17398692 23771587 15128
44329620 17500318 23911611 15216
44586876 17601988 24052145 15304
44844235 17703684 24123802 15392
45103427 17805390 24263830 15480
45362528 17907080 24403672 15569
45621442 18008813 24543311 15658
45880359 18111122 24682862 15748
46139221 18213431 24891102 15748
46397567 18315664 25030465 15838
46657768 18417785 25170595 15926
46917727 18519778 25310813 16013
47177312 18621679 25451360 16100
47436763 18723558 25591818 16187
47695850 18825422 25663111 16275
47954633 18927220 25803137 16364
48213233 19029005 25942941 16453
48471705 19130781 26082556 16543
48729997 19232507 26290586 16633
48988330 19334212 26430076 16723
49246626 19435884 26500468 16812
49500598 19535785 26638633 16812
49753672 19635633 26775559 16901
50007126 19736256 26913337 16990
50262279 19837065 27051284 17078
50514626 19937217 27188302 17167
50769579 20038343 27325558 17348
51027350 20140591 27532780 17348
51287848 20243873 27673759 17440
51553060 20348045 27817023 17531
51820466 20453030 28034870 17622
52089566 20558719 28181750 17713
52360395 20665072 28329120 17805
52632692 20771997 28477141 17897
52906325 20879423 28625810 17989
53181291 20987339 28774606 18082
53457342 21095707 28924230 18175
53734532 21204456 29074261 18267
54014542 21314189 29224998 18360
54293531 21424151 29375518 18453
54572482 21534256 29526625 18545
54852943 21644496 29678306 18637
55133504 21754848 29829970 18729
55414056 21865305 29981659 18822
55694875 21975844 30133535 18915
55975877 22086486 30285601 19010
56257253 22197251 30437505 19108
56539012 22308079 30589578 19206
56820806 22419020 30742201 19304
57102849 22530055 30894629 19402
57385232 22641137 31047565 19500
57667582 22752256 31200318 19500
57949880 22863414 31353078 19598
58232444 22974581 31505760 19696
58515570 23085746 31658911 19794
58797894 23196917 31811529 19891
59079838 23308697 31963984 19988
59361813 23420485 32116531 20086
59643827 23532233 32269144 20185
59925926 23643991 32421657 20284
60207713 23755707 32573208 20382
60487573 23867156 32724217 20480
60767017 23977383 32874899 20578
61046927 24087613 33026826 20676
61327437 24198012 33178944 20774
61608287 24308534 33331123 20871
61889474 24419168 33483269 20871
62171141 24529877 33635895 20968
62452775 24640630 33788124 21065
62734077 24751452 33940278 21161
63015334 24862894 34092512 21257
63298543 24974382 34244850 21354
63580230 25085879 34397323 21451
63863709 25197329 34549917 21548
64147215 25308797 34702509 21647
64429090 25420301 34855672 21745
64712755 25531800 35008571 21843
64996597 25643317 35162314 21941
65280396 25754812 35315990 22039
65564297 25866285 35469438 22137
65848404 25977713 35623224 22235
66131652 26089125 35776520 22235
66414902 26200504 35929765 22333
66698301 26311875 36083120 22431
66981709 26423255 36236502 22529
67265073 26534613 36389942 22628
67548499 26645934 36543490 22727
67832100 26868639 36697158 22826
68115980 26980658 36850470 22925
68400027 27092732 37004038 23024
68685693 27092732 37158369 23122
68971525 27204741 37312519 23219
69256186 27316685 37466372 23316
69540440 27428533 37620105 23413
69824592 27540349 37773851 23413
70108713 27652117 37927644 23510
70392815 27763829 38081503 23607
70677007 27987191 38235407 23705
70961227 28099440 38388926 23802
71245566 28211691 38542733 23898
71531531 28211691 38695427 23994
71817180 28323743 38847910 24090
72098801 28434490 39000267 24186
72379952 28545145 39152690 24282
72661350 28655881 39305232 24378
72942992 28766706 39457838 24474
73224687 28877563 39610575 24570
73506635 28988467 39763456 24666
73788738 29099427 39916423 24764
74071037 29210404 40069070 24863
74353502 29321446 40222187 24962
74636248 29432539 40375240 25062
74919074 29543669 40528210 25062
75202024 29654820 40681603 25163
75485356 29765981 40834595 25264
75768123 29877146 40987493 25364
76050800 29988905 41140404 25464
76333441 30100679 41293294 25564
76615857 30212416 41446224 25664
76898491 30324068 41599684 25763
77182673 30435698 41753592 25863
77466913 30547357 41907186 25964
77751548 30659019 42061089 26065
78036266 30770724 42214980 26166
78320758 30882389 42368632 26267
78605303 30994021 42522699 26368
78889523 31105618 42676282 26368
79173485 31217168 42829820 26469
79457432 31328712 42983289 26570
79741085 31440208 43136744 26671
80024627 31663195 43290228 26772
80308051 31775281 43443797 26873
80591816 31775281 43597110 26973
80877466 31999556 43751622 27073
81163321 31999556 43906121 27173
81449006 32111582 44060875 27610
