23833 28226 3052 1458
71145 119119 16105 2345
100034 119119 28800 2345
159822 196716 45761 2345
272555 236445 101281 2345
440951 319989 200565 2345
649621 366666 323566 2345
904518 470691 428938 3395
1047779 529447 552006 3395
1359823 657277 681051 3395
1529327 726400 773780 3395
1706894 798569 922679 3395
1892154 873501 1075532 3395
2279988 1030390 1182700 3395
2481612 1111901 1292591 3395
2688067 1195157 1405108 3395
2899554 1279940 1519698 4336
3114160 1366126 1636472 4336
3331911 1453507 1754372 4336
3551310 1541392 1993530 4336
3773040 1630232 2115241 4336
3997534 1719973 2238289 4336
4224016 1810535 2299018 4336
4437396 1896737 2472209 4336
4858262 1981231 2586382 4336
5073894 2153453 2702131 4336
5292135 2241248 2819588 5087
5513173 2330066 2938459 5087
5737117 2418638 3058590 5087
5963151 2507998 3179507 5087
6191950 2598189 3301662 5087
6422101 2689133 3424948 5087
6653060 2781377 3549361 5087
6887829 2874032 3675142 5087
7123916 2967142 3801847 5755
7360555 3060641 3929046 5755
7598003 3154475 4056025 5755
7835328 3248113 4183647 5755
8073185 3342023 4311954 5755
8311443 3436216 4503616 5755
8550391 3530680 4632448 5755
8790412 3625414 4762291 5755
9030742 3720365 4892112 6351
9271339 3815516 5021899 6351
9512439 3910832 5151145 6351
9753184 4005796 5281147 6351
9993831 4100844 5411397 6351
10234505 4196042 5607490 6351
10475565 4291393 5738134 6351
10717090 4386890 5802624 6883
10959339 4482579 5933912 6883
11201834 4578367 6064218 6883
11443024 4673752 6260523 6883
11684498 4769224 6391486 6883
11927034 4864844 6522803 6883
12169634 4960592 6587560 7359
12412337 5056421 6784805 7359
12655075 5152330 6915474 7359
12896619 5247780 7046598 7359
13138866 5343328 7178028 7359
13381429 5439012 7309239 7359
13623989 5534784 7440277 7787
13866726 5630644 7504945 7787
14107760 5725964 7571215 7787
14344178 5819394 7700441 7787
14578894 5913593 7828287 7787
14814135 6008116 7956010 8137
15050355 6102876 8084316 8137
15289774 6197331 8212947 8137
15528651 6291452 8341695 8137
15767930 6385793 8533963 8453
16007872 6480388 8663640 8453
16248749 6575279 8793086 8453
16488611 6669829 8922507 8453
16728840 6764569 9052026 8741
16969694 6859533 9182076 8741
17210031 6954189 9312169 8741
17450783 7049045 9442207 9004
17691862 7144108 9572209 9004
17933418 7239356 9702034 9004
18174306 7334270 9832167 9004
18415438 7429303 9962588 9245
18656793 7524523 10092896 9245
18897025 7619378 10222584 9245
19137836 7714393 10352910 9466
19379512 7809645 10483873 9466
19620072 7904537 10613917 9670
19860963 7999600 10743917 9670
20102387 8094846 10873394 9670
20343466 8189782 11003673 9860
20584545 8284865 11134305 9860
20824509 8379591 11264102 10037
21064913 8474489 11394049 10037
21305891 8569590 11523839 10202
21545973 8664377 11589798 10202
21786493 8759313 11719566 10357
22026023 8853923 11848986 10357
22266193 8948728 12041994 10504
22505911 9043216 12107882 10504
22745997 9137906 12237538 10643
22984866 9232269 12366783 10643
23223937 9326703 12559828 10776
23464537 9421404 12625919 10899
23703785 9515811 12755776 10899
23936044 9608433 12881888 11017
24167220 9700762 13006392 11133
24397077 9792399 13131580 11246
24628802 9884911 13258757 11246
24864393 9979009 13386819 11357
25102303 10073948 13580841 11466
25342512 10169581 13712826 11575
25584367 10265818 13845281 11682
25831129 10362603 14046062 11682
26079258 10459858 14180340 11788
26579847 10557596 14316049 11891
26579847 10656954 14452579 11994
27083182 10757113 14589058 12097
27335343 10857464 14725476 12200
27589347 10957909 14862837 12303
27845290 11058434 15000637 12303
28101825 11259358 15139479 12405
28359904 11360525 15278467 12506
28617943 11461748 15417542 12606
28875365 11563608 15556768 12706
29132394 11665883 15696079 12806
29389305 11768119 15835633 12906
29647414 11870249 15975293 13006
29906970 11972076 16115551 13105
30166347 12073835 16255651 13105
30427687 12176138 16395620 13203
30688240 12278403 16535743 13301
30948037 12381167 16676120 13399
31207349 12484249 16817258 13496
31466250 12587215 16958615 13593
31724647 12689990 17099576 13690
31984104 12792616 17240502 13788
32244932 12894920 17381404 13886
32505446 12997099 17521954 13984
32765566 13099157 17662240 14082
33025280 13201127 17802309 14082
33286336 13303595 17942180 14179
33547440 13406021 18082079 14276
33806466 13508916 18221940 14373
34064572 13611447 18360588 14469
34318512 13611447 18498107 14565
34572055 13712578 18635901 14661
34825580 13914583 18773541 14757
35079270 13914583 18911042 14853
35333223 14116676 19048460 14949
35587381 14116676 19186360 14949
35844047 14318317 19324702 15044
36102426 14419506 19463315 15138
36360873 14520755 19602095 15232
36617742 14622649 19740987 15326
36874309 14724543 19879704 15420
37130802 14826395 20018693 15514
37387292 14928182 20157516 15607
37643728 15029908 20296660 15700
37901483 15131609 20436072 15793
38163379 15233128 20575964 15793
38424780 15335142 20716023 15886
38685177 15437740 20856218 15979
38945000 15540675 20996693 16072
39204181 15643513 21136863 16165
39462959 15746197 21276693 16258
39721308 15848714 21416675 16351
39979350 15951082 21555980 16445
40237330 16053310 21695540 16539
40495153 16155426 21834996 16633
40754223 16257496 21975113 16633
41015392 16359337 22115801 16726
41277341 16461664 22256430 16818
41538443 16564530 22397132 16910
41798914 16667669 22538090 17002
42058879 16770691 22679239 17093
42318374 16873509 22820422 17184
42577470 16976150 22961236 17275
42836184 17078669 23101703 17367
43094680 17181067 23241847 17461
43352894 17283334 23381401 17555
43612348 17385529 23521529 17555
43874028 17487469 23661929 17649
44136737 17589890 23802510 17742
44398426 17589890 23941808 17834
44654097 17692220 24079691 17926
44909037 17793322 24217972 18017
45163870 17894351 24356155 18109
45418642 17995397 24494147 18202
45673361 18096443 24631978 18295
45928410 18197499 24769733 18387
46183523 18298555 24907911 18387
46439323 18500726 25046453 18479
46696260 18602425 25185015 18570
46952981 18704162 25323612 18661
47209543 18805862 25462239 18752
47465992 18907497 25600690 18843
47722342 19009086 25738966 18935
47978683 19110642 25877122 19027
48234913 19212161 26015165 19119
48491217 19313668 26153654 19211
48748243 19415155 26292626 19303
49004663 19516601 26432045 19303
49260998 19618002 26571525 19395
49518822 19719984 26710903 19485
49776528 19821951 26850022 19575
50034042 19923833 26988861 19666
50291256 20025642 27127509 19756
50548421 20127391 27266044 19846
50805530 20127391 27404519 19936
51065019 20330193 27543763 20026
51322507 20431856 27683172 20116
51579795 20533527 27822529 20206
51836939 20635158 27962431 20296
52093859 20736738 28102120 20386
52350640 20838284 28241529 20477
52607358 20838284 28380736 20568
52863965 20939818 28519710 20659
53120385 21142786 28658419 20659
53376676 21244247 28797001 20750
53635166 21346272 28935881 20840
53893291 21448256 29074876 20930
54151089 21550141 29214254 21020
54151089 21550141 29353619 21110
54408471 21651920 29422433 21200
54660749 21751790 29627571 21292
54912643 21851593 29694492 21292
55164748 21951514 29831084 21383
55417310 22051604 30034780 21472
55922316 22151123 30172373 21561
56179816 22353515 30311596 21651
56439883 22456333 30452335 21742
56702019 22560095 30594076 21834
56966147 22664653 30736803 21927
57232244 22769945 30880477 22020
57500130 22875898 31025054 22113
57769798 22982448 31170959 22206
58040739 23089503 31317594 22299
58312762 23197028 31464850 22392
58586022 23304965 31613099 22485
58860107 23413241 31761823 22579
59134970 23521863 31910922 22673
59410609 23630762 32060405 22767
59688603 23740495 32210240 22861
59967317 23850478 32360429 22955
60246406 23960591 32510925 23049
60525717 24070830 32661668 23146
60803784 24181166 32812635 23244
61082230 24291020 32963819 23342
61362572 24401562 33115236 23441
61643367 24512254 33266845 23540
61924332 24622999 33418616 23639
62205595 24733778 33570390 23738
62487025 24844605 33722161 23836
62768662 24955467 33873949 23935
63051826 25066401 34025884 23935
63337133 25177231 34253888 24034
63620301 25288725 34331657 24132
63903124 25400254 34484980 24230
64185621 25511700 34638213 24328
64468111 25623101 34791455 24426
64750714 25734483 35020420 24524
65034971 25846457 35173931 24622
65319284 25958412 35251699 24721
65602543 26069954 35404679 24819
65882402 26180166 35555531 24917
66161562 26290334 35705992 25015
66440986 26400597 35856315 25113
66720983 26510958 36006820 25113
67000484 26621402 36157899 25211
67280164 26731963 36309192 25309
67560215 26842607 36461094 25407
67840466 26953298 36613120 25505
68120745 27064062 36765223 25603
68401336 27175445 36917480 25701
68682193 27286869 37069915 25799
68963173 27398300 37222436 25898
69244273 27509120 37375011 25996
69527022 27620518 37527677 26095
69809930 27731971 37680285 26194
70092675 27843370 37832615 26293
70375316 27954733 37984687 26391
70658129 28066070 38136605 26489
70940762 28177411 38288992 26489
71222916 28288779 38441429 26587
71504970 28400112 38593841 26685
71786790 28511445 38746660 26783
72068559 28622750 38899513 26881
72350440 28734013 39052449 26979
72632356 28845280 39280968 27077
72914251 28956523 39358517 27174
73197927 29068348 39511666 27271
73481793 29180135 39664589 27368
73765527 29291830 39817298 27465
74049202 29403488 39969705 27562
74334757 29514569 40122050 27659
74618065 29626214 40274434 27756
74901142 29737892 40427328 27853
75183932 29849506 40580233 27950
75466679 29961088 40733237 28049
75749536 30072639 40885889 28149
76032326 30184161 41114038 28248
76315207 30295653 41191966 28348
76598108 30407123 41345846 28348
76880811 30518500 41499033 28449
77160169 30628669 41650126 28549
77439553 30738817 41801273 28648
77719583 30849066 41952610 28748
77999347 30959458 42104075 28847
78280932 31070556 42255722 28945
78562819 31181729 42407477 29043
78844747 31292917 42559333 29142
79126734 31404129 42711382 29242
79408791 31515326 42863573 29343
79690958 31626522 43015908 29445
79973177 31737727 43168393 29547
80255450 31848945 43320993 29649
80537723 31960155 43474058 29649
80819920 32071352 43626930 29751
81102026 32182531 43779496 29853
81384348 32293747 43932257 29955
81666612 32404978 44084972 34704
