35078 0 15952 1338
115658 95784 71158 1338
336556 145765 158729 1338
519328 239566 282529 1338
751311 292080 432674 1338
899399 415802 563518 1338
1232412 486122 659793 1338
1409110 558337 758501 1338
1591927 710348 859906 1338
1781493 789824 1019111 1338
2175755 871261 1181231 1338
2379943 954456 1293424 1338
2588228 1039190 1407395 2457
2800110 1125299 1522837 2457
3013675 1212626 1639376 2457
3230334 1389262 1757536 2457
3451563 1478998 1876674 2457
3673110 1569499 1997408 2457
3897493 1660743 2119301 2457
4123292 1752639 2242321 2457
4583336 1845139 2429904 2457
4815420 1938171 2554669 2457
5047357 2031650 2679536 2457
5280156 2125498 2805817 2457
5514254 2219703 2932756 2457
5748804 2314222 3122987 3449
5984863 2408987 3187334 3449
6221329 2503499 3315265 3449
6457860 2598258 3505188 3449
6693934 2693254 3633605 3449
6930591 2788478 3762416 3449
7169945 2883909 3890977 3449
7409063 2979521 4019705 3449
7647137 3075279 4149145 3449
7885535 3171141 4278820 3449
8125698 3267171 4408027 3449
8366532 3363296 4537515 4328
8607250 3459532 4666827 4328
8846056 3555827 4796521 4328
9086343 3651691 4925737 4328
9326383 3747641 5055146 4328
9567180 3843671 5184800 4328
9807068 3939823 5249428 4328
10046501 4035830 5378893 4328
10280205 4129394 5507448 4328
10513317 4223018 5633938 4328
10748280 4316799 5760166 5023
10983293 4411069 5887130 5023
11217997 4505625 6014191 5023
11452708 4599880 6141175 5023
11687255 4694229 6268223 5023
11923528 4788837 6396767 5023
12159926 4883723 6524966 5023
12397309 4978822 6652875 5023
12635010 5074119 6781337 5023
12873652 5169604 6910302 5641
13112217 5265241 7039179 5641
13350219 5360432 7167842 5641
13588594 5455768 7296545 5641
13826998 5551334 7425841 5641
14066151 5647025 7554956 5641
14305170 5742862 7747937 5641
14545292 5838822 7813515 5641
14785407 5934932 7943502 6192
15025194 6031151 8073105 6192
15264107 6126884 8202312 6192
15503430 6222683 8331354 6192
15743017 6318577 8460347 6192
15982261 6414584 8590182 6192
16221757 6510677 8719690 6684
16461921 6606826 8848946 6684
16700398 6703041 8978233 6684
16939376 6798810 9107486 6684
17178163 6894625 9236880 6684
17417675 6990549 9366036 6684
17657515 7086547 9495597 7125
17897083 7182695 9625628 7125
18135564 7278887 9754926 7125
18373994 7374631 9883916 7125
18613500 7470421 10012907 7125
18853083 7566366 10142773 7125
19092504 7662419 10272576 7521
19332690 7758563 10401613 7521
19571464 7854190 10465584 7521
19806797 7948545 10657759 7521
20041685 8043014 10785404 7521
20277634 8137722 10912774 7845
20514398 8232641 11039983 7845
20749782 8327275 11167975 7845
20985787 8422101 11295657 7845
21221982 8517132 11423513 8138
21459506 8612348 11551067 8138
21695750 8707254 11679643 8138
21931960 8802330 11807818 8405
22169134 8897585 11935335 8405
22405295 8993006 12063392 8405
22642250 9088042 12191690 8649
22879364 9183204 12320252 8649
23115969 9278532 12448269 8649
23353082 9373476 12576346 8873
23590184 9468603 12705041 8873
23826467 9563886 12833140 8873
24062896 9658791 12961034 9080
24300716 9753839 13088661 9080
24537149 9849114 13217366 9080
24773909 9944020 13345624 9271
25011936 10039068 13473334 9271
25248695 10133789 13601626 9449
25486083 10228691 13729701 9449
25722207 10323214 13858012 9616
25959844 10417973 13985474 9616
26196236 10512957 14113527 9773
26432508 10607649 14241854 9773
26668323 10702503 14304795 9921
26904904 10797050 14432307 9921
27140764 10891768 14559728 10062
27376620 10986224 14687147 10062
27611690 11080320 14814563 10196
27847684 11174673 14941555 10196
27847684 11268776 15068688 10324
28082447 11363173 15195703 10447
28316449 11457310 15322439 10447
28550906 11551132 15449082 10563
28785482 11645347 15575983 10674
29014346 11737472 15699331 10784
29240709 11828972 15822035 10894
29470283 11921356 15946324 10894
29701242 12015334 16071831 11002
30169320 12110172 16199073 11109
30408546 12205721 16392883 11214
30648874 12301894 16523344 11319
30890395 12399275 16654607 11422
31133106 12497137 16785956 11422
31378109 12595399 16918018 11525
31624329 12694004 17050392 11628
31870877 12792873 17184116 11730
32118235 12892003 17384183 11830
32366071 12991976 17518701 11929
32615826 13092195 17653433 11929
32866415 13192555 17788938 12028
33116794 13293069 17924415 12127
33366990 13393677 18060065 12226
33617901 13494364 18195739 12325
33868455 13595143 18331472 12423
34120039 13696535 18467333 12521
34371460 13798013 18603773 12619
34622474 13899547 18740030 12717
34873975 14001036 18876340 12815
35125030 14102503 19012641 12913
35378033 14203942 19148621 12913
35631516 14305339 19285082 13011
35884148 14406737 19421617 13108
36137105 14508125 19558290 13205
36389568 14610139 19694868 13304
36641587 14712170 19831281 13402
36894160 14814096 19968252 13500
37146531 14915967 20105254 13598
37401139 15017762 20241979 13696
37655483 15119460 20378686 13696
37909236 15221108 20515795 13793
38163108 15322706 20652911 13889
38416442 15424843 20789826 13985
38669262 15526931 20926992 14080
38922196 15628760 20995681 14175
39171116 15729157 21131619 14270
39420306 15829477 21332556 14365
39669215 15929894 21467262 14459
39919490 16030424 21602208 14554
40170444 16131037 21737190 14648
40421167 16231752 21872860 14744
40672483 16332542 22008033 14744
40924134 16433370 22143725 14840
41175137 16534259 22279537 14936
41426620 16635160 22415536 15031
41677783 16736701 22551477 15126
41928693 16838282 22687959 15221
42180318 16939855 22824458 15316
42431618 17041422 22960854 15411
42683748 17142942 23097120 15506
42936945 17244341 23233281 15601
43189578 17345686 23369560 15696
43442433 17447028 23506056 15696
43694843 17548344 23642725 15791
43947238 17649648 23779172 15886
44199565 17750916 23915517 15981
44452098 17852224 24051909 16075
44704763 17954084 24188315 16169
44957104 18055930 24324841 16263
45208870 18157776 24461467 16357
45460986 18259550 24598269 16451
45712867 18361277 24735051 16545
45966822 18462944 24871553 16639
46221081 18564541 25007966 16733
46474335 18666075 25144829 16733
46727896 18767573 25281781 16827
46980793 18869041 25418593 16921
47233084 18970488 25555183 17015
47485811 19071904 25691805 17109
47738243 19173920 25828381 17203
47991184 19275902 25964724 17297
48244019 19377818 26101067 17391
48496356 19479692 26237854 17485
48748933 19581486 26374737 17579
49001073 19683183 26442785 17672
49248094 19783111 26578345 17765
49495533 19882962 26712459 17765
49745170 19982988 26846722 17858
49995562 20083157 26980962 17951
50245879 20183421 27115243 18043
50493275 20282523 27249196 18135
50743573 20382670 27451652 18227
50996534 20484674 27589345 18320
51252941 20587780 27728160 18414
51511545 20796582 27868332 18509
51771956 20902080 28009564 18604
52034446 21008235 28152336 18699
52298256 21114993 28296042 18795
52563184 21222229 28440253 18892
52830082 21329931 28585089 18989
53097930 21438039 28730486 19087
53366332 21546490 28876190 19185
53637843 21655266 29022443 19283
53910095 21764283 29169626 19381
54182605 21873514 29317085 19480
54456228 21982975 29464867 19579
55004367 22092664 29613013 19679
55279348 22202539 29761200 19779
55554415 22312548 29909589 19879
55829618 22422684 30058337 19979
56105640 22532941 30207162 20080
56381692 22643312 30431881 20181
56657679 22753809 30581262 20282
56934435 22864420 30730641 20384
57211169 22975077 30880275 20486
57487553 23086410 31029883 20588
57764473 23197741 31179138 20690
58041282 23309036 31328491 20792
58317814 23420306 31478422 20792
58594700 23531564 31628189 20894
58872963 23642807 31777992 20995
59151054 23754063 31927975 21096
59429828 23865319 32077793 21197
59708470 23976569 32151287 21298
59708470 24087547 32301109 21398
59985979 24197276 32449299 21498
60259689 24307026 32597202 21599
60806741 24416968 32745288 21699
61081033 24527625 32893569 21799
61355293 24638376 33117016 21899
61629531 24749164 33266092 21999
61904479 24859997 33415144 21999
62179366 24970847 33564036 22099
62455762 25081737 33713248 22199
62732602 25192661 33862431 22299
63009736 25303595 34011519 22399
63286761 25414586 34160856 22499
63563494 25525598 34310546 22599
63840866 25636582 34460201 22699
64118102 25747608 34610223 22800
64394974 25858667 34760204 22901
64672466 25969744 34910066 23003
64949821 26080821 35060293 23105
65227067 26191953 35210490 23206
65504662 26303702 35360504 23307
65782023 26415433 35510274 23408
66058925 26527108 35660543 23509
66336314 26638694 35810658 23509
66613479 26750212 35960850 23610
66892095 26861714 36111212 23711
67171507 26973186 36261383 23812
67450725 27084606 36411338 23913
67729200 27196018 36561527 24014
68007577 27307393 36711957 24115
68285381 27418688 36862162 24216
68562932 27529941 37012535 24317
68840795 27641173 37162772 24417
69118716 27752946 37312826 24517
69396429 27864736 37463117 24617
69673981 27976471 37613179 24717
69952020 28088143 37763565 24817
70229735 28199773 37914203 24918
70506809 28311343 38064703 24918
70784362 28422831 38138802 25019
70784362 28534228 38289121 25120
71062971 28644092 38437116 25220
71336954 28753927 38584811 25320
71611323 28863858 38732658 25419
72160446 28973884 38881034 25518
72435839 29083987 39029690 25616
72711349 29194765 39178592 25715
72986746 29305637 39327510 25814
73262873 29416548 39476569 25913
73539052 29527501 39701440 26012
73815143 29638510 39850975 26112
74092184 29749536 40000884 26212
74369270 29860604 40150727 26312
74646128 29971688 40300738 26413
74922917 30082776 40450613 26413
75199189 30193817 40600251 26514
75476794 30304847 40750159 26615
75755052 30415901 40899926 26716
76033126 30526943 41049957 26817
76310943 30638013 41200344 26918
76588934 30749111 41274460 27019
76867037 30860188 41500452 27120
77144919 30971905 41650691 27222
77422460 31083066 41724944 27324
77700593 31194760 41950969 27426
77978479 31306471 42101342 27529
78256057 31418156 42251723 27632
78534288 31529760 42402404 27735
78812310 31641308 42553106 27735
79089896 31752792 42703669 27838
79369529 31864213 42854023 27941
79648997 31975601 43004386 28044
79927974 32086995 43154812 28146
80207330 32198382 43305458 28248
80486602 32309740 43455882 28350
80764986 32421102 43606498 28452
81043428 32532438 43756926 28553
81321541 32644322 43907139 28654
81599404 32756215 44057564 29067
