133317 48869 68240 0
284281 99608 160393 0
640654 209465 318196 0
804932 340763 455870 0
1185385 416191 673705 0
1397829 584243 793532 0
1857986 675601 919551 1374
2103578 771068 1186987 1374
2355918 971901 1326872 1374
2617071 1076420 1471024 1374
3159683 1183523 1618809 1374
3439676 1292934 1769664 1374
3724619 1404353 1999392 1374
4013933 1517542 2156452 1374
4309641 1632301 2395536 1374
4608080 1865814 2556414 1374
4909357 1984320 2719594 1374
5211531 2103782 2884528 1374
5516219 2224079 3050917 2598
5823210 2345060 3216842 2598
6131508 2466122 3383117 2598
6441528 2587729 3551064 2598
6751374 2709900 3719328 2598
7064833 2826864 3883164 2598
7361644 2941414 4041246 2598
7650872 3056889 4198641 2598
7942936 3173629 4357778 2598
8238281 3291454 4436378 2598
8531576 3291454 4593067 2598
8819708 3406757 4747183 2598
9102749 3519903 4824679 3569
9381495 3631539 4976519 3569
9381495 3740981 5126047 3569
9655358 3848912 5273442 3569
9926032 3955524 5419236 3569
10193840 4060961 5563607 3569
10459283 4165391 5706720 3569
10722580 4268941 5848212 3569
10985503 4371678 5988587 3569
11246606 4371678 6128002 3569
11505933 4473726 6266602 3569
11763851 4575156 6334765 4430
12020588 4676037 6472435 4430
12274304 4775915 6609456 4430
12526885 4875822 6746403 4430
12779411 4975408 6883472 4430
13031054 5074670 7020300 4430
13282094 5173627 7156558 4430
13532425 5272320 7292222 4430
13783755 5370785 7426932 4430
14034770 5469040 7561396 4430
14285334 5567116 7695716 5195
14534021 5665011 7764435 5195
14780899 5762807 7899210 5195
15027189 5859972 8033278 5195
15273339 5957003 8166865 5195
15521268 6053974 8299774 5195
15769919 6150929 8432599 5195
16016682 6247863 8566522 5195
16263041 6344832 8700682 5195
16509259 6441757 8834474 5875
16757113 6538652 8967515 5875
17003636 6635530 9099997 5875
17003636 6731827 9232615 5875
17251039 6828407 9364583 5875
17491945 6923058 9495037 5875
17732216 7017737 9625222 5875
17972924 7112635 9755093 5875
18216158 7207733 9886189 5875
18458665 7303079 10017893 6417
18701218 7398529 10148965 6417
18942429 7493585 10279132 6417
19185688 7588779 10409434 6417
19429766 7684135 10541182 6417
19672847 7779686 10673388 6417
20159560 7875367 10805415 6901
20405176 7971172 10936976 6901
20405176 8067095 11067886 6901
20650331 8162610 11200574 6901
20893688 8258238 11333137 6901
21380435 8353976 11465408 6901
21626078 8449836 11597198 7335
21626078 8545806 11728702 7335
21872785 8641865 11861853 7335
22359796 8737505 11994435 7335
22605018 8833218 12126266 7335
22850628 8929057 12258007 7335
22850628 9024994 12389513 7725
23097089 9121041 12522666 7725
23340606 9216678 12655336 7725
23829452 9312376 12787316 7725
24075278 9408195 12918856 8077
24075278 9504144 13051005 8077
24321600 9600177 13184392 8077
24564020 9695792 13317613 8077
25053981 9791462 13449738 8077
25053981 9887254 13581736 8395
25300382 9983163 13713091 8395
25545457 10078621 13845085 8395
25789335 10174206 13978976 8684
26033313 10269902 14111913 8684
26277443 10365722 14243830 8684
26521878 10461118 14374965 8684
26766659 10556613 14507183 8926
27011790 10652230 14638675 8926
27252254 10745815 14767785 8926
27491118 10838307 14895949 9147
27727295 10931124 15022828 9147
27963436 11023869 15151914 9147
28198690 11117035 15281134 9351
28434812 11210588 15409656 9351
28672027 11303974 15537759 9351
28910985 11397698 15667916 9540
29150611 11491782 15797613 9540
29389364 11585642 15926931 9715
29628709 11679763 16055746 9715
29867989 11773635 16185471 9879
30107679 11867804 16315681 9879
30346291 11961749 16445207 10034
30585733 12055978 16574194 10034
30824847 12149985 16704063 10180
31064846 12244258 16834522 10180
31305359 12338223 16964155 10318
31544663 12432440 17093076 10318
31782997 12526400 17222402 10449
32022160 12620592 17352547 10574
32260425 12714548 17482044 10574
32499282 12808220 17611246 10695
32737658 12902219 17739684 10812
32975574 12995995 17869580 10812
33214372 13089552 17999048 10925
33452334 13183416 18062341 11035
33689597 13277038 18255579 11035
33928126 13370409 18384342 11142
34165892 13464129 18513694 11246
34402885 13557669 18576806 11348
34639132 13650993 18704943 11348
34876783 13744076 18897895 11449
35113794 13837544 18961544 11548
35350108 13930828 19089867 11646
35585875 14023920 19217761 11742
35823028 14116827 19410443 11742
36059775 14209605 19474035 11837
36295749 14209605 19602198 11930
36531417 14302784 19727531 12021
36760447 14394073 19851415 12112
36990993 14575967 19976941 12203
37224076 14668444 20103598 12295
37462140 14761853 20297500 12295
37702084 14856138 20428884 12387
37943295 14951801 20559993 12479
38186200 15048188 20692105 12571
38431203 15145085 20824962 12663
38677133 15242459 20959000 12756
38923958 15340300 21093874 12849
39171690 15438533 21228582 12942
39670500 15537077 21363149 13035
39922998 15635926 21498663 13128
40176047 15735057 21634551 13221
40429351 15834442 21772222 13313
40682621 15934578 21910373 13405
40936248 16034883 22048043 13497
41190175 16135302 22185279 13589
41445019 16235826 22322979 13589
41699952 16336430 22460889 13681
41955141 16437111 22598974 13773
42212230 16537852 22737211 13864
42469399 16638647 22876027 13955
42726404 16739514 23015222 14046
42983495 16840412 23153923 14137
43240784 16941402 23292558 14228
43498107 17042482 23430769 14319
43756161 17143591 23569801 14410
44013529 17244712 23709352 14501
44270790 17345852 23848761 14592
44527622 17447554 23987929 14683
44783937 17549218 24127414 14774
45040440 17650882 24266846 14865
45296976 17752552 24406615 14956
45553701 17854180 24545876 15047
45810468 17955750 24684977 15138
46067444 18057299 24823555 15229
46324495 18158800 24962470 15229
46324495 18260265 25101402 15320
46581082 18361561 25239035 15410
47085609 18461212 25375595 15500
47339960 18560868 25512680 15590
47593093 18660736 25650324 15681
47848385 18760769 25787619 15772
48104284 18860974 25924590 15863
48360699 18961356 26062108 15955
48617036 19061840 26199798 16047
48873154 19162362 26337947 16137
49129244 19263493 26476912 16227
49385226 19364752 26616097 16317
49641109 19466056 26755540 16407
49897162 19567321 26894418 16497
50153325 19668584 27032789 16587
50410187 19769866 27171512 16678
50666986 19871148 27310285 16769
50923890 19972446 27449173 16769
51180705 20073731 27588080 16860
51437433 20175007 27727076 16951
51694083 20276292 27866478 17042
51950928 20377575 28006299 17133
52209710 20478909 28145678 17224
52468726 20580293 28284921 17315
52727735 20681692 28423705 17406
52986865 20783114 28562859 17498
53245612 20884556 28701906 17590
53503945 20985924 28840864 17682
53761613 21087178 28979279 17774
54018916 21189039 29118799 17866
54276162 21290407 29258895 17957
54533125 21392309 29399249 18048
54790043 21494190 29538944 18140
55047017 21596006 29678396 18232
55304149 21697805 29817330 18324
55561689 21799573 29956652 18416
55820236 21901714 30095913 18416
56078763 22004353 30235464 18508
56337071 22106903 30375442 18600
56596763 22208797 30515599 18692
56856011 22310592 30655787 18784
57110988 22412306 30794960 18876
57365615 22512496 30932523 18968
57620553 22612643 31069923 19061
57875992 22712898 31206922 19154
58132774 22813750 31344261 19247
58389597 22915264 31483048 19340
58646133 23017326 31621885 19433
58902597 23119370 31761348 19526
59159001 23220863 31901589 19620
59415386 23322296 32041323 19714
59671964 23423684 32180792 19808
59928482 23525066 32320063 19808
60185634 23626433 32459129 19902
60442387 23727792 32597679 19996
60700997 23829138 32736325 20089
60959592 23931001 32874979 20182
61217620 24032878 33013932 20274
61475041 24135215 33154154 20366
61732576 24236980 33294902 20458
61990098 24338668 33435129 20550
62247622 24440314 33575081 20642
62505029 24541900 33714784 20734
62762895 24643462 33853874 20734
63020259 24745009 33992801 20826
63277522 24847083 34131688 20918
63534698 24949116 34270591 21010
63791790 25051062 34409453 21102
64050421 25152961 34549086 21194
64308962 25254316 34689419 21286
64567693 25355630 34829283 21378
64826447 25456980 34969419 21470
65085065 25558365 35109808 21562
65344147 25660285 35249571 21655
65602485 25762189 35389137 21748
65860728 25864599 35528481 21840
66118538 25966925 35667776 21932
66376265 26069129 35807046 21932
66633828 26171220 35946243 22024
66891205 26273261 36086391 22116
66891205 26374721 36226843 22208
67148499 26476127 36365478 22300
67401366 26575023 36500704 22391
67906702 26675469 36636582 22484
68163882 26777183 36774411 22578
68423393 26879325 36914301 22672
68685361 26982419 37056011 22766
68949284 27087034 37199450 22860
69214922 27192365 37345369 22954
69482468 27297825 37563920 23048
69751837 27510556 37711500 23143
70022698 27617726 37859709 23238
70295124 27725403 38008555 23333
70570732 27833526 38157943 23428
70847564 27942030 38307822 23428
71125065 28051480 38457439 23523
71403253 28162458 38607602 23617
71682091 28273613 38758457 23712
71962743 28384622 38910434 23807
72243748 28495099 39063082 23902
72525161 28605623 39215866 23997
72806991 28716171 39368734 24093
73088961 28826790 39521587 24190
73371000 28938053 39674042 24287
73653030 29049352 39826472 24384
73934892 29160123 39979440 24481
74217128 29270900 40132588 24578
74498968 29381694 40285740 24675
74780847 29493102 40438537 24772
75062939 29604590 40591105 24869
75344972 29716033 40743531 24966
75628869 29827446 40896056 25063
75913025 29938833 41048902 25160
76197126 30050217 41201667 25258
76481172 30161549 41354340 25357
76765006 30272856 41507089 25457
77048618 30383550 41660220 25558
77331987 30494245 41813423 25659
77615662 30604968 41966663 25760
77898237 30716352 42119416 25760
78181065 30827655 42272746 25861
78463644 30938318 42424815 25962
78743001 31049503 42575857 26063
79022186 31160751 42727047 26164
79301655 31271998 42878298 26265
79581466 31382682 43030234 26366
79861554 31493351 43182306 26467
80142096 31604085 43334533 26568
80422941 31714871 43486928 26669
80704120 31825178 43639861 26770
80987117 31935512 43792881 26871
81270336 32046336 43945938 26972
81554809 32157805 44099196 30471
