1098782 213416 455940 0
1680374 435220 924807 2139
2277137 664176 1250565 2139
2888006 1138288 1584202 2139
3512502 1382790 1924785 2139
4148175 1631400 2271094 2139
5448858 1883504 2622367 2139
6110690 2138664 3160998 2139
6778844 2396522 3522027 2139
7453079 2656650 4065581 4052
8131875 2918737 4433408 4052
8812606 3181759 4802252 4052
9496857 3446262 5172695 4052
10136884 3712005 5518935 4052
10767649 3961762 5860083 4052
11405471 4208059 6030167 4052
11405471 4208059 6205208 4052
12051859 4457148 6205208 4052
12051859 4457148 6545607 4052
12051859 4693966 6545607 4052
12654101 4693966 6862148 4052
12654101 4914153 6862148 5569
13213782 4914153 7156781 5569
13213782 5119461 7156781 5569
13734967 5119461 7431538 5569
13734967 5311400 7431538 5569
14223547 5311400 7689468 5569
14683489 5491901 7689468 5569
14683489 5662374 7932603 5569
15118550 5662374 8163121 5569
15118550 5824042 8163121 5569
15531238 5824042 8382086 5569
15924463 5977982 8486508 5569
15924463 6125121 8590937 5569
16300513 6125121 8791009 5569
16661724 6266327 8983430 5569
16661724 6402303 8983430 5569
17010123 6533656 9169020 6914
17346714 6533656 9348699 6914
17671495 6660958 9522294 6914
17987249 6784246 9607275 6914
17987249 6904396 9691406 6914
18294758 7021814 9856107 6914
18595558 7136858 10017384 6914
18890575 7136858 10175866 6914
19179994 7249817 10254426 6914
19464023 7360867 10408263 6914
19743767 7470270 10559666 6914
19743767 7578215 10709010 6914
20019926 7684922 10782276 6914
20292691 7790507 10928964 6914
20562625 7895086 11074217 6914
20828696 7998825 11218739 8103
21095632 7998825 11363675 8103
21355579 8103040 11434765 8103
21613633 8204254 11574398 8103
21870442 8304747 11713178 8103
22126422 8404866 11851417 8103
22381989 8504657 11989310 8103
22634428 8604101 12127354 8103
22886097 8703258 12265082 8103
23137296 8802211 12402333 8103
23389844 8901564 12538245 8103
23642129 9000737 12673700 8103
23893935 9099679 12808898 8103
24146979 9198299 12944722 8103
24146979 9296741 13081165 9037
24399545 9394979 13217509 9037
24648321 9492517 13353098 9037
24896743 9589980 13487864 9037
25146707 9688006 13621858 9037
25396486 9786031 13755675 9037
25646159 9883969 13889639 9037
25896216 9981319 14024931 9037
26144206 10078597 14160327 9037
26391900 10175868 14294910 9037
26641306 10273716 14428772 9037
26890723 10371519 14562447 9864
27139694 10469259 14695696 9864
27387296 10566408 14829488 9864
27633205 10662988 14963997 9864
27879149 10759559 15097816 9864
28126973 10856786 15231027 9864
28374997 10954117 15364227 9864
28623053 11050904 15498334 9864
28871424 11147645 15632653 9864
29119193 11244362 15766610 9864
29366833 11341707 15899929 9864
29614360 11439118 15965486 10598
29862204 11536537 16166073 10598
30109253 11633269 16300455 10598
30355261 11729951 16435382 10598
30601103 11827263 16501201 10598
30848504 11924524 16634625 10598
31095813 12020450 16766904 10598
31339477 12116877 16897942 10598
31583365 12212848 17029737 10598
31827675 12308353 17162768 11180
32071882 12404539 17295205 11180
32314604 12500909 17426304 11180
32557786 12597368 17557649 11180
32801807 12693388 17690035 11180
33046485 12789516 17822945 11180
33291041 12885722 17955537 11180
33535560 12982608 18087560 11698
33780503 13079542 18219842 11698
34024153 13176007 18351467 11698
34268309 13271984 18484251 11698
34512712 13368044 18616999 11698
34757397 13464215 18749697 11698
35002483 13560460 18882624 11698
35247925 13657365 19015131 12162
35493481 13753306 19149137 12162
35737381 13849249 19281847 12162
35981458 13945925 19413978 12162
36226090 14042711 19546396 12162
36471421 14139565 19678909 12162
36716998 14235430 19813025 12578
36962660 14331910 19946829 12578
37206829 14428505 20079232 12578
37451428 14525125 20211629 12578
37696388 14621765 20343997 12578
37941385 14718444 20476781 12952
38186333 14815066 20610599 12952
38430874 14911724 20743322 12952
38675974 15008413 20876078 12952
38921842 15105168 21008981 12952
39167648 15201970 21141849 13289
39412989 15298763 21275154 13289
39656590 15395043 21407372 13289
39900633 15491345 21539584 13289
40145685 15587755 21671944 13594
40390700 15684266 21804421 13594
40634267 15780297 21936594 13594
40872928 15874437 22066011 13594
41111911 15968657 22195376 13847
41351867 16063154 22325008 13847
41590925 16157406 22454298 13847
41827565 16251067 22582993 14078
42067630 16346040 22713223 14078
42310192 16441749 22844333 14078
42555804 16538670 22977184 14291
42804291 16636736 23112415 14291
43305855 16735252 23248044 14291
43561214 16834722 23384754 14488
43816499 16935073 23522521 14488
44073477 17035625 23660547 14671
44332043 17136819 23869778 14671
44590658 17238091 24010409 14842
44850759 17339975 24151043 14842
45110760 17442434 24291874 15003
45372286 17544881 24432884 15003
45633757 17647270 24574141 15156
45894452 17750128 24715548 15156
46157251 17852905 24856996 15302
46419432 17956102 24998642 15442
46682537 18059165 25140528 15442
46945096 18162605 25282068 15575
47208386 18265865 25423670 15575
47470769 18368915 25565378 15703
47732357 18472332 25707860 15826
47994975 18575562 25850346 15826
48257391 18679181 25993031 15944
48519207 18782659 26135357 16060
48780558 18885885 26277310 16174
49043343 18988976 26419360 16174
49305898 19092490 26561107 16286
49567911 19195853 26702965 16396
49829189 19299015 26844392 16504
50092206 19401978 26985365 16504
50354515 19505328 27126521 16610
50616292 19608539 27267507 16714
50877583 19711567 27408746 16818
51137893 19814416 27478803 16920
51395318 19916945 27689396 16920
51652432 20018362 27829133 17019
51909471 20119690 27969057 17116
52166448 20221030 28108829 17213
52423480 20322353 28177331 17310
52680579 20423697 28316826 17407
52940336 20525077 28526981 17503
53199446 20627042 28595356 17503
53459532 20728989 28735203 17599
53719158 20831281 28875681 17695
53978263 20933525 29016108 17790
54236938 21035696 29227080 17884
54495377 21137756 29368044 17978
54753830 21239797 29508582 18072
55014144 21341821 29648947 18166
55274461 21443805 29789156 18260
55534430 21545765 29929133 18260
55794994 21648293 30069291 18354
56054646 21750762 30138360 18447
56313941 21853101 30278694 18540
56572617 21955350 30418730 18633
56830934 22057486 30558685 18726
57088856 22159543 30768886 18818
57346619 22261505 30909477 18910
57604351 22363434 31049695 19002
57863879 22465325 31118448 19094
58123436 22567157 31258347 19186
58382909 22669527 31398105 19278
58642830 22771916 31537717 19278
58901798 22874192 31677138 19370
59160660 22976392 31817215 19461
59419142 23078538 31957279 19553
59677185 23180568 32097215 19645
59935036 23282530 32236874 19736
60192710 23384403 32376811 19827
60449952 23486249 32516908 19918
60707166 23588037 32656646 20009
60964289 23689767 32796153 20100
61223851 23791479 32935556 20190
61223851 23893739 33074714 20190
61482909 23995936 33211699 20280
61737376 24096485 33349168 20369
61991582 24196950 33486745 20458
62245582 24297434 33624414 20547
62499489 24398007 33762523 20636
62753691 24498647 33900805 20725
63008285 24599364 34039063 20813
63262922 24700137 34177088 20901
63518289 24800979 34315066 20990
63773585 24901880 34453133 21079
64030844 25002820 34591289 21079
64288050 25104375 34729599 21168
64802387 25205962 34868805 21257
64802387 25307539 35008772 21346
65059767 25409133 35148720 21435
65573966 25510705 35288369 21524
65831604 25612207 35427792 21613
66088906 25713724 35567094 21702
66088906 25815239 35706192 21792
66346218 25916748 35845377 21882
66603353 26018255 35984512 21972
66860326 26119747 36123592 22063
67373800 26221206 36263048 22154
67632500 26322692 36402589 22245
67891080 26424186 36542100 22336
68150057 26526252 36681408 22336
68408630 26628378 36820341 22518
68666833 26730437 36959697 22518
68924967 26832403 37098531 22610
69182715 26934314 37238163 22702
69182715 27036167 37377890 22794
69440227 27137959 37517491 22886
69697487 27239698 37657312 22978
69954410 27341415 37797117 23070
70468629 27443107 37936756 23162
70728303 27544760 38076367 23253
70987611 27647006 38215801 23253
71246755 27749267 38355031 23344
71505471 27851429 38495059 23435
71505471 27953465 38634911 23525
71763747 28055360 38772926 23615
72018553 28156037 38910745 23705
72272994 28256661 39048986 23795
72527716 28357341 39187574 23885
72782868 28458153 39326274 23974
73040118 28559641 39464856 23974
73297961 28661151 39603402 24063
73555590 28762615 39742355 24152
73813372 28864080 39881730 24240
74070770 28965517 40021242 24328
74328060 29066963 40160670 24416
74585271 29168401 40300290 24504
74842474 29269862 40440117 24592
75356284 29371308 40579744 24680
75615550 29472728 40719154 24767
75874457 29574759 40858327 24854
76133166 29676824 40997344 24854
76391686 29778809 41136320 24941
76391686 29880727 41275790 25028
76649977 29982561 41415580 25115
76907807 30084317 41555290 25202
77165395 30186017 41695248 25289
77423017 30287673 41835438 25376
77680574 30389293 41975458 25463
78196161 30490882 42115237 25550
78455379 30592440 42254807 25637
78714539 30693933 42394140 25811
