48682 61403 9748 910
48682 97989 19286 910
148720 136843 71599 910
333565 217293 131718 910
513976 260888 242844 2001
742272 356504 336636 2001
873608 408961 487028 2001
1168101 526898 569630 2001
1330109 591857 702204 2001
1501114 732864 847337 2001
1867180 807505 948944 2001
2059845 884607 1053776 2001
2258425 963941 1215142 2001
2461853 1045198 1327066 2001
2670045 1212840 1441428 2001
2882073 1298864 1617713 2985
3316086 1386120 1736281 2985
3537339 1473903 1856093 2985
3761134 1562643 1977243 2985
3988299 1652303 2100188 2985
4217148 1742803 2223970 2985
4447852 1834052 2410731 2985
4680946 1925913 2537045 2985
4915064 2018326 2663976 2985
5149703 2111003 2791463 2985
5385304 2204020 2919136 2985
5622372 2297449 3047624 3859
5860386 2391313 3175837 3859
6097725 2484957 3304722 3859
6335854 2578882 3433605 3859
6575041 2673099 3563197 3859
6815007 2767604 3693356 3859
7055689 2862384 3823990 3859
7289021 2955071 3950019 3859
7517288 3045739 4073201 3859
7746267 3136787 4197104 3859
7976938 3228437 4322062 4558
8210105 3320663 4447770 4558
8442999 3413427 4573601 4558
8677013 3506124 4700305 4558
8912523 3599243 4827516 4558
9149517 3692752 4955554 4558
9387427 3786666 5084246 4558
9626185 3880914 5213575 4558
9865790 4070223 5343014 5179
10106568 4070223 5473027 5179
10347789 4165267 5603065 5179
10587816 4354880 5733071 5179
10828583 4449951 5863218 5179
11312534 4545254 5993802 5179
11555062 4640698 6124664 5179
11797851 4736302 6255875 5179
11797851 4832028 6387373 5733
12283911 4927304 6518793 5733
12526711 5022704 6649819 5733
12769775 5118236 6781029 5733
13013330 5213924 6979156 5733
13257928 5309730 7111074 5733
13502305 5405681 7176032 6229
13746809 5501740 7308060 6229
13989864 5597317 7439437 6229
14233307 5692983 7637678 6229
14477744 5788767 7769671 6229
14722114 5884699 7901751 6229
14966573 5980724 7966706 6674
15209601 6076250 8098908 6674
15452857 6171888 8297092 6674
15696994 6267637 8428959 6674
15941278 6363538 8560923 6674
16185636 6459538 8625820 7075
16430015 6555597 8757947 7075
16673195 6651229 8889525 7075
16673195 6746923 9020944 7075
16916775 6746923 9152552 7075
17157181 6842668 9282413 7404
17397357 6937183 9412359 7404
17636498 7031249 9541945 7404
17876182 7125570 9671459 7404
18116997 7220142 9801516 7702
18358148 7314986 9931983 7702
18598382 7409526 10062096 7702
18839239 7504280 10192349 7973
19081132 7599271 10323048 7973
19323550 7694474 10453678 7973
19564805 7789302 10584172 7973
19806499 7884308 10714990 8221
20049015 7979488 10845771 8221
20290587 8074287 10976327 8449
20532597 8169305 11107214 8449
20775056 8264555 11238486 8449
21016628 8359449 11369115 8659
21259123 8454499 11500015 8659
21502024 8549785 11630816 8659
21743717 8644730 11761576 8853
21985742 8739855 11892733 8853
22228391 8835163 12022989 9033
22470127 8930119 12153686 9033
22712335 9025264 12284341 9033
22953527 9120072 12414977 9202
23195262 9215071 12545909 9202
23436833 9309733 12676242 9361
23678484 9404601 12806962 9511
23919224 9499175 12937302 9511
24160455 9593953 13067677 9653
24400942 9688453 13197715 9653
24642284 9783148 13327451 9789
24882777 9877613 13457603 9789
25122319 9972301 13587408 9919
25362633 10066716 13717601 10044
25602786 10160847 13847392 10044
25843573 10255263 13976751 10164
26083219 10349467 14106553 10280
26322104 10443399 14236068 10280
26561935 10537622 14364944 10390
26796272 10629751 14491449 10496
27029356 10721584 14617534 10601
27262023 10813363 14743657 10601
27497045 10905642 14869420 10703
27731557 10997912 14995757 10804
27963526 11089132 15121731 10903
28197622 11181799 15248868 11002
28436159 11275467 15377303 11101
28676754 11370022 15506818 11101
28918923 11561291 15637866 11199
29408631 11657850 15837909 11297
29655615 11755566 15971496 11395
29905065 11853764 16105533 11493
30155347 11952331 16240139 11591
30406661 12051192 16375319 11688
30658985 12150343 16511323 11785
30911729 12249735 16648314 11882
31164941 12349322 16785464 11980
31418351 12449158 16922752 11980
31672090 12549737 17060167 12077
31926177 12650490 17197818 12174
32182362 12751367 17335793 12271
32438825 12852290 17473848 12368
32695908 12953257 17612110 12464
32952814 13054322 17751294 12560
33209732 13155400 17890456 12656
33466548 13256534 18029577 12752
33723390 13357669 18168635 12847
33980171 13459416 18307694 12847
34236729 13561217 18446758 12942
34495086 13662975 18585877 13037
34753443 13764701 18724929 13132
35012146 13866386 18863809 13226
35270416 13968041 19003722 13320
35528608 14069691 19143625 13414
35786595 14171310 19283371 13508
36044401 14272898 19423008 13602
36302134 14374488 19562594 13695
36559788 14476608 19701969 13695
36816856 14578405 19840089 13788
37071206 14678785 19977276 13880
37325431 14779109 20114347 13972
37580415 14879529 20251650 14064
37835443 14980117 20389114 14156
38090651 15080795 20527134 14249
38346015 15181569 20665272 14342
38601717 15282413 20803927 14435
38857446 15383275 20942724 14528
39113442 15484208 21081635 14621
39369765 15585200 21220668 14714
39626858 15686249 21359605 14807
39883798 15787353 21498758 14807
40140770 15889083 21637932 14993
40399279 15990879 21777080 15088
40656410 16092639 21916199 15088
40913410 16194366 22055352 15183
41171973 16296092 22194549 15278
41430626 16397762 22333708 15373
41689185 16499402 22473050 15468
41947727 16601036 22612328 15562
42206906 16702644 22751886 15656
42465677 16804251 22892158 15750
42724306 16905852 23032383 15844
42982784 17007409 23172439 15939
43240951 17108998 23312363 16033
43499008 17211136 23452193 16127
43756892 17313251 23591952 16127
44014487 17415320 23731604 16221
44273807 17517318 23871256 16315
44532970 17619268 24010794 16409
44792580 17721160 24150082 16502
45051515 17822995 24289738 16595
45310227 17924822 24429897 16687
45568949 18026578 24570039 16779
45827441 18128299 24710107 16871
46085773 18230583 24850093 16871
46344143 18332833 24990021 16963
46603948 18434995 25129930 17055
46863614 18537086 25269740 17147
47123068 18639070 25408432 17238
47377998 18739457 25546165 17329
47633089 18839768 25683641 17420
47888068 18940212 25821897 17511
48143386 19040813 25960326 17602
48398867 19141523 26098830 17693
48654547 19242297 26237403 17786
48910215 19343169 26376074 17879
49166258 19444114 26514787 17972
49422466 19545113 26653735 18066
49679092 19646168 26792596 18160
49936162 19747813 26931410 18254
50193241 19849495 27070492 18254
50450367 19951171 27209644 18348
50709206 20052836 27348859 18442
50968129 20154492 27488174 18536
51227002 20256130 27627518 18630
51485742 20357754 27766874 18724
51744301 20459379 27906797 18818
52002794 20560966 28046561 18912
52261495 20662553 28186111 19006
52520114 20764115 28325955 19100
52778579 20865666 28466003 19195
53036860 20967244 28605964 19290
53294871 21068805 28745779 19385
53552650 21170301 28885470 19480
53810333 21271815 29025134 19575
54067954 21373312 29164753 19670
54325554 21475358 29304361 19670
54583253 21577408 29444026 19765
54842772 21679398 29583484 19859
55102453 21781321 29722790 19953
55361908 21883192 29862157 20047
55621247 21985058 30001620 20141
55880254 22086916 30141103 20235
56139082 22188733 30280989 20329
56397817 22290507 30421314 20422
56656329 22392252 30561620 20515
56914802 22493976 30701779 20608
57173230 22596230 30841937 20608
57431524 22698360 30981010 20701
57688422 22799197 31119004 20793
57944685 22899937 31256839 20885
58200962 23000728 31394993 20978
58457326 23101590 31533277 21071
58713633 23202506 31671645 21164
58970150 23303471 31810993 21257
59226734 23404485 31950458 21350
59483308 23505563 32090047 21442
59740151 23607233 32229499 21442
59997486 23708940 32368825 21534
60256317 23810637 32507979 21626
60515169 23912313 32647269 21717
60773734 24014000 32786550 21808
61032233 24115650 32925830 21899
61290557 24217238 33065619 21990
61548816 24318826 33205882 22080
61806881 24420389 33346003 22170
62064873 24521938 33486075 22170
62322714 24624057 33626086 22260
62582307 24726152 33765831 22349
62841968 24828166 33905340 22438
63101339 24930130 34044832 22527
63360469 25032061 34184385 22616
63619242 25133950 34323907 22705
63877924 25235797 34463352 22794
64136429 25337598 34603277 22883
64394679 25439382 34743603 22971
64652922 25541113 34883784 23059
64911048 25643352 35024013 23059
65169183 25745560 35164109 23147
65429601 25847676 35303966 23235
65689466 25949704 35443587 23323
65948997 26051661 35583315 23411
66208220 26153586 35722965 23499
66467222 26255473 35862562 23587
66726129 26357315 36002132 23675
66984820 26459103 36142170 23763
67243193 26560882 36282587 23851
67501505 26662598 36422425 23940
67759609 26764266 36561702 24028
68014329 26864780 36699976 24115
68269543 26965796 36837946 24203
68524632 27066909 36976130 24203
68779904 27168097 37114406 24291
69036806 27269321 37252754 24378
69293775 27370567 37391152 24466
69550823 27471798 37529654 24554
69807998 27573035 37668235 24642
70065222 27674320 37807461 24730
70322259 27775617 37946536 24818
70579799 27876942 38085825 24905
70837180 27978295 38225313 24992
71094679 28079681 38364801 25079
71352042 28181690 38504295 25166
71609524 28283716 38643815 25166
71867039 28385708 38783403 25253
72124548 28487660 38923041 25340
72383879 28589546 39062637 25427
72643205 28691391 39202370 25514
72902733 28793184 39341974 25601
73162290 28894916 39481394 25688
73421538 28996606 39621280 25775
73680747 29098267 39761279 25864
73939762 29199907 39901281 25954
74198609 29301550 40040851 26044
74457375 29403193 40180794 26134
74716034 29504812 40320757 26224
74974366 29606435 40461068 26314
75232873 29708044 40601367 26404
75491257 29809622 40741633 26494
75750261 29911196 40881677 26583
76008922 30013313 41021507 26673
76267375 30115418 41161468 26673
76525783 30217483 41301382 26852
76785658 30319498 41441241 26852
77043926 30421440 41581042 26944
77302041 30523323 41720801 27036
77561646 30625167 41860578 27127
77821227 30726973 41929469 27218
78080486 30828718 42069314 27308
78332680 30927869 42275561 27398
78587601 31027922 42412846 27489
78845111 31129176 42551734 27582
79105287 31231610 42692108 27676
79367872 31335049 42833846 27771
79632626 31439370 43047361 27866
79899241 31544485 43192434 27961
80167758 31650301 43338576 28056
80438140 31756742 43485535 28152
80709771 31863760 43633075 28248
80982468 31971836 43781162 28344
81256371 32080371 43929804 28441
81531125 32189258 44078883 28837
