24374 56796 0 1748
73403 120460 16616 1748
73403 159632 19406 2748
173008 199039 51157 2748
287248 239008 120021 2748
533490 323813 246283 2748
642829 371132 347911 2748
896158 478108 455481 2748
1192421 602331 581041 2748
1355010 670004 712648 2748
1526256 740915 807944 2748
1896848 814010 907626 3693
2091424 966462 1116421 3693
2290216 1045489 1225541 3693
2492003 1126460 1337703 3693
2700604 1209250 1446760 3693
2895215 1287349 1551146 3693
3087222 1364816 1655955 3693
3484717 1444049 1763009 3693
3691601 1525287 1930451 3693
3902394 1691763 2101575 3693
4117653 1777291 2219014 4446
4335972 1864161 2338330 4446
4555742 1951616 2458248 4446
4778604 2040141 2579466 4446
5003897 2129678 2702170 4446
5232128 2220088 2825989 4446
5462030 2311295 2950771 4446
5927704 2403182 3076678 4446
6162587 2495627 3203374 4446
6398656 2588597 3330787 5115
6636013 2682083 3459051 5115
6873332 2775988 3587484 5115
7111602 2869716 3716104 5115
7350987 2963794 3845262 5115
7591220 3058230 3975093 5115
7832617 3152966 4105318 5115
8074644 3247972 4302258 5115
8317053 3343255 4366932 5711
8560051 3438765 4564756 5711
8802458 3534449 4693966 5711
9045149 3629747 4825432 5711
9287968 3725200 5023246 5711
9531161 3820854 5154954 5711
9774427 3916707 5286629 5711
10018541 4012634 5351568 6243
10262656 4108669 5483743 6243
10505486 4204824 5616676 6243
10748562 4300576 5813129 6243
10992047 4396455 5944932 6243
11236240 4492464 6076940 6243
11480602 4588581 6142285 6719
11725185 4684827 6275775 6719
11968548 4781195 6407958 6719
12211677 4877140 6604394 6719
12455090 4973089 6604394 6719
12693265 5069011 6736016 6719
12931157 5162924 6864790 7104
13169684 5256962 6993268 7104
13408234 5351926 7121591 7104
13646621 5445931 7250074 7104
13885694 5540188 7379237 7104
14125715 5634748 7508590 7450
14366722 5729603 7638721 7450
14607112 5824146 7768894 7450
14847685 5918947 7899064 7450
15088856 6013995 8029260 7763
15330722 6109307 8159950 7763
15571930 6204826 8290525 7763
15813493 6299982 8420985 7763
16055407 6395338 8551747 8047
16298047 6490929 8682578 8047
16540343 6586708 8813511 8047
16782721 6682111 8944364 8047
17025484 6777653 9075554 8306
17268666 6873385 9206883 8306
17510981 6969306 9338173 8306
17753995 7064832 9469280 8542
17996931 7160407 9600528 8542
18238632 7256134 9731637 8542
18480749 7351484 9862315 8759
18723374 7446996 9993485 8759
18965133 7542668 10124428 8759
19207027 7637952 10255169 8960
19449414 7733377 10386174 8960
19690954 7829034 10516814 8960
19933668 7924360 10647654 9146
20176497 8019832 10778753 9146
20418014 8114964 10909361 9319
20659976 8210260 11040041 9319
20901105 8305789 11170733 9481
21143218 8400957 11301363 9481
21384274 8496273 11431902 9633
21625621 8591286 11562428 9633
21866125 8686471 11692520 9777
22107295 8781324 11822793 9777
22344594 8876337 11952135 9908
22344594 8969816 12080466 9908
22819109 9063520 12208730 10032
23056984 9157000 12337220 10151
23056984 9250279 12465371 10151
23531360 9343908 12593547 10265
23769138 9437417 12721871 10375
23769138 9531331 12850449 10375
24243181 9625063 12978624 10483
24480868 9718585 13106905 10587
24480868 9812459 13235266 10689
24718136 9906193 13363493 10689
25191248 9999693 13491384 10790
25191248 10093008 13619459 10888
25428694 10186720 13747662 10985
25665657 10280290 13875675 10985
25902158 10373652 14003437 11081
26138428 10466820 14131427 11176
26374127 10559864 14259020 11269
26610871 10653344 14386946 11361
26847965 10746705 14514642 11453
27084153 10839907 14642168 11453
27319457 10932922 14769018 11545
27554064 11026256 14895909 11636
27790282 11119489 15022558 11726
28025852 11212593 15150071 11816
28260717 11305558 15277019 11816
28494961 11398910 15403517 11906
28729176 11491602 15530262 11995
28962922 11584141 15657282 12083
29196299 11677166 15783893 12171
29430903 11770043 15910219 12258
29665500 11862741 16037141 12345
29899444 11955350 16163831 12432
30133080 12048420 16290162 12432
30367132 12141429 16416319 12519
30600608 12233819 16542931 12605
30833555 12326663 16668863 12691
31066351 12419443 16795278 12777
31299370 12512020 16922317 12863
31534739 12604538 17048094 12949
31763640 12695450 17172128 13036
31992740 12786301 17295973 13123
32223000 12877220 17420008 13123
32453214 12968827 17544473 13210
32683599 13059346 17667857 13296
32913064 13150839 17792587 13382
33144894 13243400 17918672 13557
33379393 13336927 18046335 13557
33855799 13431364 18175228 13646
34096774 13526565 18305721 13735
34340949 13622465 18437170 13824
34587126 13718990 18569393 13913
34834430 13816702 18702809 14002
35082698 14012992 18837494 14091
35331897 14111983 19040596 14180
35582013 14211257 19176115 14269
35833721 14310819 19311907 14358
36085798 14410611 19515295 14447
36338419 14510585 19652448 14536
36591557 14610239 19790481 14625
36846691 14710648 19928194 14714
37102387 14811262 20066172 14803
37358261 14911966 20204189 14892
37614434 15013326 20342242 14892
37870665 15114800 20480758 14981
38126924 15216283 20619409 15070
38383197 15317741 20758055 15158
38639511 15418695 20897372 15246
38895918 15519666 21036634 15335
39152429 15621224 21175319 15425
39409075 15722826 21314207 15515
39665642 15824435 21453065 15605
39922875 15926061 21591782 15695
40179702 16027671 21730525 15785
40436618 16129271 21869392 15875
40693626 16230871 22008720 15965
40950531 16332460 22148223 16055
41209118 16433547 22288247 16055
41467995 16535846 22427683 16144
41726017 16637879 22565107 16232
41980106 16738476 22702506 16320
42234034 16839000 22840017 16408
42488771 16939647 22977618 16496
42743563 17040395 23115288 16584
42998523 17141224 23253148 16672
43253622 17241612 23391727 16760
43508825 17342654 23529950 16848
43764341 17443818 23668167 16936
44020274 17545025 23807166 17024
44276325 17646261 23946207 17112
44532989 17747554 24085148 17200
44790872 17848854 24223986 17289
45048837 17950190 24362913 17378
45306728 18051532 24501850 17467
45564465 18152806 24641728 17556
45823214 18254625 24782328 17645
46082070 18357084 24922421 17736
46341110 18459023 25062131 17736
46600021 18561433 25202284 17826
46858735 18663814 25342317 17916
47117876 18766121 25482202 18006
47376587 18868351 25621998 18096
47635198 18970513 25761661 18187
47893438 19072581 25901187 18279
48151317 19174591 26040593 18370
48409060 19276535 26180172 18461
48666803 19378455 26319705 18552
48924558 19480336 26458982 18643
49182224 19582169 26598895 18734
49439631 19683933 26738658 18825
49699281 19785715 26878236 18916
49958433 19887442 27017721 19007
50217427 19989738 27157180 19007
50476238 20091969 27296894 19189
50734637 20194114 27436581 19281
50992717 20296175 27576310 19281
51250576 20398207 27715923 19373
51508379 20500236 27855339 19465
51766121 20602183 27926004 19557
52023761 20704043 28064352 19648
52277621 20804425 28201540 19739
52531069 20904790 28338995 19830
52784798 21005271 28476507 19921
53040458 21105860 28682055 19921
53296373 21206546 28820249 20012
53552418 21307919 28958919 20102
53808615 21409416 29097503 20192
54065146 21510948 29236471 20282
54321755 21612498 29375407 20372
54578900 21714092 29514256 20462
54835900 21815702 29653069 20552
55092830 21917328 29791869 20642
55349658 22018965 29930708 20732
55606476 22120593 30069696 20822
55863304 22222212 30209202 20912
56121904 22323850 30348632 21002
56380681 22425538 30488287 21092
56639490 22527222 30627882 21182
56898856 22629459 30767340 21272
57157582 22731676 30907117 21272
57416055 22833845 31046435 21363
57674342 22935941 31186103 21454
57932386 23037980 31325782 21545
58190406 23139954 31465579 21636
58448369 23241886 31605327 21727
58706203 23343768 31744831 21818
58964029 23445609 31884369 21909
59221853 23547463 32024460 22000
59481335 23649280 32164316 22091
59740872 23751022 32304019 22182
60000018 23853316 32443642 22182
60259090 23955610 32583669 22273
60517920 24057810 32723634 22364
60776442 24159928 32863526 22455
61034932 24261994 33003505 22546
61293207 24364006 33143339 22637
61551349 24465945 33282940 22728
61809490 24567831 33422674 22819
62067416 24669661 33493478 22910
62325729 24770303 33632053 23001
62580340 24870891 33769484 23092
62834485 24971560 33907285 23182
63090435 25072335 34045160 23182
63346529 25173754 34251292 23272
63602638 25275243 34390132 23362
63859062 25376754 34528928 23452
64115618 25478302 34667924 23542
64372283 25579863 34806905 23632
64629581 25681426 34945783 23722
64886518 25782984 35084637 23812
65143529 25884554 35223948 23901
65402026 25986124 35363303 23990
65660334 26087642 35502551 24079
65918461 26189185 35641993 24079
66176634 26291320 35781867 24167
66435089 26393493 35921753 24255
66693817 26495629 36061898 24343
66952520 26597712 36201936 24431
67211533 26699774 36341762 24519
67470060 26801766 36481459 24607
67728502 26903704 36621068 24695
67986762 27005610 36760647 24783
68244862 27107485 36900100 24871
68502593 27209318 37039640 24959
68760391 27311133 37179192 25047
69018197 27412941 37318606 25135
69276099 27514727 37458662 25223
69533813 27616487 37598639 25311
69793856 27718261 37738549 25399
70053638 27820040 37878304 25486
70313151 27922353 38017937 25486
70572287 28024613 38157484 25573
70831100 28126807 38297404 25660
71089611 28228917 38437288 25747
71347939 28330977 38577206 25834
71606099 28432983 38716920 25921
71864322 28534935 38856537 26008
72122603 28636824 38996306 26095
72381061 28738641 39067180 26182
72639496 28839288 39205876 26269
72894433 28939877 39343542 26356
73149073 29040554 39481108 26443
73403961 29141321 39618828 26530
73659028 29242184 39825570 26617
73914494 29343161 39896007 26704
74171914 29444231 40034906 26791
74429741 29545385 40174106 26878
74687832 29646534 40313321 26966
74946038 29747726 40452421 27055
75204122 29848957 40659817 27144
75462188 29950236 40798933 27233
75720063 30051518 40937957 27233
75977628 30153403 41077040 27322
76235116 30255350 41216672 27411
76492649 30357284 41356123 27500
76750078 30459226 41495395 27589
77007458 30561128 41634808 27678
77265398 30663018 41774187 27767
77523143 30764891 41913526 27857
77780779 30866744 42052831 27947
78038498 30968581 42192086 28037
78295964 31070412 42331358 28127
78553412 31172225 42470678 28217
78810958 31274009 42610697 28307
79068697 31375784 42750658 28397
79328327 31477571 42890667 28487
79587972 31579360 43030765 28577
79848311 31681144 43170723 28577
80108087 31783481 43310586 28667
80367459 31885790 43450746 28757
80626634 31988025 43590822 28847
80885527 32090168 43730840 28937
81144223 32192231 43870732 29026
81402715 32294236 44010699 29115
81661065 32396213 44079940 31427
