25439 57457 0 1356
77157 124969 19976 1356
136295 164490 34161 2466
229265 203844 97248 2466
359711 245145 161407 2466
533435 333275 267443 2466
747298 382046 389231 2466
979641 480054 455565 2466
1112736 533729 606510 2466
1412755 654239 732159 2466
1576833 720348 823971 2466
1749285 862387 970741 2466
2116991 938455 1121683 3393
2310984 1016275 1228658 3393
2508867 1095595 1337251 3393
2712166 1176845 1448740 3393
2919958 1259909 1562485 3393
3132449 1430660 1738859 3393
3567922 1518026 1857297 3393
3790677 1606545 2037038 3393
4015949 1696100 2159816 3393
4243873 1786513 2283519 4217
4473949 1877734 2408612 4217
4705864 1969622 2534351 4217
4937984 2061542 2660085 4217
5171575 2153985 2786988 4217
5406523 2246992 2914609 4217
5643090 2340481 3042833 4217
5880838 2434413 3171465 4217
6119503 2528742 3301036 4217
6359208 2623395 3431243 4217
6600003 2718326 3561674 4950
6841827 2813519 3691810 4950
7082717 2908437 3822350 4950
7324033 3003606 3953319 4950
7566731 3098978 4084618 4950
7809747 3194590 4215967 4950
8053321 3290372 4347613 4950
8297172 3386302 4479836 4950
8541514 3482359 4612316 5603
8786477 3578476 4744752 5603
9031553 3674746 4876636 5603
9275310 3770537 5008336 5603
9519422 3866459 5140693 5603
9764110 3962552 5273382 5603
10009531 4058766 5406140 5603
10255159 4155109 5538419 5603
10499637 4251088 5669111 6125
10739571 4345484 5799076 6125
10979757 4440024 5928907 6125
11219403 4534272 6058613 6125
11459664 4628776 6188428 6125
11700644 4723516 6318952 6125
11942120 4818497 6449936 6591
12186098 4913573 6582039 6591
12430288 5009478 6713572 6591
12673285 5105072 6844737 6591
12916641 5200770 6976662 6591
13160529 5296632 7108910 6591
13405405 5392642 7241352 7010
13650348 5488810 7373262 7010
13894158 5584594 7504862 7010
14138188 5680446 7637173 7010
14382621 5776421 7769722 7010
14628837 5872376 7903116 7387
14875185 5968987 8036229 7387
15120217 6065200 8168510 7387
15365450 6161463 8301354 7387
15610838 6257843 8434408 7727
15858484 6354175 8568416 7727
16106001 6451156 8701682 7727
16351859 6547666 8834346 7727
16597668 6644161 8967300 8035
16843239 6740688 9100372 8035
17088927 6837288 9233288 8035
17333669 6933435 9365695 8035
17578671 7029666 9498049 8315
17824109 7126001 9630749 8315
18069861 7222442 9763514 8315
18314390 7318421 9895995 8571
18559313 7414422 10028490 8571
18804507 7510585 10160446 8571
19048384 7606276 10292057 8806
19292534 7702097 10424338 8806
19537047 7798104 10556413 8806
19780642 7893692 10688292 9007
20024745 7989423 10820157 9007
20269131 8085277 10950786 9007
20508884 8179565 11080680 9193
20748914 8274002 11210890 9193
20990061 8368678 11341058 9366
21230496 8463096 11470946 9366
21470063 8557728 11600685 9530
21710209 8652087 11730923 9530
21950136 8746701 11861253 9685
22190748 8841108 11991336 9685
22432270 8935247 12120715 9832
22673018 9029690 12251248 9832
22913089 9124435 12381574 9971
23154067 9218924 12511563 10104
23395711 9313145 12640985 10104
23636458 9407633 12771182 10232
23876253 9501878 12901488 10232
24117133 9596362 13031792 10354
24357519 9690619 13161420 10472
24598444 9784613 13290949 10472
24838706 9878947 13421171 10586
25078787 9973034 13551072 10698
25317574 10066849 13680150 10808
25557099 10160408 13808807 10808
25797484 10254283 13937897 10914
26035728 10347992 14067123 11018
26273564 10441518 14196354 11120
26512400 10535422 14324694 11120
26752232 10629135 14453558 11221
26990083 10722651 14582598 11320
27227521 10815953 14711230 11418
27465922 10909107 14838960 11516
27703799 11002127 14967284 11612
27939701 11095555 15096334 11612
28176990 11188842 15225093 11707
28415493 11281938 15352891 11802
28653404 11374894 15480726 11897
28889247 11467746 15609237 11990
29124929 11561001 15737506 11990
29363491 11654190 15865346 12081
29601811 11747294 15992049 12172
29833700 11838475 16117416 12261
30065232 11929492 16117416 12351
30297984 12021129 16304296 12441
30528127 12111745 16489635 12531
30759596 12202759 16615387 12622
30995208 12295463 16743016 12713
31233104 12389202 16872130 12804
31472908 12483829 17003259 12896
31714951 12579210 17134884 12988
31960244 12675948 17266645 13080
32207004 12773324 17400040 13172
32453475 12870624 17534672 13264
32701429 12968334 17669980 13356
32950254 13066458 17805161 13356
33201737 13165588 17940140 13448
33453784 13265076 18076631 13540
33706251 13364746 18213555 13632
33959169 13564677 18350733 13724
34210953 13665526 18488090 13816
34465275 13766553 18626262 13908
34721798 13867643 18764055 14000
34978600 13968823 18901803 14092
35235375 14070071 19039605 14184
35492410 14170796 19178420 14276
35749488 14271544 19317409 14368
36005013 14372346 19456853 14460
36260463 14473208 19596280 14552
36774578 14574613 19735891 14644
37034224 14676651 19875743 14736
37294032 14778749 20015140 14828
37554988 14881344 20155431 14828
37815833 14983754 20367567 15012
38076113 15086720 20508495 15105
38335991 15189062 20577414 15105
38595585 15291227 20718178 15199
38854614 15393313 20858779 15292
39113381 15495341 21000109 15385
39372782 15597904 21140841 15478
39631720 15700435 21281548 15571
39631720 15700435 21421894 15664
39891253 15802530 21560439 15757
40147111 16003898 21697796 15850
40402612 16003898 21835108 15943
40658364 16104621 21972232 16036
40913253 16205046 22110106 16129
41168469 16305021 22248289 16222
41424036 16505300 22386682 16315
41680232 16606119 22525203 16408
41936306 16708324 22664751 16408
42194269 16810068 22803891 16502
42452538 16912345 22943415 16596
42710864 17014633 23082803 16690
42968926 17116889 23222111 16784
43484815 17218480 23362220 16878
43744389 17320009 23502381 16971
44003924 17421542 23642992 17064
44003924 17523017 23783506 17157
44521680 17625115 23923517 17250
44780952 17727202 24063846 17344
45040260 17829235 24203580 17438
45299374 17931209 24343127 17532
45558330 18033089 24482526 17626
45558330 18134915 24621801 17720
46075719 18236712 24761037 17814
46075719 18337946 24901069 17814
46334433 18439148 25041710 17907
46851416 18540942 25182319 18000
46851416 18642733 25322815 18093
47368903 18745154 25462922 18186
47629140 18847547 25603771 18280
47629140 18949910 25743751 18376
47887935 19052232 25883484 18472
48146464 19154490 26023110 18568
48404999 19256701 26162655 18664
48921976 19358904 26302186 18760
49182109 19460475 26442564 18855
49441945 19561948 26583397 18949
49701773 19663414 26724142 19043
49961792 19764878 26864762 19043
49961792 19764878 27004978 19137
50221134 19866880 27143140 19321
50473866 19966394 27280076 19415
50728797 20168498 27418261 19510
51247028 20271226 27557834 19606
51509720 20374926 27698702 19705
51774600 20479522 27914312 19805
52041462 20584865 28058449 19905
52309876 20691538 28275609 20005
52579920 20798786 28422495 20105
52851154 20906500 28569980 20204
53125249 21014627 28718482 20303
53400395 21123080 28867453 20403
53676512 21231845 29016864 20403
53953343 21340883 29166602 20503
54230926 21450183 29316648 20603
54509093 21559697 29466998 20704
54787976 21669433 29617524 20805
55067509 21779321 29768229 20906
55347500 21889390 29919210 21006
55627872 21999574 30070455 21107
55908625 22109913 30221906 21209
56189621 22220316 30373589 21311
56470922 22330862 30525549 21415
56752783 22441540 30678324 21519
57035224 22551775 30831951 21623
57317994 22662107 30985823 21726
57602449 22773187 31140243 21831
57886726 22884872 31294227 21935
58171971 22997186 31448348 22039
58456959 23109429 31602153 22144
58741854 23221574 31755684 22249
59026797 23333619 31909275 22354
59311707 23445611 32062853 22354
59596514 23557546 32216490 22459
59881336 23669398 32370242 22563
60166094 23781193 32524051 22668
60450590 23892966 32678439 22773
60735231 24004144 32833277 22876
61019667 24115861 32987349 22979
61304316 24228246 33140706 23081
61585183 24340309 33292026 23183
61865546 24450954 33443286 23285
62146198 24561545 33594793 23387
62427341 24672252 33746543 23489
62708767 24783033 33898517 23591
62990547 24893898 34050745 23591
63272664 25004825 34203187 23693
63554949 25115765 34355815 23795
63837344 25226749 34508606 23898
64119684 25337787 34661477 24001
64402434 25448839 34814216 24104
64684744 25559864 34967291 24206
64966562 25671499 35120074 24308
65248179 25783138 35272385 24410
65531398 25894724 35425031 24512
65814475 26006236 35577693 24614
66097556 26117755 35730434 24716
66380797 26229264 35883314 24818
66664126 26340759 36036339 24921
66947568 26452251 36189514 24921
67231046 26563699 36342846 25024
67514454 26675129 36496267 25127
67798167 26786548 36649473 25230
68081219 26897942 36802566 25333
68364273 27009284 36955549 25435
68647382 27120593 37108260 25537
68930493 27232547 37261539 25639
69213989 27344536 37414953 25741
69499079 27456491 37568932 25843
69784605 27568459 37723605 25946
70071508 27680255 37879060 26049
70358259 27791974 38034551 26049
70644612 27903606 38189898 26151
70931031 28015187 38344393 26253
71216433 28127330 38498361 26355
71501483 28239453 38652059 26457
71786321 28351513 38805642 26559
72070906 28463468 38959163 26661
72355362 28575997 39112752 26765
72639787 28687920 39266447 26869
72918880 28799695 39416537 26971
73195466 28909952 39566401 27074
73472462 29020191 39716706 27178
73750373 29129919 39867904 27281
74029201 29240438 40019392 27384
74310541 29351097 40170935 27487
74591880 29461812 40322999 27590
74873252 29572561 40474977 27590
75154831 29683391 40627041 27693
75436694 29794269 40779293 27796
75719065 29905169 40931827 27899
76001843 30016127 41084549 28003
76284930 30127140 41237465 28106
76568334 30238130 41390682 28210
76852212 30349144 41544236 28315
77136474 30460239 41698096 28420
77421015 30571388 41852225 28525
77705794 30682608 42007414 28629
77991145 30793877 42162041 28734
78275864 30905756 42316159 28839
78560633 31017652 42470309 28944
78845660 31129507 42624560 29049
79130800 31241398 42778875 29154
79417693 31353256 42933703 29259
79704621 31465136 43088679 29365
79991609 31576997 43243813 29472
80278607 31688821 43399086 29579
80565691 31800613 43554038 29579
80851939 31912375 43708488 29791
81138061 32024114 43862836 29791
81424208 32135815 44017177 29898
