33545 44103 12400 0
221570 88008 68706 0
393655 184878 171872 0
622445 237908 305857 0
917277 357030 423029 0
1086825 498464 613286 0
1472175 576898 718028 1401
1679462 659766 943932 1401
1896464 835442 1064370 1401
2356885 928167 1189628 1401
2598475 1023671 1318326 1401
2846452 1121695 1517690 1401
3099861 1221924 1726231 1401
3358200 1324086 1867226 1401
3620983 1533348 2010392 1401
4159188 1640080 2155576 1401
4433099 1748001 2302717 1401
4709980 1856968 2451541 1401
4989343 1966869 2601804 2653
5271076 2077569 2753393 2653
5553491 2188388 2905649 2653
5836717 2299847 3058425 2653
6104503 2406136 3207208 2653
6365656 2509942 3350014 2653
6629297 2614688 3491744 2653
6629297 2718911 3633133 2653
6889923 2822323 3772945 2653
7148793 2924987 3911942 2653
7406949 3026980 4050264 2653
7663451 3026980 4188205 2653
7918953 3128367 4325952 2653
8173455 3229237 4463256 3643
8426968 3329632 4599763 3643
8679396 3429637 4735230 3643
8929686 3528783 4870128 3643
9179306 3627563 5004675 3643
9429158 3726091 5139023 3643
9678365 3824419 5273724 3643
9927177 3922538 5408473 3643
10175628 4020548 5542950 3643
10423817 4118435 5609075 3643
10671735 4216220 5742941 3643
10920252 4313893 5876674 4520
11168193 4411453 6010450 4520
11414501 4508910 6143906 4520
11660593 4605774 6277222 4520
11906685 4702632 6410233 4520
12152962 4799510 6543083 4520
12399528 4896362 6675965 4520
12645802 4993204 6809084 4520
12891872 5090028 6942461 4520
13138023 5186881 7075644 4520
13384176 5283770 7208476 5299
13630864 5380634 7341199 5299
13875705 5477501 7473329 5299
14120505 5573817 7606029 5299
14365396 5670153 7738629 5299
14610475 5766594 7870985 5299
14855806 5863054 8003327 5299
15101383 5959568 8135718 5299
15346980 6056097 8268859 5299
15592686 6152691 8401965 5992
15838457 6249370 8469365 5992
16078593 6346031 8600559 5992
16318949 6440646 8730109 5992
16559782 6535286 8860281 5992
16800972 6630135 8990997 5992
17042529 6725229 9121620 5992
17285133 6820490 9252141 5992
17527894 6915923 9447815 6544
17770820 7011479 9514623 6544
18012512 7107221 9645991 6544
18254676 7202590 9776774 6544
18497385 7298028 9907521 6544
18740505 7393609 10103731 6544
18983938 7489304 10170647 6544
19227650 7585157 10302536 7037
19471890 7681141 10434311 7037
19715097 7776664 10630464 7037
19958251 7872303 10762295 7037
20201796 7968074 10894282 7037
20445834 8064012 10961211 7037
20690645 8160061 11158040 7479
20935447 8256190 11290099 7479
21178976 8351854 11356982 7479
21422509 8447580 11489008 7479
21666379 8543447 11620877 7479
21911237 8639444 11817529 7876
22155962 8735533 11949511 7876
22399249 8831162 12016325 7876
22642683 8926889 12148201 7876
22886524 9022756 12279961 7876
23131366 9118731 12476521 8234
23375995 9214810 12543354 8234
23619271 9310442 12675292 8234
23862810 9406167 12807190 8234
24106849 9502038 12939003 8558
24351819 9598028 13135689 8558
24596364 9694000 13267726 8558
24840941 9790062 13400328 8558
25085764 9886217 13532858 8852
25330903 9982483 13600032 8852
25575218 10078228 13731959 8852
25815334 10172571 13862361 8852
26054995 10266976 13992113 9098
26295261 10361653 14121807 9098
26534701 10456060 14251154 9098
26775079 10550688 14380656 9323
27016061 10645551 14510890 9323
27256082 10740131 14640888 9530
27496817 10834907 14771001 9530
27737160 10929887 14900780 9530
27977667 11024552 15030638 9722
28218552 11119403 15161040 9722
28458548 11213938 15291377 9900
28698932 11308704 15421259 9900
28938781 11403118 15550836 9900
29178971 11497767 15680785 10067
29418148 11592695 15810817 10067
29658201 11687337 15940476 10224
29897568 11782144 16069830 10373
30137727 11876644 16199532 10373
30376974 11971335 16329390 10514
30617069 12065771 16459171 10514
30856985 12159864 16588670 10649
31097277 12254259 16718276 10649
31336446 12348419 16848079 10778
31576307 12442833 16977448 10902
31815841 12536999 17106531 10902
32054554 12630837 17235437 11022
32293739 12724985 17364871 11137
32532087 12818972 17494457 11137
32769691 12912658 17623260 11250
33008387 13006673 17751433 11360
33246434 13100477 17880152 11360
33483632 13194038 18009137 11467
33720164 13287954 18137391 11571
33957802 13381637 18265440 11672
34194925 13475103 18394053 11672
34431464 13568345 18522596 11772
34667425 13661971 18650516 11870
34904760 13755411 18777914 11967
34904760 13848663 18905844 11967
35141564 13940138 19032933 12061
35373357 14031393 19158216 12153
35604499 14123220 19283016 12244
35835734 14215046 19408274 12335
36068370 14215046 19534018 12426
36301067 14397809 19658960 12516
36764556 14489603 19784735 12606
36999739 14582367 19912040 12696
37237936 14676036 20040186 12696
37477810 14771180 20169208 12786
37719194 14867050 20299782 12876
37963890 14963582 20431425 12966
38210419 15060659 20563514 13056
38458148 15158176 20762702 13146
38707008 15256115 20897740 13236
38956778 15354382 21033525 13325
39207178 15453596 21169395 13414
39458501 15553131 21305432 13503
39711090 15652856 21441699 13592
39965335 15752758 21647517 13681
40220087 15852812 21785311 13681
40474953 15952980 21923467 13770
40730058 16053313 22062109 13859
40985303 16153748 22130390 14037
41240708 16254278 22268795 14129
41496306 16354910 22406332 14222
41752532 16455589 22543826 14315
42008452 16556347 22750978 14315
42264250 16657153 22889370 14408
42519888 16757999 23028329 14500
42775480 16858877 23167462 14592
43031078 16959786 23306387 14684
43286737 17060713 23445092 14776
43542595 17161683 23583611 14869
43798492 17262655 23722055 14962
44054678 17363654 23790258 15055
44310990 17464686 23999034 15148
44567337 17566337 24137987 15241
44823624 17668004 24206438 15334
45081494 17769601 24345302 15334
45338709 17870920 24482511 15426
45592086 17970876 24619780 15517
45845397 18070832 24756993 15608
46099537 18170911 24894265 15699
46353674 18271116 25031673 15790
46608265 18371419 25169219 15881
46862791 18471845 25307095 15971
47117229 18572923 25515409 16061
47373512 18674120 25583592 16151
47630163 18775361 25721752 16241
47886810 18876577 25929857 16331
48143854 18977806 26067952 16423
48401026 19079056 26206531 16423
48658202 19180323 26345369 16515
48915488 19281620 26485029 16607
49172767 19382915 26624806 16699
49429849 19484182 26764664 16791
49687070 19585464 26904338 16883
49944330 19686735 27043793 16975
50201575 19787995 27183040 17067
50458879 19889256 27322168 17159
50716754 19990511 27461208 17251
50974202 20092386 27600195 17343
51231655 20194253 27739324 17434
51490564 20296050 27879221 17525
51749397 20397811 28019141 17525
52008048 20499524 28159627 17616
52266601 20601166 28299855 17707
52524916 20702789 28439782 17798
52783132 20804363 28579519 17889
53041248 20905942 28719094 17980
53299969 21007486 28858536 18071
53558232 21109022 28997905 18162
53816485 21210546 29137286 18252
54074688 21312643 29277004 18341
54334261 21414713 29417119 18430
54593419 21516703 29557272 18430
54852278 21618632 29697627 18519
55110910 21720512 29766750 18608
55369411 21822353 29906579 18697
55627583 21924069 30043839 18785
55881220 22024042 30180673 18873
56134515 22123940 30317548 18961
56388102 22223956 30454669 19049
56642077 22324146 30592115 19136
56896352 22425017 30730224 19223
57150869 22526045 30868476 19310
57405718 22627138 31006707 19397
57662550 22728257 31144906 19484
57920162 22829428 31353199 19571
58177788 22930636 31491891 19571
58435410 23031844 31630699 19658
58693183 23133096 31770395 19745
58950821 23234366 31910176 19832
59208280 23335640 32050027 19919
59465587 23436909 32189655 20006
59722732 23538124 32329006 20093
59979725 23639323 32468173 20180
60236917 23740554 32607231 20267
60494766 23841784 32746222 20354
60752281 23943035 32814732 20441
61009696 24044902 33024109 20528
61267084 24146754 33163411 20615
61524252 24248552 33302725 20702
61781201 24350264 33442197 20789
62038200 24451978 33581567 20876
62296946 24553682 33650183 20963
62555648 24655303 33789247 21050
62814177 24756879 33998513 21137
63073015 24858428 34137751 21137
63331529 24959928 34276976 21224
63590002 25061411 34416738 21311
63848218 25162854 34556738 21398
64106109 25264255 34696615 21485
64363739 25365628 34836520 21572
64621242 25467004 34976231 21659
64878676 25568353 35115688 21746
65136168 25669696 35254938 21833
65393501 25771028 35323513 21920
65651278 25872350 35462559 22007
65908681 25973663 35599632 22094
66162518 26073785 35736488 22181
66415922 26173931 35873734 22268
66669634 26274736 36011616 22356
66923734 26375719 36149692 22444
67177964 26476770 36287547 22532
67432402 26577824 36425345 22620
67687753 26678928 36563120 22708
67944568 26780089 36700977 22796
68201586 26881264 36909013 22884
68458739 26982463 37048118 22884
68715973 27083658 37187351 22972
68973162 27184876 37327105 23060
69230095 27286155 37395917 23148
69486949 27387394 37535233 23236
69743755 27488658 37674369 23324
70001307 27589940 37813345 23413
70258364 27691229 37952276 23502
70515483 27792536 38091177 23591
70772715 27893838 38230172 23680
71029848 27995116 38369479 23769
71286572 28096955 38508874 23858
71543140 28198803 38648183 23947
71799772 28300619 38787288 24036
72058095 28402373 38926198 24125
72316772 28504055 39064961 24214
72575449 28605691 39274033 24214
72833957 28707303 39413194 24303
73092279 28808868 39552917 24392
73350510 28910431 39692940 24481
73608636 29011971 39832999 24570
73866633 29113469 39973140 24659
74124454 29214972 40113094 24748
74382263 29316461 40182000 24837
74639930 29417922 40321561 24926
74897770 29519360 40460956 25015
75155967 29620755 40600271 25105
75413924 29722128 40739487 25195
75671753 29823510 40878665 25285
75929392 29924863 41017736 25375
76183686 30026725 41155371 25464
76437765 30127406 41293223 25553
76693610 30228080 41431067 25642
76949740 30328839 41568785 25642
77205840 30429636 41706468 25731
77462617 30530492 41844600 25820
77719240 30631421 41982799 25909
77975921 30732373 42121496 25998
78232550 30833361 42260356 26087
78489219 30934375 42399597 26176
78745926 31035368 42539051 26265
79002754 31136407 42678386 26353
79259526 31238055 42817463 26443
79516185 31339177 42956368 26533
79773501 31440265 43095120 26623
80030561 31541384 43233875 26714
80287544 31642582 43372519 26805
80544566 31743752 43511248 26896
80801438 31845534 43650379 26987
81058152 31947352 43789734 27078
81316442 32049136 43928994 27169
81574740 32150901 44068067 28086
