145000 103665 34586 0
355646 159128 218877 0
652164 283013 368920 1924
1044248 439208 617800 1924
1520989 630733 757143 1924
1790005 737551 904469 1924
2074932 968884 1222616 1924
2684786 1091960 1391343 1924
3006392 1219168 1565685 1924
3336812 1350025 1745463 1924
3675837 1484005 2020576 1924
4022594 1620732 2307701 1924
4375283 1901184 2501849 1924
5096845 2044308 2698482 1924
5464246 2189106 2897803 3674
5836036 2335319 3098368 3674
6209260 2482152 3300227 3674
6585647 2630094 3503906 3674
6965347 2779078 3709304 3674
7347327 2928957 3915790 3674
7731291 3079630 4123420 3674
8116785 3231022 4332198 3674
8503999 3383035 4541564 3674
8892386 3535584 4751742 3674
9282181 3688566 4962502 3674
9672818 3841956 5173772 3674
10064245 3995665 5490015 3674
10456288 4149676 5597646 5225
10849166 4303990 5810344 5225
11241485 4458008 6022584 5225
11634558 4612250 6235011 5225
12028023 4766713 6552271 5225
12422841 4921348 6765315 5225
12817700 5076172 6978770 5225
13213070 5231156 7084692 5225
13599990 5383574 7290688 5225
13970488 5533497 7490751 5225
14341628 5683530 7690099 5225
14716292 5834262 7891311 5225
15094337 5985700 8094221 6453
15474602 6137676 8298483 6453
15855003 6289538 8503773 6453
16237509 6441882 8709648 6453
16621928 6594660 8916880 6453
17008301 6747822 9125041 6453
17396459 6901342 9334195 6453
17785674 7055201 9544311 6453
18175882 7209327 9754838 6453
18566905 7363684 10069818 6453
18958859 7518245 10281616 7541
19351887 7672990 10494087 7541
19744501 7827303 10706141 7541
20137759 7981781 10918562 7541
20531762 8136427 11131393 7541
20926336 8291262 11344609 7541
21321732 8446295 11558119 7541
21717652 8601482 11771790 7541
22114025 8756815 11985617 7541
22510846 8912265 12200022 8508
22907864 9067822 12414124 8508
23303471 9222820 12627983 8508
23700012 9377893 12842089 8508
24096885 9533131 13056513 8508
24494042 9688488 13271234 8508
24891648 9843988 13486212 8508
25289630 9999621 13701395 9369
25687748 10155373 13916590 9369
26084326 10311190 14130936 9369
26481012 10466507 14345196 9369
26877968 10621860 14559550 9369
27275204 10777309 14774052 9369
27672877 10932826 14989044 9369
28070883 11088425 15204261 10138
28468868 11244100 15419490 10138
28865405 11399263 15528137 10138
29261834 11554420 15739926 10138
29649452 11707202 15949327 10138
30037363 11860076 16159023 10138
30426734 12013324 16369583 10758
30817076 12166929 16580746 10758
31206600 12320202 16791721 10758
31596914 12473764 17002894 10758
31988331 12627644 17318885 10758
32381643 12781817 17531351 11314
32775597 12936270 17744426 11314
33168782 13090369 17956938 11314
33562525 13244676 18169850 11314
33956668 13399197 18382905 11314
34351371 13553956 18596085 11816
34746506 13708904 18808507 11816
35140332 13863406 19021426 11816
35534701 14018039 19234819 11816
35929674 14172855 19448590 12271
36326060 14327837 19662185 12271
36720859 14482406 19875593 12271
37115938 14637103 20089240 12684
37511468 14792003 20303238 12684
37905773 14946494 20516485 12684
38300261 15101178 20729777 12684
38695243 15256034 20943242 13061
39090773 15411043 21155947 13061
39485088 15565623 21369119 13061
39879768 15720311 21582682 13406
40274809 15875145 21795612 13406
40669188 16029561 22008707 13724
41063489 16184127 22222119 13724
41456842 16338309 22434984 13724
41850966 16492680 22648428 14019
42245797 16647313 22861245 14019
42639529 16801580 23074188 14293
43033602 16956022 23287267 14293
43426631 17110087 23499687 14548
43820066 17264317 23607786 14548
44212577 17418204 23924991 14788
44606169 17572313 24032982 14788
44606169 17726512 24242166 15004
44990716 17876941 24444604 15004
45731123 18027342 24645292 15205
46573400 18346814 25089368 15400
47044439 18719553 25468302 15596
47547276 18921252 25889517 15992
48626161 19131773 26184345 16197
49194959 19350086 26490504 16404
49779944 19807928 26963692 16615
50378913 20044726 27290000 16828
50990265 20285838 27793372 17042
52243890 20530707 28133630 17256
52883781 20778785 28477975 17470
53530426 21029683 28825664 17686
54183748 21283049 29178061 17902
54842077 21538537 29533322 18119
55504401 21795838 29890673 18338
56170529 22054757 30249980 18559
56840296 22315133 30611322 18781
57513449 22576762 30974330 19003
58188428 22839423 31338612 19225
58865144 23102879 31704279 19447
59543533 23367103 32071555 19670
60223686 23632028 32621496 19892
60905188 23898215 32990537 20113
61587780 24164954 33360180 20334
62271387 24432058 33730014 20555
62955566 24699443 34099901 20776
63640888 24967062 34470215 20997
64327435 25234935 34841062 21217
65014851 25503073 35212095 21437
65701884 25771444 35583453 21658
66389820 26039987 35955495 21879
67080964 26308686 36327954 22100
67772664 26846577 36700773 22321
68464705 26846577 37074086 22542
69156991 27384998 37447509 22763
69849410 27654262 37821143 22763
70541692 27654262 38195055 22985
71234082 27923549 38383448 23207
71922066 28191516 38752621 23428
72600306 28457211 39119106 23648
73279661 28723086 39667044 23869
73960618 28989463 40035506 24090
74642914 29256291 40404909 24311
75326441 29523486 40774681 24531
76010559 29791037 41145202 24751
76695712 30327127 41516540 24972
77382175 30595599 41888584 25194
78069879 30864308 42260889 25417
78758460 31133211 42633126 25642
79447735 31402300 43005840 25868
80137712 31672154 43379205 26092
80828203 31942049 43752889 26317
81518856 32211952 44126968 27019
