22461 59323 0 2023
68924 90931 17890 2023
98396 127860 28102 2023
205645 204748 82018 2023
384787 245504 167171 2023
594889 332860 242116 2023
713469 435855 369535 3106
980265 494266 481369 3106
1128264 556827 607203 3106
1451914 691408 741249 3106
1628171 763440 887443 3106
1812237 838298 987979 3106
2199318 995091 1092860 3106
2405301 1076427 1255910 3106
2615000 1158940 1369838 3106
2829692 1242979 1485353 3106
3046526 1328490 1663937 3106
3268499 1415284 1784492 4077
3493153 1503772 1906212 4077
3719752 1593269 2030071 4077
4175464 1684271 2153546 4077
4408547 1776075 2277851 4077
4642811 1867396 2404098 4077
4878129 1959791 2530327 4077
5115348 2146116 2657405 4077
5354165 2240405 2849142 4077
5593617 2335068 2978168 4077
5832137 2430719 3107601 4077
6074098 2525576 3238138 4939
6316547 2620568 3368829 4939
6557750 2715765 3498814 4939
6799398 2811194 3629025 4939
7041619 2906860 3759649 4939
7284593 3002188 3891009 4939
7527556 3098198 4020065 4939
7761904 3192846 4083028 4939
7989414 3285407 4208018 4939
8218476 3378265 4331501 4939
8449118 3471591 4456414 5628
8681374 3565397 4581965 5628
8914398 3659049 4769814 5628
9148381 3753054 4896792 5628
9384987 3847476 5025063 5628
9624781 3942042 5154089 5628
9866070 4036382 5284380 5628
10108039 4130998 5415282 5628
10350289 4226544 5545926 6241
10593158 4322371 5676784 6241
10835563 4417825 5807166 6241
11077869 4512842 5938512 6241
11320323 4608617 6069572 6241
11562832 4704610 6200611 6241
11805929 4800764 6331920 6241
12049867 4897031 6463630 6788
12293896 4993411 6595718 6788
12538161 5089903 6727936 6788
12781224 5185995 6859443 6788
13024878 5282199 6991189 6788
13269183 5377973 7123711 6788
13513199 5474363 7255911 6788
13757378 5570875 7388136 7277
14001491 5667497 7520261 7277
14242665 5764230 7651552 7277
14486281 5860425 7783134 7277
14729897 5956621 7914863 7277
14973773 6052883 8046735 7277
15217875 6149253 8178647 7716
15462276 6245744 8310775 7716
15705827 6341799 8442387 7716
15949182 6437907 8574107 7716
16192897 6534142 8705998 7716
16437010 6630518 8837988 8111
16681839 6727009 8970326 8111
16925590 6823046 9102139 8111
17169112 6919120 9234027 8111
17412708 7015266 9365906 8111
17652893 7110152 9495823 8434
17893775 7205138 9625907 8434
18133543 7299793 9755587 8434
18373507 7394644 9885587 8434
18614168 7489752 10015859 8726
18855578 7585120 10146473 8726
19096414 7680172 10276564 8726
19337563 7775370 10407179 8992
19579259 7870812 10538065 8992
19820000 7965891 10668376 8992
20061983 8061148 10799010 9236
20304150 8156578 10929904 9236
20544835 8251651 11060370 9236
20786203 8346934 11190983 9460
21028220 8442415 11321930 9460
21269445 8537574 11452312 9460
21511246 8632869 11583241 9668
21753380 8728383 11714287 9668
21994373 8823560 11844600 9861
22236615 8918904 11975192 9861
22477269 9013905 12105246 10041
22718183 9109066 12235712 10041
22959284 9205160 12366132 10041
23201094 9300735 12496820 10209
23443776 9396393 12627841 10209
23685205 9491620 12758474 10367
23926993 9586999 12889275 10517
24167592 9682066 13019338 10517
24409584 9777360 13148944 10660
24650303 9872323 13279004 10660
24891238 9966915 13408655 10795
25131179 10061713 13538451 10795
25368409 10156748 13667614 10924
25606528 10252054 13797093 11048
25845578 10346473 13862692 11048
26084000 10440570 14055264 11168
26323486 10534943 14120851 11283
26562627 10629085 14249824 11283
26800784 10722954 14378779 11394
27039776 10722954 14506488 11501
27272032 10817192 14632474 11608
27505391 10909765 14757921 11608
27738024 11001538 14883953 11713
27738024 11093791 15010246 11817
28200761 11186389 15135830 11918
28435671 11279561 15261541 12018
28672706 11464732 15389072 12018
28911811 11558577 15517345 12118
29155010 11653283 15710565 12218
29399624 11749316 15842502 12316
29643761 11846648 15975225 12413
29888944 11944487 16108446 12510
30135226 12042731 16242118 12510
30386590 12141301 16376336 12606
30636948 12240828 16511855 12701
30887529 12340573 16647818 12796
31138409 12440495 16783828 12891
31389758 12540604 16919965 12986
31641621 12640857 17056369 13080
31896146 12740696 17262510 13174
32151999 12841918 17400843 13268
32407816 12943717 17539788 13362
32663824 13045613 17678667 13362
32919778 13147472 17817749 13456
33177226 13249321 17957072 13550
33436332 13350935 18096289 13644
33695249 13452482 18235441 13738
33954080 13554001 18374528 13831
34212947 13655532 18513501 13924
34472955 13757581 18653037 14016
34730959 13860242 18793071 14108
34988529 13962795 18932872 14108
35245679 14065215 19072412 14200
35502792 14167562 19211779 14292
35759826 14269789 19351016 14385
36018607 14371359 19490149 14478
36277454 14472853 19629253 14571
36536093 14574300 19768413 14664
36795084 14675761 19837102 14757
37052898 14777024 19975973 14848
37305038 14877606 20112458 14941
37556477 14977665 20248799 15034
37808275 15077802 20385261 15127
38060323 15178717 20521768 15220
38314408 15279806 20727843 15313
38568949 15380934 20865638 15313
38824220 15482121 21003499 15406
39079331 15583359 21141873 15499
39334359 15684584 21280276 15592
39589562 15785854 21418640 15686
39844943 15887144 21556895 15780
40100362 15988430 21695075 15875
40355935 16089746 21833636 15970
40612927 16191054 21972652 16064
40872393 16292241 22112039 16158
41133242 16393892 22251727 16252
41394937 16496101 22392523 16345
41654366 16598923 22533113 16438
41913328 16701665 22673418 16531
42171874 16804233 22813350 16624
42429900 16906676 22953003 16624
42687750 17009003 23092471 16717
42945467 17111229 23231764 16810
43203052 17213366 23370956 16903
43460372 17315392 23510114 16996
43719960 17416815 23649164 17089
43977628 17518756 23788424 17180
44236489 17621306 23928569 17271
44494896 17723819 24068512 17362
44753065 17826220 24208258 17454
45011123 17928541 24347848 17547
45269152 18030815 24486979 17641
45527243 18133019 24626024 17735
45785158 18235152 24765414 17735
46043011 18337270 24904761 17828
46302982 18438759 25043956 17921
46560779 18540785 25183266 18014
46818277 18642799 25322819 18107
47075722 18744723 25391454 18200
47332863 18846590 25530624 18292
47585988 18947017 25667555 18384
47838934 19047376 25804325 18477
48091977 19147866 25941072 18570
48345210 19248399 26077950 18665
48599415 19349032 26214995 18760
48853473 19449767 26422081 18854
49109315 19551128 26489910 18948
49365518 19652630 26698591 19046
49620336 19754131 26836767 19143
49876513 19855628 26975315 19240
50133062 19957192 27113964 19240
50389672 20058740 27252672 19337
50648671 20159774 27321144 19433
50905700 20261409 27530099 19529
51162491 20363064 27669151 19625
51419128 20464701 27808062 19721
51675623 20566295 27946846 19817
51932201 20667896 28085482 19914
52188586 20769539 28223964 20011
52444910 20871119 28292154 20108
52701170 20972707 28500829 20205
52957832 21074285 28639736 20300
53215965 21176451 28779071 20395
53473933 21278618 28918704 20395
53731661 21380695 29058203 20490
53989146 21482672 29197421 20585
54246286 21584603 29336399 20680
54503286 21686454 29475283 20776
54760334 21788273 29614070 20872
55017229 21890073 29752831 20968
55274159 21991835 29891699 21064
55531806 22093569 30030582 21160
55789153 22195287 30169770 21256
56046456 22296947 30309076 21350
56305207 22399235 30448699 21445
56563991 22501499 30587793 21541
56822411 22603691 30726737 21637
57080867 22705880 30865683 21733
57339310 22808027 30934557 21733
57597406 22910019 31074295 21829
57851556 23010561 31211890 21923
58107847 23110489 31349323 22018
58362311 23211141 31486843 22112
58616638 23311909 31624625 22208
58871022 23412742 31762442 22304
59125640 23513670 31900246 22400
59380444 23614640 32038095 22496
59635437 23715643 32176001 22592
59890654 23816707 32313991 22687
60146703 23917772 32521859 22781
60403681 24019453 32661074 22875
60660671 24121142 32800312 22875
60917288 24222839 32939295 22969
61173788 24324522 33078120 23063
61430285 24426167 33216853 23157
61686791 24527817 33285136 23251
61943482 24629448 33423916 23345
62200184 24731024 33562767 23439
62459368 24832050 33701621 23533
62716585 24933609 33910760 23626
62974810 25035807 34050638 23719
63232955 25138017 34190450 23812
63491139 25240168 34330125 23905
63749146 25342278 34469663 23998
64007230 25444365 34609156 23998
64265326 25546379 34748614 24092
64523417 25648371 34888111 24186
64781687 25750339 35027644 24280
65042200 25851719 35166993 24374
65300526 25953610 35306517 24468
65558506 26055498 35446184 24562
65816389 26157356 35585737 24656
66074200 26259224 35725138 24750
66331855 26361033 35864346 24844
66589274 26462838 36003420 24939
66846725 26564674 36142421 25034
67103961 26666446 36281767 25127
67362576 26768815 36421454 25127
67621812 26871161 36490417 25220
67880296 26973307 36630075 25312
68135259 27074198 36767832 25404
68389743 27174978 36905507 25496
68644181 27275792 37043157 25588
68898730 27376669 37180747 25680
69153386 27477582 37318386 25772
69408185 27578533 37456085 25866
69662809 27679561 37593670 25959
69918120 27781247 37731358 26052
70174796 27882960 37940141 26145
70431630 27984642 38008606 26145
70688445 28086342 38147656 26238
70945204 28188050 38286588 26331
71202085 28289728 38425543 26424
71459115 28391408 38564507 26517
71716247 28493099 38703487 26610
71973070 28594723 38842401 26703
72230613 28696296 38981399 26796
72487967 28797865 39120484 26887
72746815 28899999 39260123 26980
73004136 29002151 39399322 27075
73261303 29103664 39538422 27170
73518336 29205147 39677385 27265
73776942 29307284 39886862 27360
74035666 29409401 40026215 27455
74294229 29511493 40166038 27550
74552892 29613576 40235086 27550
74813429 29715007 40445538 27645
75071778 29817000 40585274 27740
75329522 29918963 40654045 27834
75586949 30020853 40793394 27929
75844184 30122706 40932584 28023
76101316 30224496 41071661 28117
76358483 30326273 41210688 28211
76615434 30427992 41349577 28305
76872342 30529646 41488479 28399
77129567 30631277 41627499 28492
77388651 30733511 41837770 28492
77647506 30835731 41977853 28584
77905882 30937887 42046748 28676
78163783 31039878 42186305 28768
78417204 31140248 42323385 28860
78669988 31240541 42460041 28952
78923052 31340925 42596802 29045
79176524 31441448 42731541 29138
79427878 31541182 42867658 29231
79681630 31641882 43077756 29326
79940030 31744195 43219061 29421
80201298 31847584 43361572 29516
80464963 31951927 43505129 29613
80730679 32057101 43649666 29711
80998399 32162953 43795172 29809
81538810 32269467 43941499 29909
81811356 32484833 44088621 31612
