75642 64601 17110 1009
108925 101924 31155 1009
242337 186791 73290 1009
390944 232697 182194 1009
595004 329587 271322 1009
701484 378789 336036 2120
935055 483293 478071 2120
1218267 542562 597041 2120
1373491 604576 729638 2120
1540518 739219 822545 2120
1899172 811306 968900 2120
2088959 886142 1071789 2120
2285236 1043053 1233148 2120
2486589 1124556 1343988 2120
2692981 1207822 1456671 2120
3118366 1292614 1629573 3120
3336499 1378801 1747672 3120
3556467 1466203 1866741 3120
3778800 1554125 1987077 3120
4004285 1642995 2108828 3120
4231691 1732737 2231884 3120
4461074 1823307 2356030 3120
4692820 1914583 2545257 3120
4925943 2006479 2671665 3120
5160405 2191875 2798790 3120
5396793 2285269 2927206 3120
5634245 2379088 3055953 3120
5872484 2473277 3184870 4008
6111494 2567773 3313906 4008
6350737 2662023 3443509 4008
6590142 2756527 3573265 4008
6831911 2851280 3702726 4008
7072724 2946297 3833018 4008
7314089 3041505 3964279 4008
7556389 3136927 4095688 4008
7799028 3232473 4227003 4008
8041796 3328155 4358326 4008
8284887 3423968 4489879 4796
8529027 3519888 4622188 4796
8773275 3615409 4754036 4796
9017761 3711040 4885351 4796
9262006 3807267 5017238 4796
9506455 3903615 5149739 4796
9997047 4000027 5282920 4796
9997047 4096543 5415631 4796
10242799 4192709 5546126 4796
10483484 4286978 5675138 4796
10722308 4381295 5804750 5421
10962180 4475859 5934858 5421
11200973 4570176 6064600 5421
11442063 4664692 6194011 5421
11682220 4759470 6324306 5421
11923600 4854487 6455586 5421
12165328 4949744 6586957 5421
12409140 5045184 6717773 5977
12653164 5140753 6848676 5977
12895854 5235913 6980008 5977
13137817 5331176 7111722 5977
13381829 5426625 7243372 5977
13626129 5522243 7374141 5977
13870499 5617965 7505476 5977
14113503 5713806 7637907 6474
14357281 5809776 7771160 6474
14602717 5905711 7903833 6474
14848327 6001772 8035809 6474
15093932 6097867 8167787 6474
15582458 6194034 8300613 6474
15582458 6290291 8433968 6474
15829192 6386630 8567148 6919
16075854 6483046 8698911 6919
16320840 6578951 8830634 6919
16564303 6674890 8963052 6919
16808493 6770912 9096154 6919
17054331 6867040 9229061 7318
17300204 6963253 9360951 7318
17545991 7058983 9492860 7318
17789017 7154789 9625010 7318
18032896 7250708 9757931 7318
18278556 7346766 9890812 7677
18524446 7442928 10022714 7677
18770250 7538599 10154555 7677
19013123 7634369 10286584 7677
19256992 7730235 10419433 7677
19502548 7826256 10552253 8001
19748235 7922381 10684007 8001
19992163 8017999 10813822 8001
20230531 8112038 10943262 8001
20469889 8206230 11073678 8269
20711558 8300742 11204272 8269
20953746 8394990 11333393 8269
21194881 8489437 11463187 8269
21434829 8584134 11594360 8513
21675711 8679064 11725511 8513
21917285 8773686 11855797 8513
22159135 8868506 11986102 8736
22399930 8963522 12116849 8736
22640230 9058226 12248023 8942
22882307 9153124 12379169 8942
23124836 9247684 12509112 8942
23366258 9342432 12639296 9133
23608336 9437393 12769849 9133
23849629 9532069 12901369 9310
24091498 9626913 13032558 9310
24333755 9721444 13162653 9310
24575077 9816197 13293054 9476
24817655 9911173 13424026 9476
25058949 10005866 13555133 9631
25300660 10100723 13685100 9631
25541439 10195292 13815304 9777
25782819 10290071 13945784 9777
26022200 10384579 14076882 9915
26263878 10479315 14141237 9915
26504554 10573721 14271134 10046
26745501 10667819 14401275 10171
26986180 10762187 14596786 10171
27225586 10856348 14660718 10292
27465451 10950767 14790403 10408
27704162 11044891 14919409 10408
27944237 11138753 15048538 10520
28183652 11232901 15178159 10628
28422145 11232901 15307309 10628
28659539 11326807 15435871 10734
28898135 11513897 15565024 10838
29136359 11513897 15694120 10940
29373806 11607690 15822748 10940
29610516 11701271 15950905 11039
29843601 11794718 16077076 11135
30076537 11886423 16203230 11230
30309183 11978508 16329540 11230
30542662 12071006 16454193 11324
30776538 12162430 16580002 11417
31012167 12347881 16708376 11510
31249788 12442611 16837785 11603
31489577 12538190 17034832 11696
31731515 12634420 17167216 11789
31975165 12731275 17300541 11882
32221887 12829062 17434653 11975
32471073 12927295 17569997 11975
32721222 13026485 17705864 12067
32972444 13125969 17842448 12159
33476394 13225697 17979357 12251
33728860 13325590 18116305 12343
33981687 13425655 18253262 12435
34236918 13525876 18390326 12527
34493363 13626226 18528091 12618
34749767 13726715 18666589 12708
35006215 13827857 18805159 12798
35262553 13929065 18944279 12798
35518944 14030321 19083386 12888
35775363 14131575 19222861 12978
36031718 14232842 19361828 13068
36289817 14334119 19500208 13158
36547958 14435373 19638959 13248
36806683 14536668 19778195 13338
37065243 14637988 19917935 13428
37323494 14739292 20057659 13518
37581540 14840607 20197488 13608
37839363 14942491 20337451 13698
38096993 15044405 20477263 13789
38354484 15146257 20616851 13880
38611770 15248021 20756194 13972
38868795 15349723 20895310 14064
39125914 15451398 21034292 14064
39383638 15553002 21173223 14156
39640982 15654570 21312118 14247
39899226 15755969 21449753 14337
40153015 15855835 21586490 14427
40406764 15955743 21723845 14518
40660755 16055784 21862238 14609
40914876 16155932 22000202 14700
41169569 16256192 22137730 14792
41424584 16356579 22275827 14884
41680392 16457119 22414112 14975
41935995 16558320 22552450 15066
42191652 16659589 22690898 15066
42447343 16760872 22829755 15157
42703061 16862156 22968576 15248
42958830 16963449 23107309 15339
43216293 17064745 23246330 15430
43475713 17166458 23385735 15521
43735551 17268216 23525165 15612
43995224 17369964 23665405 15703
44254559 17471649 23805650 15794
44513631 17573298 23945708 15885
44772322 17675485 24085905 15976
45030656 17777676 24226130 16067
45288949 17879806 24366195 16158
45547078 17981849 24506091 16158
45805060 18083825 24645757 16249
46062965 18185723 24785218 16340
46320633 18287503 24924574 16431
46580303 18389254 25064176 16522
46841007 18491416 25203985 16613
47101210 18593510 25344064 16703
47361087 18695527 25484487 16793
47620652 18797475 25625212 16883
47879755 18899352 25765807 16973
48138468 19001734 25906118 17063
48396768 19104048 26046112 17153
48655027 19206268 26185860 17243
48913343 19308389 26325484 17333
49171535 19410399 26465028 17423
49430229 19512337 26604494 17423
49688466 19614229 26743912 17513
49948250 19716030 26883346 17602
50207608 19817739 27021721 17691
50461799 19918078 27159492 17780
50717326 20018397 27297200 17869
50973226 20118837 27434908 17958
51229311 20219354 27572644 18047
51485596 20319974 27710887 18136
51742453 20420739 27849312 18226
51999583 20521580 27988346 18316
52256292 20622438 28127324 18406
52512967 20723926 28266431 18496
52769550 20825478 28405733 18586
53026093 20927045 28544925 18676
53282567 21028584 28683962 18766
53539130 21130110 28822835 18766
53795804 21231628 28961607 18856
54052464 21333098 29100375 18946
54309643 21434553 29239203 19036
54568249 21536028 29378047 19126
54826806 21637468 29516845 19216
55084996 21738908 29656954 19306
55343074 21840311 29797002 19396
55600886 21941697 29936891 19486
55858540 22043690 30076554 19577
56116372 22145679 30216068 19668
56374071 22247617 30355489 19759
56632141 22349511 30494858 19759
56890337 22451351 30634270 19850
57148389 22553149 30773702 19941
57407986 22654889 30913081 20031
57667429 22756582 31052750 20121
57926682 22858262 31193329 20211
58185615 22959892 31333797 20301
58444294 23061505 31474011 20391
58702875 23163123 31614012 20481
58961435 23264726 31753891 20571
59219962 23366913 31893703 20661
59479184 23469143 32033428 20751
59737807 23571286 32173134 20841
59996173 23673337 32312738 20932
59996173 23775325 32452339 21023
60254393 23877192 32590775 21113
60507800 23977262 32727857 21113
60760581 24077274 32863885 21203
61009919 24176405 32999682 21293
61517376 24276624 33136916 21476
61776116 24378029 33275789 21569
62037569 24480528 33416311 21663
62301347 24583981 33558234 21758
62567248 24688275 33772639 21854
62834975 24793353 33917683 21950
63104142 24899126 34063483 22047
63374660 25005524 34210020 22145
63646561 25112474 34357263 22243
63919640 25219878 34505133 22243
64195558 25327728 34653524 22341
64472417 25435983 34803267 22439
64750133 25653341 34953525 22538
65028527 25762414 35104097 22637
65307370 25872309 35254713 22736
65586688 25982400 35405590 22835
65866390 26092625 35556633 22934
66146550 26202947 35707742 23033
66426797 26313317 35858975 23132
66707166 26423782 36010390 23230
66988235 26534375 36162016 23329
67269294 26645033 36313767 23429
67550230 26755771 36465679 23529
67833099 26866617 36617711 23629
68116348 26977522 36847459 23729
68399718 27088489 37000823 23829
68682992 27199503 37154258 23930
68966366 27310536 37229869 24032
69249799 27421569 37383364 24032
69533165 27532607 37536616 24134
69816372 27644194 37689710 24236
70099475 27755788 37842628 24338
70382485 27867348 37995486 24440
70665854 27978902 38148432 24541
70948855 28090396 38379162 24642
71231695 28201865 38454439 24743
71513950 28313100 38607192 24844
71792530 28423070 38758002 24945
72071087 28533038 38908826 25046
72351764 28643147 39059835 25046
72633038 28753362 39212004 25147
72914704 28863648 39364304 25248
73196542 28974622 39516611 25349
73478459 29085681 39668886 25450
73760468 29196738 39821074 25551
74042387 29307823 39973367 25652
74324961 29418981 40125761 25753
74606908 29530122 40278109 25855
74888907 29641282 40430597 25958
75171059 29752508 40583216 26061
75455393 29863742 40813775 26164
75739759 29974996 40967178 26266
76024051 30086273 41121086 26369
76308448 30197542 41197027 26472
76592854 30308783 41350821 26472
76877074 30420009 41504491 26575
77160908 30531809 41735427 26677
77444727 30643586 41888760 26779
77728759 30755354 42042109 26881
78012173 30867073 42195431 26983
78295624 30978713 42348704 27085
78578831 31090307 42501943 27187
78862036 31201858 42577399 27290
79145231 31313372 42730735 27393
79428387 31424858 42884058 27496
79711702 31536319 43037236 27599
79995179 31647769 43190472 27701
80280296 31759200 43421008 27803
80565323 31870627 43574465 27803
80850568 31982109 43728422 28004
81135134 32094192 43882460 28105
81419828 32205743 44036534 28105
