74418 40808 14916 0
172774 82545 72427 0
413635 172329 183339 0
638376 275396 281673 0
776740 334394 440428 0
1096472 467464 574807 1421
1272791 540714 725905 1421
1658329 617013 830371 1421
1863515 778042 994415 1421
2075491 862917 1109610 1421
2294639 950371 1228568 1421
2748969 1040076 1414454 1421
2983801 1131777 1540554 1421
3222563 1319655 1669728 1421
3444995 1319655 1794728 1421
3664227 1408872 1972429 1421
3887446 1585457 2093870 1421
4115336 1676910 2217108 1421
4343824 1768504 2340389 1421
4573848 1860044 2465023 2550
4805468 1952724 2589820 2550
5039166 2044855 2715504 2550
5272625 2137421 2842156 2550
5507135 2230463 2969088 2550
5742871 2323945 3096996 2550
5980142 2417806 3225489 2550
6218256 2512056 3354533 2550
6457084 2606613 3483621 2550
6696768 2701393 3613466 2550
6937453 2796403 3743750 2550
7178631 2891665 3874364 2550
7420056 2987090 4004855 2550
7661896 3083254 4135403 3549
7904588 3178998 4266778 3549
8147786 3274277 4397654 3549
8389633 3369698 4528560 3549
8631760 3465263 4659589 3549
8874610 3560957 4791078 3549
9117967 3656745 4922776 3549
9361536 3752658 5054785 3549
9605227 3848680 5186662 3549
9849174 3944770 5318766 3549
10094173 4040945 5450971 3549
10338924 4137180 5583279 4434
10583588 4233507 5715804 4434
10828191 4329900 5848124 4434
11071422 4425783 5979787 4434
11315642 4522349 6111099 4434
11559711 4618409 6243057 4434
11803564 4714519 6375242 4434
12047577 4810727 6574369 4434
12291800 4906982 6707063 4434
12536957 5003792 6839745 4434
13029582 5100618 6905436 4434
13029582 5197484 7038797 5133
13275432 5294236 7170370 5133
13514835 5388975 7299597 5133
13754642 5483766 7428864 5133
13994829 5578758 7558493 5133
14235167 5673356 7688969 5133
14476011 5768158 7819398 5133
14717104 5863754 7949883 5133
14959153 5959608 8080508 5754
15201616 6055561 8211444 5754
15442731 6150570 8342324 5754
15684409 6246241 8473128 5754
15927421 6342138 8604161 5754
16170559 6438039 8736175 5754
16415052 6533984 8868920 5754
16659586 6630013 9001485 6308
16904290 6726697 9133917 6308
17149819 6822937 9265613 6308
17393974 6919244 9397314 6308
17637980 7015029 9529736 6308
17882096 7110883 9662186 6308
18126285 7207415 9794434 6308
18371288 7304086 9926706 6804
18616386 7400793 10058981 6804
18859903 7496847 10191285 6804
19104592 7592870 10324013 6804
19349455 7689543 10456531 6804
19595137 7786330 10589032 7249
19840766 7883147 10721460 7249
20086127 7979819 10854765 7249
20331119 8075898 10987688 7249
20576212 8172457 11121104 7249
20823565 8269725 11254473 7249
21070642 8367044 11387577 7649
21317416 8464282 11520680 7649
21562381 8560433 11653533 7649
21807469 8656552 11786278 7649
22052701 8753324 11918892 8010
22298446 8850205 12051336 8010
22544191 8947044 12183476 8010
22788360 9042841 12315728 8010
23032583 9137330 12446101 8010
23273339 9232514 12576379 8308
23514463 9327974 12706572 8308
23754546 9423026 12836261 8308
23994901 9517664 12966886 8578
24235677 9613078 13097405 8578
24477776 9708760 13227728 8578
24718575 9804066 13357695 8578
24959608 9899458 13487990 8825
25200972 9994444 13619017 8825
25441329 10089571 13749366 8825
25682635 10184911 13879822 9052
25924482 10280423 14010487 9052
26165056 10375030 14141154 9262
26405992 10470337 14271702 9262
26648105 10565318 14401641 9262
26889070 10660484 14531782 9457
27130365 10755827 14662204 9457
27370546 10850295 14792611 9638
27611365 10945493 14923076 9638
27853177 11040364 15052916 9638
28093991 11135448 15183099 9807
28335229 11230195 15313888 9807
28575602 11324567 15444749 9966
28816928 11419796 15575267 9966
29057275 11514713 15705171 10116
29297804 11609781 15835348 10116
29537486 11704012 15965580 10258
29778269 11799033 16095395 10393
30018085 11893801 16224900 10393
30258315 11988211 16354027 10522
30497628 12082309 16484180 10522
30736127 12176668 16613740 10645
30975722 12271356 16743376 10763
31214550 12365768 16872471 10763
31452315 12459885 17001310 10878
31691125 12554265 17130811 10989
31929525 12648396 17259725 11098
32167009 12742238 17388135 11098
32405528 12742238 17453104 11202
32638738 12835896 17580376 11303
32867833 12927898 17705625 11403
33095888 13018740 17829377 11403
33325945 13200761 17953404 11501
33561498 13293947 18079499 11598
33799022 13388070 18270221 11694
34038397 13483002 18399809 11790
34279381 13578621 18530738 11885
34524242 13674856 18662339 11980
34770464 13772249 18794574 11980
35017599 13870143 18927460 12075
35265679 13968409 19062062 12169
35514647 14066985 19197380 12262
35765077 14165907 19332932 12355
36017598 14265072 19468724 12448
36270710 14364464 19673849 12541
36777702 14464088 19810569 12634
37032795 14564459 19948555 12726
37288220 14665408 20087474 12726
37544260 14766439 20226314 12818
37801712 14867541 20365338 12909
38059262 14968693 20503496 13000
38316745 15069847 20642046 13091
38574105 15171021 20780551 13182
38831141 15272201 20919078 13273
39088015 15373389 21058085 13363
39344981 15475165 21197887 13453
39601845 15576956 21337797 13543
39859424 15678688 21477525 13633
40116746 15780428 21617523 13633
40373988 15882124 21756597 13813
40631259 15983781 21895851 13813
40888288 16085394 22035045 13904
41145247 16186920 22174199 13995
41402276 16288423 22313390 14086
41660971 16389909 22452600 14177
41919623 16491371 22592033 14268
42177956 16592802 22732039 14357
42436878 16694774 22872336 14446
42694631 16796754 23012326 14446
42694631 16898450 23149451 14535
42948467 16998671 23286655 14624
43201799 17098875 23354343 14713
43455301 17199183 23561244 14802
43962806 17299567 23698784 14891
44218811 17400056 23836730 14979
44475530 17500628 23975120 15067
44732443 17601270 24113476 15155
44989276 17701982 24251695 15243
45245925 17803339 24389795 15331
45502548 17904764 24528198 15419
45758897 18006198 24667091 15507
46015304 18107601 24806096 15595
46271809 18209005 24945081 15683
46528257 18310412 25084566 15771
46785242 18411806 25224056 15771
47042269 18513211 25363845 15859
47299287 18614613 25503133 16035
47556294 18716018 25641794 16124
47813186 18817411 25780697 16124
48069835 18918769 25919577 16213
48326454 19020104 26058423 16302
48583070 19121466 26197318 16391
48839760 19222824 26336148 16569
49096406 19324158 26475439 16569
49353372 19425473 26614696 16660
49610238 19526789 26753760 16751
49867146 19628129 26892668 16842
50123959 19729449 27031507 16933
50380881 19830790 27170319 17024
50637854 19932142 27309152 17116
50894675 20033471 27448036 17208
51153234 20134778 27586901 17300
51411615 20236096 27726160 17392
51670500 20337377 27865391 17484
51928862 20438670 28004458 17576
52186849 20539943 28143752 17668
52444758 20641231 28282078 17760
52702372 20743144 28350340 17852
52702372 20845023 28489010 17944
52959645 20946764 28625273 17944
53212017 21046697 28761686 18035
53464239 21146583 28898872 18126
53716877 21246608 29106433 18217
53970726 21346812 29174212 18308
54475945 21447131 29381560 18399
54731994 21546976 29519094 18490
54988958 21647873 29658044 18584
55250296 21749902 29798490 18678
55514331 21852959 29940376 18772
55780479 21956932 30083635 18867
56048352 22167824 30228193 18962
56317891 22274643 30374673 19057
56589428 22382022 30521978 19153
56862623 22489837 30669895 19249
57136759 22598050 30891594 19345
57411754 22706616 31040816 19441
57687336 22815445 31190431 19538
57963552 22924567 31340312 19635
58242069 23033927 31490353 19635
58521157 23143502 31640593 19828
58800683 23253861 31790988 19828
59080511 23364391 31941664 19925
59360706 23475014 32092979 20022
59641166 23585684 32244885 20119
59921800 23696424 32396900 20216
60202796 23807219 32549032 20314
60484086 23918043 32701258 20413
60765356 24028900 32853571 20512
61046765 24139793 33005939 20611
61328293 24250702 33158488 20710
61610035 24361645 33311176 20809
61893609 24472591 33463815 20908
62177506 24583537 33616359 21008
62460533 24694543 33768869 21108
62743192 24805570 33921225 21108
63025916 24917205 34073540 21207
63308576 25028858 34226380 21306
63591400 25140466 34379268 21405
63874338 25251689 34531519 21504
64156253 25361662 34682352 21602
64434526 25471652 34833123 21700
64712971 25581773 34984129 21799
64991887 25691945 35135351 21898
65270970 25802205 35286830 21997
65550574 25912609 35438555 22096
65830773 26023095 35590433 22196
66111362 26133655 35742416 22296
66393433 26244301 35894428 22396
66675569 26355003 36046485 22496
66957658 26466327 36198394 22496
67239742 26577699 36350378 22596
67522028 26689048 36503266 22695
67804321 26800359 36656226 22794
68086687 26911637 36809198 22894
68369216 27022925 36962142 22994
68651772 27134196 37115128 23094
68934264 27245455 37268222 23194
69216876 27356732 37421339 23294
69501377 27467997 37574498 23394
69786080 27579266 37727636 23494
70070128 27690520 37880686 23593
70353842 27802357 38033511 23593
70637430 27914176 38186355 23692
70921030 28025949 38339615 23791
71204739 28137676 38493299 23890
71488480 28249326 38647002 23989
71772198 28360910 38800751 24088
72055931 28472455 38954474 24188
72339572 28583957 39108299 24288
72623220 28695415 39262110 24388
72907153 28806867 39415666 24488
73190204 28918267 39569187 24588
73474991 29029673 39722570 24688
73759774 29141041 39875877 24788
74044455 29252413 40029065 24888
74329018 29363748 40182279 24988
74613342 29475655 40335464 25088
74897793 29587580 40488554 25088
75182049 29699368 40641761 25188
75466065 29809969 40794090 25286
75746797 29920545 40946237 25385
76027149 30031146 41098505 25485
76307524 30141855 41250715 25585
76588004 30252623 41402862 25685
76868827 30363449 41554978 25785
77149820 30474328 41707245 25885
77431141 30585281 41859624 25985
77712859 30696320 42012145 26086
77994960 30807388 42164803 26187
78277220 30918487 42317594 26289
78559791 31029637 42470498 26390
78844236 31140783 42623545 26492
79128709 31251941 42776667 26594
79413008 31363105 42929683 26696
79697503 31474268 43082619 26799
79981140 31585482 43235576 26902
80264604 31696695 43388365 27005
80548052 31808488 43541112 27005
80831423 31920313 43693858 27108
81114706 32032100 43847479 27211
81398228 32143862 44001128 27314
81681715 32255550 44154829 30841
