232029 179363 218709 0
846429 388275 593984 0
1555671 664685 901411 0
2450440 830806 1410522 0
2950405 1206466 1691350 3463
3479827 1412194 1986053 3463
4607462 1627578 2609354 3463
5199775 2079952 2935530 3463
5809396 2315985 3269818 3463
6433602 2557437 3611091 3463
7069783 2803610 3957723 3463
7718909 3053695 4310980 3463
9040539 3307293 4668602 3463
9712300 3563913 5209491 3463
10392541 3823134 5576160 3463
11077799 4084585 5945522 3463
11767645 4348002 6317420 3463
12458930 4879347 6882269 3463
13152178 5146504 7258613 6566
13848522 5414754 7636402 6566
14548179 5684078 8015041 6566
15248498 5953663 8394346 6566
15950900 6224008 8774127 6566
16657763 6495136 9155050 6566
17366048 6766927 9537780 6566
18073956 7039343 9921344 6566
18783339 7312215 10305655 6566
19494465 7585505 10689876 6566
20209306 7859184 11074887 6566
20924580 8133210 11461194 6566
21638697 8407551 11848021 6566
22353946 8682156 12234357 6566
23071656 8950787 12616298 6566
23768710 9216775 12991238 9003
24458173 9483570 13364314 9003
25148581 9750878 13738569 9003
25842607 10019206 14114644 9003
26539853 10288504 14491728 9003
27242684 10558721 14870311 9003
27947382 10829701 15251107 9003
28652152 11101390 15632978 9003
29358899 11373726 16015944 9003
30067828 11646589 16399638 9003
30777954 11919909 16783596 9003
31488849 12193587 17168638 11158
32201240 12467646 17553915 11158
32913228 12741320 17939050 11158
33625952 13015230 18323498 11158
34340545 13289338 18709265 11158
35054257 13563736 19095720 11158
35769223 13838396 19482506 11158
36484750 14113251 19868582 11158
37202207 14388251 20255981 11158
37918551 14663436 20643766 11158
38635587 14938769 21031623 13069
39353297 15214212 21418462 13069
40070646 15489098 21805831 13069
40786536 15764106 22193334 13069
41503069 16039268 22580006 13069
42221439 16314520 22967769 13069
42938274 16589910 23355890 13069
43655564 16865441 23744064 13069
44373404 17141082 24131618 13069
45093057 17416767 24520350 14767
45811422 17692551 24908495 14767
46527721 17967703 25294990 14767
47245598 18242830 25682148 14767
47963988 18518124 26070156 14767
48681004 18793590 26458157 14767
49398163 19069056 26845653 14767
50117542 19344582 27234439 16278
50835832 19620221 27623232 16278
51553931 19895948 28010337 16278
52271171 20170920 28395760 16278
52983100 20444068 28780685 16278
53694035 20717365 29165824 16278
54405707 20991005 29550524 16278
55119933 21264931 29936031 17485
55834735 21539060 30322396 17485
56548298 21813473 30708248 17485
57260123 22087381 31092942 17485
57974060 22361443 31478405 17485
58688887 22635784 31864874 18564
59402871 22910398 32251494 18564
60117236 23185165 32636939 18564
60831173 23459368 33022399 18564
61545548 23733734 33408637 18564
62258899 24008372 33794415 19537
62974889 24283232 34179826 19537
63689027 24557579 34565540 19537
64403781 24832116 34952099 19537
65117706 25106895 35337980 20417
65834249 25381851 35723759 20417
66548887 25656349 36110383 20417
67262454 25931030 36497455 20417
67977337 26205915 36883909 21215
68694600 26480922 37270204 21215
69409601 26755345 37656255 21215
70125099 27029914 38042356 21941
70840864 27304696 38428242 21941
71556492 27579017 38814328 21941
72270759 27853518 39200891 22604
72983982 28128267 39587478 22604
73697781 28402556 39973141 22604
74411893 28676992 40358979 23213
75126595 28951726 40744487 23213
75840001 29226012 41129104 23775
76553776 29500443 41514168 23775
77267609 29775072 41899520 23775
77980027 30049294 42285295 24295
78692005 30323730 42669942 24295
79404125 30597657 43054310 24779
80116428 30871755 43439011 24779
80827666 31145543 43821684 25205
81529964 31416553 44008946 31910
82232898 31687069 44195884 49135
