158677 48131 58856 0
345273 147691 242526 0
604684 262913 319331 0
885831 323838 433096 0
1051125 386988 517326 0
1221149 520939 700407 0
1581459 592265 799324 0
1773379 666434 901466 0
1970920 822182 1006763 0
2174170 903294 1226359 0
2381889 986241 1339939 1617
2594165 1070848 1455486 1617
2808319 1156279 1572348 1617
3246948 1243000 1691065 1617
3471270 1330870 1811079 1617
3697389 1419723 1932749 1617
3925407 1508920 2056259 1617
4155956 1599502 2179963 1617
4387499 1782205 2304963 1617
4620573 1874815 2431390 1617
4855126 1968010 2620326 1617
5091426 2061134 2748824 1617
5328952 2154701 2878045 1617
5567734 2249281 3072726 1617
5808121 2344213 3202744 1617
6048956 2438862 3333782 1617
6290355 2533788 3465154 1617
6532345 2629601 3596158 1617
6775139 2725676 3727523 3050
7018800 2821775 3859789 3050
7262312 2917443 3992294 3050
7506103 3013260 4124707 3050
7750316 3109844 4256547 3050
7995345 3206526 4388537 3050
8240082 3303233 4520670 3050
8484267 3399811 4653816 3050
8729782 3497020 4786741 3050
8975553 3594333 4919513 3050
9222304 3691659 5052410 3050
9468930 3788985 5185721 3050
9715554 3886289 5319113 3050
9962093 3983064 5452994 3050
10208622 4080443 5586052 3050
10454465 4177556 5717662 3050
10696944 4273181 5848547 3050
10938911 4368797 5979588 4170
11181075 4464046 6111035 4170
11422064 4559426 6241658 4170
11663646 4654970 6372295 4170
11906070 4750628 6503520 4170
12148564 4846399 6634885 4170
12391184 4942288 6766427 4170
12634135 5038350 6897866 4170
12878283 5134544 7029622 4170
13122452 5230867 7161825 4170
13366786 5326723 7294837 4170
13611352 5423293 7427456 4170
13856330 5520037 7559921 4170
14102288 5616795 7692562 4170
14347991 5713556 7825312 5159
14593237 5810294 7957660 5159
14836863 5906543 8089700 5159
15080673 6002872 8221532 5159
15325622 6099303 8353539 5159
15570521 6195830 8485988 5159
15815550 6292432 8618694 5159
16060792 6389008 8752415 5159
16307660 6486222 8885825 5159
16555411 6583461 9018932 5159
16802537 6680595 9152301 5159
17049117 6777688 9285706 5159
17295540 6874674 9420021 5159
17543202 6972247 9554071 6034
17791140 7069868 9687553 6034
18038096 7166907 9820894 6034
18285036 7263919 9954497 6034
18532096 7360957 10088228 6034
18779205 7457481 10222617 6034
19026550 7554023 10356793 6034
19274436 7651146 10490208 6034
19521926 7748322 10623867 6034
19769256 7845533 10757609 6034
20016344 7942724 10891311 6034
20263077 8039812 10957235 6724
20505732 8135371 11088401 6724
20747159 8230404 11284874 6724
20988878 8325597 11415659 6724
21230882 8420982 11546697 6724
21473104 8516536 11678050 6724
21716024 8612273 11809373 6724
21959784 8708165 11941207 6724
22203893 8804239 12073301 6724
22448105 8900428 12205762 7337
22692631 8996751 12337815 7337
22936166 9092648 12469347 7337
23180208 9188616 12601325 7337
23424468 9284747 12733523 7337
23668833 9380986 12866102 7337
23913542 9477359 12998709 7337
24159004 9573837 13131218 7883
24404939 9670381 13263703 7883
24649439 9766491 13395940 7883
24894014 9862652 13528419 7883
25138869 9958941 13660988 7883
25384092 10055310 13793370 7883
25629779 10151700 13926086 7883
25875539 10248195 14058888 8372
26121133 10344756 14191382 8372
26365273 10440831 14323629 8372
26609795 10536984 14455755 8372
26854986 10633242 14588250 8372
27100525 10729635 14720967 8372
27346116 10826121 14853829 8810
27591686 10922664 14986432 8810
27835978 11018734 15118433 8810
28080780 11114825 15250556 8810
28325831 11211036 15382915 8810
28570711 11307356 15515472 8810
28815620 11403726 15648241 9203
29060892 11500204 15780473 9203
29305383 11596238 15912364 9203
29549934 11692357 16044638 9203
29794606 11788579 16109907 9203
30039234 11884842 16177107 9524
30279624 11979447 16308530 9524
30519013 12073576 16438135 9524
30758716 12167984 16567494 9524
30998890 12261728 16759781 9814
31238131 12356725 16956377 9814
31479682 12452487 17088140 9814
31724387 12549428 17221906 9814
31971978 12647537 17357200 10077
32222009 12746693 17493589 10077
32726782 12846167 17630615 10077
32982955 12946463 17768663 10318
33239441 13047533 17907218 10318
33497628 13148730 18046649 10318
33756980 13250490 18186961 10540
34016033 13352827 18327649 10540
34276655 13455120 18468700 10745
34538834 13557896 18610603 10745
34800850 13661193 18752818 10745
35064059 13764369 18895149 10935
35328997 13867976 19037541 10935
35593566 13971458 19179960 11113
35858603 14075270 19322799 11113
36122969 14179452 19465173 11280
36387848 14283416 19607880 11280
36652002 14387660 19750211 11438
36916749 14491625 19892938 11438
37180557 14595882 20035428 11587
37444976 14699915 20178431 11587
37708554 14803663 20321105 11729
37972696 14907705 20463706 11864
38236116 15011536 20606365 11864
38498716 15115645 20749060 11994
38762089 15219520 20891696 12119
39025035 15323696 21034178 12119
39287418 15427670 21176684 12241
39550857 15531385 21318801 12360
39813827 15634913 21460955 12360
40077102 15738814 21603125 12476
40339142 15842510 21744865 12587
40598149 15945894 21885044 12695
40855989 16047676 22024170 12695
41113612 16149807 22163479 12800
41371048 16251919 22303097 12904
41630007 16354001 22442768 13007
41888618 16456016 22582794 13109
42146930 16558515 22722690 13109
42405198 16660957 22863016 13210
42663365 16763294 23003256 13310
42923686 16865529 23143304 13410
43184026 16967698 23283612 13509
43443860 17069816 23423599 13608
43703107 17172363 23563252 13608
43962084 17274841 23703256 13706
44220660 17377216 23843455 13803
44479080 17479527 23983680 13900
44738898 17581765 24124283 13996
44998494 17683915 24264726 14091
45257966 17786542 24405121 14091
45517110 17889152 24545822 14185
45776258 17991642 24686256 14279
46035556 18094014 24826455 14373
46295967 18196305 24966277 14466
46555927 18298447 25105738 14559
46815530 18400494 25245485 14651
47074818 18503040 25385521 14743
47333736 18605585 25525528 14835
47592231 18708034 25665932 14927
47850480 18810379 25806215 14927
48108727 18912635 25946397 15019
48366935 19014818 26086585 15111
48625452 19116928 26226566 15203
48885700 19218962 26366359 15295
49145555 19320976 26505791 15387
49404804 19422921 26645352 15479
49663732 19524812 26784883 15571
49922368 19627222 26924620 15663
50180538 19729628 27064213 15755
50438556 19831940 27203836 15847
50438556 19934143 27343818 15847
50696486 20036225 27482874 15939
50950824 20136933 27620707 16031
51204688 20237570 27758273 16123
51459460 20338273 27895765 16215
51714069 20439057 28033244 16307
51968948 20539903 28171128 16398
52225716 20640870 28309690 16489
52482378 20742466 28448403 16580
52739063 20844135 28587173 16671
53252867 20945808 28726541 16762
53510347 21047500 28865851 16853
53767958 21149182 29005054 16853
54025349 21250868 29144046 16944
54025349 21352509 29282816 17035
54282642 21454099 29421718 17126
54539508 21555727 29560816 17217
54796311 21657359 29699935 17308
55309516 21758986 29839004 17399
55567681 21860589 29978048 17489
55826039 21962191 30117222 17579
56085148 22063844 30256294 17669
56343815 22165510 30395632 17759
56602331 22267158 30534814 17849
56860777 22369352 30673915 17939
57118965 22471550 30813314 17939
57376931 22573701 30953221 18029
57634885 22675758 31093212 18118
57892634 22777747 31233078 18207
58150304 22879687 31372978 18296
58408016 22981576 31512813 18385
58666287 23083431 31652446 18474
58924171 23185278 31791823 18564
58924171 23287096 31930964 18654
59441004 23388857 32069902 18745
59699835 23490585 32209022 18836
59958581 23592343 32348682 18926
60217034 23694100 32488414 19016
60475310 23796379 32628070 19106
60733695 23898631 32767736 19196
60733695 24000837 32907911 19196
60991990 24102938 33046952 19286
61247643 24203803 33184828 19375
61502448 24304597 33322540 19464
61757396 24405443 33460259 19553
62012581 24506815 33599060 19643
62525462 24608239 33738106 19733
62783538 24709715 33877182 19823
63041631 24811211 34016183 19913
63299758 24912698 34155358 20003
63558575 25014228 34294918 20093
63817186 25115793 34434342 20183
64075591 25217353 34573578 20273
64333759 25319451 34712651 20363
64592766 25422003 34852375 20453
64851576 25524492 34992259 20543
65110002 25626897 35132594 20633
65368325 25729194 35272893 20633
65626629 25831401 35413085 20723
65884843 25933525 35553268 20813
66143024 26035580 35693287 20903
66401474 26137570 35833057 20993
66659636 26239516 35972615 21083
66917739 26341423 36111989 21173
67177502 26443277 36251258 21262
67437073 26545080 36390786 21351
67696384 26646895 36530811 21440
67955294 26748680 36670879 21529
68213946 26850974 36810834 21618
68472458 26953247 36951129 21618
68730777 27055449 37091440 21707
68989712 27157570 37231470 21796
69248015 27259617 37371175 21885
69506061 27361570 37510627 21974
69765643 27463471 37649909 22062
70025146 27565318 37789114 22150
70284377 27667126 37929119 22238
70544269 27769362 38069683 22326
70803864 27872128 38210206 22414
71063152 27974814 38350567 22502
71063152 28077376 38491315 22502
71322287 28179799 38630959 22590
71577822 28280971 38768983 22678
71833791 28382610 38906745 22766
72089311 28484281 39044437 22854
72345017 28585947 39182108 22942
72600837 28687578 39320707 23031
72856544 28788678 39459516 23120
73114010 28889765 39598377 23209
73371524 28990908 39737235 23298
73629013 29092074 39876688 23387
73886561 29193327 40016103 23476
74144835 29295204 40154478 23566
74402566 29397721 40293023 23656
74660110 29500184 40431547 23746
74917636 29602558 40570921 23836
75175041 29704352 40710427 23927
75432471 29806085 40849955 24018
75689580 29907786 40989408 24018
75946679 30009484 41129429 24109
76203829 30111234 41269316 24200
76460988 30212951 41408990 24291
76718718 30314631 41548064 24382
77233756 30416864 41686979 24473
77492910 30519087 41825771 24563
77751838 30621215 41965276 24654
78010701 30722761 42105052 24745
78010701 30824278 42244874 24836
78269363 30925811 42385040 24927
78527735 31027336 42525234 25018
79044064 31129468 42665283 25108
79044064 31231649 42805077 25198
79302809 31334385 42944632 25198
79561276 31437045 43084072 25288
79819638 31539586 43223345 25378
80077790 31642020 43362485 25468
80593168 31744331 43502439 25558
80852477 31846009 43642546 25648
81111958 31947638 43783129 25737
81371208 32049817 43923595 25826
81371208 32151976 44063971 25826
