60034 45699 9122 1509
92748 104649 24616 1509
209062 146137 69868 1509
380104 231521 139710 1509
480037 277991 262778 1509
714170 381843 405205 1509
1001842 502750 530024 1509
1345032 570489 674592 1509
1535034 642548 826748 1509
1732131 798069 935272 1509
1940421 880764 1048694 1509
2371771 966258 1165790 3286
2597069 1054203 1409559 3286
2827814 1235779 1535314 3286
3061355 1329427 1665106 3286
3300351 1424617 1795511 3286
3545150 1521200 1927168 3286
3794249 1618961 2062106 3286
4045683 1717797 2198688 3286
4551061 1817578 2336167 3286
4808506 1918164 2474053 3286
5068104 2019516 2681690 3286
5327957 2121573 2822976 3286
5589725 2224251 2965164 3286
5852591 2327408 3181557 3286
6116443 2431021 3325815 3286
6381312 2535067 3396450 3286
6648993 2639471 3614158 3286
6917209 2744144 3758578 3286
7185638 2849068 3903155 3286
7454438 2954226 3974216 4862
7723407 3059564 4119007 4862
7990918 3165046 4336452 4862
8258783 3270152 4407347 4862
8519612 3375399 4478617 4862
8773755 3478414 4616838 4862
9028682 3578970 4821589 4862
9285385 3679911 4959872 4862
9542231 3781532 5099722 4862
9801063 3883779 5311980 4862
10062167 3986579 5454538 4862
10324105 4089844 5598783 4862
10587295 4193510 5742669 4862
10851569 4401969 5886426 4862
11118849 4506665 6030513 4862
11386975 4611633 6174866 4862
11655482 4716789 6319446 4862
11924353 4822123 6464274 6100
12193704 4927613 6608769 6100
12461520 5033106 6753371 6100
12730922 5138703 6898511 6100
13000630 5244429 7043853 6100
13270627 5350274 7189349 6100
13540842 5456167 7335038 6100
13811390 5562161 7481317 6100
14081909 5668261 7627310 6100
14352787 5774420 7772995 6100
14623820 5880655 7919231 6100
14894850 5986984 8065644 6100
15166360 6093368 8212257 6100
15437999 6199812 8358989 7194
15709874 6306313 8505825 7194
15980400 6412281 8651984 7194
16251142 6518259 8797795 7194
16521991 6624346 8944173 7194
16793143 6730474 9090727 7194
17064404 6836687 9237817 7194
17335847 6942967 9384645 7194
17607657 7049289 9531143 7194
17879608 7155664 9678178 7194
18151633 7262090 9825338 7194
18423963 7368529 9973074 8163
18696453 7475019 10120398 8163
18968803 7580997 10192698 8163
19239521 7580997 10339035 8163
19503956 7686946 10481998 8163
19768118 7790663 10624815 8163
20033274 7894494 10840961 8163
20299346 7998626 10985038 8163
20566323 8103089 11129608 8163
20834311 8312864 11274669 8163
21102974 8418071 11420069 8163
21372135 8523516 11565818 8928
21642158 8629117 11711900 8928
21912532 8734308 11857683 8928
22181495 8839663 12003207 8928
22451022 8945199 12148942 8928
22720882 9050861 12294870 8928
22991168 9156667 12441060 8928
23262284 9262575 12587493 8928
23533932 9368599 12734028 8928
23805837 9474690 12880692 9607
24077831 9580867 13027035 9607
24348251 9686575 13173494 9607
24618862 9792350 13319714 9607
24889857 9898191 13465621 9607
25161244 10004151 13612151 9607
25432916 10110228 13758951 9607
25705063 10216400 13905858 10212
25977204 10322633 14052763 10212
26249094 10428387 14199363 10212
26519823 10534199 14346126 10212
26790646 10640121 14492631 10212
27061855 10746167 14638887 10212
27333638 10852326 14785756 10212
27605691 10958564 14932834 10753
27877779 11064829 15079551 10753
28148404 11170571 15225915 10753
28419395 11276380 15372848 10753
28690861 11382753 15520463 10753
28963896 11489210 15667924 10753
29236875 11595673 15814784 11238
29509494 11702180 15961746 11238
29780481 11808209 16034174 11238
30051449 11808209 16180766 11238
30317787 11914188 16324763 11238
30583900 12018434 16468681 11238
30847221 12122811 16684346 11632
31113269 12331496 16830364 11632
31379298 12437238 16977319 11632
31648455 12544214 17125249 11632
31922940 12652287 17274058 11987
32200188 12761348 17424121 11987
32478075 12870743 17574803 11987
32758120 12980874 17726523 12310
33040268 13091777 17879237 12310
33324351 13202800 18032276 12310
33607904 13314438 18185777 12605
33892911 13426705 18340703 12605
34179791 13539508 18495606 12605
34466263 13652228 18650850 12875
34754374 13765327 18806895 12875
35043819 13878864 18962717 12875
35622207 13992205 19119006 13124
35622207 14105876 19275776 13124
36202894 14219860 19432790 13124
36202894 14333598 19589770 13354
36783599 14447670 19746778 13354
37074818 14561469 19903934 13568
37367026 14675589 20061620 13568
37658392 14789398 20219314 13768
37950229 14903480 20376700 13768
38241034 15017832 20534191 13955
38532615 15131934 20691628 13955
38823285 15246294 20849435 14131
39114862 15360356 21006850 14131
39405531 15474652 21163830 14298
39697135 15588651 21321186 14298
39697135 15702278 21478448 14457
39987792 15816205 21635368 14609
40277078 15929870 21792098 14609
40856625 16043870 21948772 14755
40856625 16157632 22106055 14896
41147197 16271148 22262635 14896
41437166 16384959 22419090 15028
41725996 16498411 22573684 15155
42010857 16610042 22727601 15155
42295531 16721993 22881187 15279
42579081 16833959 23034627 15400
42862445 16945811 23187951 15520
43147308 17057630 23341648 15638
43432082 17169951 23495787 15638
43716830 17282252 23649975 15755
44001600 17394439 23804048 15870
44285919 17506555 23957919 15983
44571874 17618541 24111876 16096
44857501 17730439 24266241 16208
45142824 17842781 24420271 16319
45427107 17955104 24574099 16430
45711233 18067313 24727802 16430
45995193 18179416 24881415 16541
46278988 18291421 25034962 16651
46562747 18403306 25188533 16761
46846569 18515136 25342565 16869
47132040 18626893 25496894 16976
47417242 18739114 25650754 17082
47702048 18851245 25804609 17188
47986414 18963286 25958362 17188
48270912 19075298 26111963 17294
48554901 19187203 26265530 17399
48838786 19299050 26419054 17505
49122631 19410856 26572540 17612
49406479 19522556 26726058 17719
49690234 19634226 26879578 17826
49973945 19745902 27033503 17931
50259524 19857494 27187715 18036
50544926 19969046 27341756 18141
50830059 20081098 27495797 18245
51115131 20193154 27649604 18349
51399745 20305132 27803415 18453
51684064 20417056 27957071 18557
51968150 20528925 28110616 18661
52252127 20640719 28264116 18766
52535920 20752435 28417525 18766
52819577 20864102 28570865 18871
53103313 20974323 28723155 18976
53383109 21084480 28874194 19082
53662931 21194723 29025409 19188
53943012 21305073 29176916 19294
54223425 21415525 29328414 19400
54504248 21526066 29479895 19506
54784457 21636662 29631423 19613
55064906 21747350 29783145 19720
55347489 21858138 29935089 19827
55630466 21969019 30087629 19934
55913535 22079976 30240320 20041
56196685 22190993 30393532 20148
56479844 22302067 30546845 20255
56763268 22413719 30700259 20362
57046819 22525413 30853640 20469
57330332 22637043 31006802 20469
57613839 22748602 31160124 20576
57897287 22860122 31313351 20683
58180973 22971628 31466536 20789
58464025 23083135 31619673 20895
58747110 23194630 31772835 21000
59032088 23306135 31926075 21105
59317082 23417652 32079828 21209
59602118 23529174 32234009 21313
59886849 23640674 32388036 21416
60171294 23752755 32541819 21519
60455565 23864770 32695459 21622
60739843 23976687 32849241 21622
61024076 24088518 33002884 21725
61308007 24200274 33156427 21828
61591800 24311964 33309912 21931
61875466 24423588 33463311 22035
62158931 24535154 33616636 22139
62442397 24646638 33769973 22243
62725833 24758110 33923738 22346
63010962 24869539 34077870 22449
63295981 24980960 34231625 22552
63580631 25092875 34385317 22655
63864989 25204773 34539003 22655
64149634 25316534 34691150 22758
64433368 25426403 34843034 22860
64711683 25536222 34993579 22962
64990012 25646184 35144209 23064
65268781 25756259 35295144 23166
65548079 25866482 35445659 23372
65825027 25976216 35596403 23372
66104869 26086993 35748773 23479
66387785 26198930 35902786 23586
66673711 26311939 36058320 23693
67253721 26425880 36215111 23801
67548621 26540642 36373064 23909
67845708 26656106 36532623 24017
68143766 26772239 36692982 24128
68443091 26888951 36854629 24239
68743413 27006212 37016937 24350
69045029 27124561 37179560 24461
69347407 27243256 37342795 24572
69649916 27362242 37586941 24683
69952951 27481471 37750945 24796
70256758 27600931 37915406 24909
70560940 27720550 38079918 25022
70865279 27840316 38244532 25135
71169986 27960247 38409369 25248
71475606 28080333 38574803 25360
71783376 28200562 38740738 25360
72091174 28320877 38907158 25472
72399925 28441675 39074152 25584
72709139 28563132 39241519 25696
73018211 28684618 39408431 25808
73327053 28806028 39575369 25920
73636012 28927433 39742534 26032
73945356 29048857 39909744 26144
74254805 29170220 40076760 26256
74563691 29291556 40243801 26368
74872615 29412877 40411023 26480
75181805 29534188 40578240 26592
75490705 29655459 40745215 26704
75799687 29776704 40912405 26816
76110316 29897954 41079599 26929
76420047 30019186 41245954 27042
76725351 30140109 41410194 27157
77029075 30259691 41574752 27157
77334959 30379315 41739846 27271
77641478 30499102 41905369 27384
77947523 30619639 42071072 27497
78254216 30740379 42237275 27610
78561180 30861224 42403420 27722
78868434 30982039 42569489 27834
79175439 31102915 42735679 27946
79482627 31223806 42902069 28058
79790089 31344716 43068494 28170
80097387 31465631 43234833 28283
80405089 31586592 43401388 28396
80713200 31707562 43568257 28508
81023141 31828554 43734842 28620
81332980 31949561 43901940 28620
81642848 32191787 44069700 30425
81953050 32191787 44069700 36357
81953050 32313579 44069700 45031
81953050 32555915 44069700 49910
81953050 32679078 44069700 55032
82263350 32804151 44069700 65725
82263350 32930278 44069700 71291
82263350 33057910 44069700 76983
82546094 33186941 44069700 82744
82546094 33316493 44152522 88595
