64481 44555 11757 1261
220356 89870 70935 1261
398812 185385 212413 1261
629963 295390 325878 1261
951777 358408 462713 1261
1135344 502326 609991 1261
1536820 582452 776178 1261
1754069 666127 951458 1261
1979333 844319 1075503 1261
2212404 938159 1203292 1261
2699525 1034630 1403924 2446
2951526 1133494 1539762 2446
3206807 1234468 1677934 2446
3467021 1336665 1887571 2446
3731141 1545768 2031403 2446
3998865 1652390 2177195 2446
4269727 1760155 2324571 2446
4543414 1868963 2473386 2446
4819744 1978698 2623518 2446
5098431 2089204 2774787 2446
5379096 2200417 2927068 2446
5945775 2312271 3080116 3499
5945775 2418857 3224074 3499
6213699 2522326 3363676 3499
6473517 2626765 3504576 3499
6735914 2732569 3647726 3499
7001697 2839631 3793118 3499
7270913 2945672 3937172 3499
7535108 3050642 4079959 3499
7796892 3154676 4221672 3499
8056728 3257897 4362445 3499
8314925 3257897 4502304 3499
8571512 3360357 4641195 4337
8826759 3462151 4779203 4337
9079433 3563368 4848338 4337
9331119 3663554 4984521 4337
9582025 3763270 5120081 4337
9832661 3862642 5255518 4337
10082747 3961730 5390853 4337
10332112 4060555 5525923 4337
10580863 4159170 5660804 4337
10829118 4257584 5795176 4337
11077047 4355802 5929116 5081
11323733 4453853 6062487 5081
11569955 4551258 6195685 5081
11815830 4648501 6328789 5081
12061595 4745717 6461923 5081
12307308 4842892 6594738 5081
12553368 4940010 6727242 5081
12799151 5037082 6860058 5081
13044842 5134083 6992979 5743
13290269 5231102 7058691 5743
13534086 5328128 7191117 5743
13777899 5424627 7389549 5743
14022061 5521093 7521495 5743
14266477 5617592 7653715 5743
14510901 5714150 7786039 5743
14755332 5810747 7918289 5743
14999763 5907343 7983368 6333
15244658 6003940 8182137 6333
15488210 6100046 8246937 6333
15731663 6196169 8378785 6333
15731663 6292493 8510695 6333
15975506 6387481 8641380 6333
16215439 6482463 8770873 6333
16455709 6577628 8901078 6806
16696583 6672983 9031750 6806
16936178 6767970 9161535 6806
17176133 6863069 9291238 6806
17416959 6958335 9421465 6806
17900035 7053779 9552182 7230
18142309 7149428 9683188 7230
18384866 7245099 9814011 7230
18627628 7340883 9944764 7230
18870519 7436749 10076126 7230
19113493 7532721 10207858 7230
19356630 7628768 10339417 7612
19599088 7724898 10470807 7612
19841468 7820576 10601457 7612
20084049 7916287 10732665 7612
20326904 8012153 10864263 7957
20326904 8108122 10995693 7957
20811912 8203642 11126188 7957
21054296 8299225 11257070 7957
21296652 8394930 11388321 8270
21296652 8490750 11519794 8270
21781233 8586133 11650735 8270
22023373 8681638 11781305 8270
22265900 8777272 11912430 8554
22265900 8873070 12043971 8554
22508530 8968440 12174965 8554
22991748 9063889 12305324 8554
22991748 9159488 12435775 8813
23233821 9255197 12566918 8813
23474626 9350526 12697581 8813
23957170 9445959 12828059 9050
23957170 9541524 12958550 9050
24199478 9636710 13088813 9050
24440735 9731998 13219446 9268
24682216 9827467 13350257 9268
24922569 9922552 13480252 9470
25164027 10017781 13610324 9470
25405708 10112681 13740665 9470
25646178 10206474 13869231 9646
25883389 10300473 13997526 9646
26119411 10394235 14125196 9810
26356733 10488248 14253709 9810
26593224 10582047 14382065 9965
26830329 10676103 14510395 9965
27066739 10769911 14638073 10111
27304193 10863996 14766657 10111
27541007 10957883 14895167 10249
27778699 11052054 15023348 10381
28016214 11145963 15151306 10381
28254188 11239608 15279702 10507
28491435 11333585 15408398 10507
28727752 11427328 15536373 10628
28965432 11521354 15664171 10745
29202395 11615127 15792458 10745
29440067 11708671 15920630 10858
29677032 11802522 16048480 10968
29914124 11896187 16176265 11075
30150255 11989603 16304199 11075
30387268 12082838 16432409 11179
30623675 12176437 16559934 11281
30860088 12269877 16687350 11382
31095571 12363096 16814965 11382
31331718 12456136 16942314 11482
31567165 12549546 17069310 11580
31802459 12642810 17196367 11677
32037124 12735862 17323644 11773
32270982 12828743 17450602 11868
32506047 12921458 17576954 11868
32741076 13014032 17703758 11962
32975642 13107063 17831157 12054
33209572 13199992 17957973 12145
33442982 13292750 18084272 12235
33677841 13385344 18210709 12235
33912286 13477839 18337563 12325
34146052 13570192 18463730 12415
34379909 13662998 18589525 12504
34613090 13755688 18716024 12592
34845890 13755688 18842322 12681
35073999 13848316 18904358 12768
35299334 13939174 19088167 12855
35526997 14120665 19212855 12942
35758830 14212846 19338292 12942
35993482 14306008 19465112 13029
36230311 14400679 19594128 13116
36468961 14496165 19723757 13203
36709801 14592251 19854025 13290
36952110 14688881 19985866 13377
37195714 14786021 20118721 13464
37685685 14883609 20251952 13551
37934389 14981581 20385360 13638
38183970 15079900 20519147 13725
38434148 15178516 20653507 13812
38684664 15277386 20788562 13900
38935685 15376533 20924078 13988
39187016 15475899 21059978 14076
39439172 15575460 21195922 14165
39691493 15675195 21400498 14254
39944216 15775631 21537284 14344
40197150 15876182 21674369 14434
40450277 15976869 21811675 14524
40703489 16077605 21948963 14615
40956972 16178381 22086037 14706
41211154 16279227 22223499 14797
41465164 16380113 22360521 14890
41719311 16481027 22498257 14890
41973327 16581953 22636286 14982
42227456 16682905 22774366 15074
42481649 16783916 22912629 15166
42737620 16884948 23050734 15258
42993599 16985974 23188565 15350
43249924 17087020 23326271 15442
43506126 17188094 23463887 15534
43762200 17289167 23601477 15626
44018012 17390791 23739943 15718
44273686 17492408 23878459 15810
44529054 17594013 24017085 15902
44784488 17695564 24085493 15994
45039658 17797077 24223683 16086
45291228 17898389 24360543 16086
45542400 17998230 24496583 16178
45794084 18098049 24701827 16270
46045913 18198008 24838518 16362
46297993 18298090 24975455 16454
46551981 18398349 25112695 16546
46806438 18498706 25249895 16639
47061166 18599123 25386987 16732
47316255 18699631 25524104 16825
47571473 18800797 25661637 16918
47826623 18902000 25799434 17011
48081747 19003201 25937980 17103
48336834 19104406 26076184 17198
48592008 19205659 26214508 17293
48847092 19306897 26352675 17388
49102123 19408098 26490552 17483
49357601 19509297 26628777 17578
49613062 19610477 26766956 17673
49868690 19711650 26905122 17673
50124161 19812823 27043750 17768
50381322 19913987 27182461 17863
50638474 20015187 27321304 17957
50895509 20116406 27460550 18051
51152469 20217594 27599499 18145
51409494 20319333 27738205 18239
51666431 20421009 27876722 18333
51923256 20522625 28015113 18427
52179890 20624189 28153461 18521
52436527 20725698 28292586 18521
52692853 20827152 28431848 18615
52948873 20928570 28570971 18709
53206440 21029981 28710123 18803
53464033 21131364 28849018 18895
53721486 21233290 28988092 18988
53979216 21334690 29126948 19081
54236608 21436028 29265710 19176
54493934 21537374 29403975 19271
54751185 21638707 29542791 19366
55007971 21740575 29611400 19461
55264297 21842425 29750304 19556
55516292 21944163 29888055 19650
55768036 22044242 30024977 19650
56020073 22144274 30161700 19744
56272816 22244401 30298319 19838
56524297 22345240 30503980 19931
56779738 22445249 30640848 20025
57037828 22546163 30779976 20120
57298523 22648205 30990787 20215
57561656 22856516 31133882 20310
57826753 22961870 31277871 20406
58093686 23067887 31422650 20502
58362001 23174487 31568578 20598
58631943 23281587 31715152 20694
58903560 23389153 31862346 20791
59176457 23497129 32010061 20889
59450267 23605459 32158189 20988
59724800 23714100 32306753 21087
59999557 23823012 32455704 21187
60274786 23932126 32604985 21287
60552037 24041440 32754498 21387
60829664 24150965 32904299 21487
61107835 24260665 33054820 21487
61386288 24371074 33205597 21587
61665184 24481636 33356649 21687
61944343 24592255 33508401 21786
62223840 24702947 33660214 21885
62503545 24813650 33811830 21984
62783276 24924380 33963249 22083
63063303 25035158 34114587 22182
63345188 25145955 34265926 22281
63627093 25256786 34417356 22380
63909221 25367654 34568898 22479
64191296 25478527 34720515 22578
64473234 25589411 34872165 22677
64755237 25700313 35023920 22775
65037345 25811807 35176261 22874
65318799 25923344 35328673 22973
65600139 26034832 35481129 22973
65881458 26146296 35633647 23072
66162745 26257428 35786206 23170
66443471 26367267 35936777 23267
66720534 26477083 36086835 23364
66997476 26587019 36236706 23461
67274609 26697042 36386666 23557
67553756 26807186 36536786 23653
67833319 26917906 36687371 23749
68114216 27028690 36838467 23845
68395299 27139494 36989622 23941
68676387 27250328 37140895 24037
68957452 27361188 37292733 24133
69238869 27472070 37444657 24229
69519531 27583499 37596521 24325
69799979 27694937 37748477 24422
70080389 27806339 37900459 24519
70360859 27917730 38052515 24519
70641410 28029069 38204748 24616
70922124 28140363 38357364 24712
71203229 28251628 38509921 24809
71484472 28362824 38662029 24906
71765399 28473970 38813976 25002
72048091 28585101 38965864 25098
72330756 28696230 39117785 25195
72613343 28807383 39269723 25292
72895618 28918514 39421644 25389
73178296 29029660 39573683 25485
73460231 29141360 39726297 25582
73742044 29253047 39878975 25680
74023845 29364151 40031717 25680
74305654 29475754 40184585 25778
74587385 29587337 40337362 25876
74869009 29698850 40490167 25974
75150670 29810310 40642400 26073
75714287 29921734 40794858 26172
75714287 30033121 40947285 26270
76279703 30144486 41099711 26369
76563131 30255824 41252163 26468
76847078 30367119 41404703 26567
76847078 30478398 41557278 26666
77130039 30589673 41709956 26766
77412905 30700907 41862578 26865
77695416 30810960 42013524 26964
77974617 30921032 42164976 27063
78253609 31031740 42316411 27063
78532769 31142511 42467552 27162
78812015 31253296 42618640 27261
79091518 31364122 42769998 27360
79371250 31474998 42921392 27458
79652880 31585916 43072899 27556
79934725 31696871 43224527 27655
80216618 31807854 43376235 27754
80498513 31918864 43528038 27852
80780761 32030480 43680424 27950
81062537 32142105 43832973 27950
81344055 32253695 43985468 28048
81625433 32365223 44138013 33389
