24950 55825 7319 896
78067 121342 17769 1987
199313 205015 34266 1987
467221 302348 68559 1987
583553 358975 102719 1987
848274 487931 122474 1987
994572 559286 143740 1987
1146703 634531 189854 1987
1471554 793411 217452 3066
1641685 877061 242995 3066
1815556 962444 269194 3066
1994081 1049275 323388 3066
2176916 1138008 351490 3066
2363790 1228510 382930 3066
2746066 1320587 412164 3066
2940621 1507402 441626 3066
3137781 1602540 471485 3066
3337248 1698674 504199 4029
3538822 1795695 534794 4029
3739403 1892889 565692 4029
3941516 1990162 596442 4029
4145376 2088109 629657 4029
4350803 2186718 660904 4029
4556176 2285321 723851 4029
4762744 2384435 755504 4029
4970598 2484058 789365 4029
5179480 2584151 821373 4029
5378125 2680162 821373 4800
5572260 2774112 853558 4800
5765749 2867608 883352 4800
5960255 2961503 913037 4800
6157224 3056461 974627 4800
6357762 3152471 1005377 4800
6560424 3248626 1036237 4800
6764873 3345580 1068785 5486
6970806 3443326 1100161 5486
7175490 3541767 1132865 5486
7380037 3640244 1164246 5486
7584560 3738666 1196837 5486
7790336 3837623 1228394 5486
7998900 3936528 1261084 5486
8207348 4035332 1292813 6099
8416774 4134626 1325583 6099
8624447 4234413 1357234 6099
8831636 4334069 1389849 6099
9038535 4433541 1421629 6099
9245059 4532839 1454329 6099
9452665 4632560 1487132 6648
9659983 4732138 1518972 6648
9869525 4832156 1551572 6648
10078734 4931314 1584294 6648
10286165 5030842 1616129 6648
10493115 5130251 1648716 6648
10701159 5230086 1681427 7141
10908852 5329779 1714071 7141
11114989 5428750 1745705 7141
11320885 5527549 1778034 7141
11529113 5626871 1810675 7585
11738491 5725924 1843273 7585
11947097 5825416 1875938 7585
12153920 5924634 1908332 7585
12360280 6023685 1940648 7585
12566414 6122611 1972253 7986
12773720 6222014 2004496 7986
12980923 6321330 2036515 7986
13186663 6419985 2068701 7986
13392042 6518505 2100879 8317
13597301 6616973 2101514 8317
13798553 6713627 2133631 8317
13998437 6809649 2164981 8317
14198612 6905796 2196309 8618
14399120 7002133 2227678 8618
14598720 7098090 2259090 8618
14798673 7194194 2290356 8894
14998971 7290499 2321664 8894
15198339 7386424 2352416 8894
15398169 7482516 2383623 9148
15599874 7579426 2415479 9148
15800800 7675987 2446214 9148
16000745 7772124 2477427 9382
16202396 7868997 2508686 9382
16403306 7965525 2540015 9599
16604475 8062169 2571224 9599
16804684 8158405 2602485 9599
17005279 8254772 2633620 9801
17206351 8351318 2664821 9801
17406515 8447501 2696101 9989
17606980 8543826 2727267 9989
17806677 8639795 2758295 10167
18006854 8735943 2789399 10334
18206307 8831765 2820810 10334
18406107 8927777 2852124 10494
18605190 9023452 2883120 10494
18804808 9119336 2914171 10645
19003694 9214922 2945326 10645
19201652 9310169 2976553 10790
19400141 9405642 3007643 10928
19598058 9500845 3038799 10928
19796504 9596292 3069840 11061
19994281 9691475 3100765 11191
20191326 9786365 3131755 11191
20387837 9881523 3162644 11317
20585023 9976454 3193436 11440
20781687 10071119 3224326 11440
20977781 10165534 3255124 11561
21174680 10260278 3285821 11678
21371065 10354828 3316432 11791
21371065 10354828 3347156 11902
21567059 10449248 3377265 11902
21949700 10633880 3407062 12012
22145247 10728168 3437141 12120
22342631 10823401 3467532 12228
22541542 10919419 3498418 12337
22741863 11016131 3529558 12445
22943480 11113475 3560909 12553
23146161 11211371 3592455 12661
23349773 11310341 3655413 12661
23555699 11409751 3687405 12768
23762461 11509496 3719716 12874
23969784 11609538 3752134 12981
24177511 11709837 3784624 13089
24385726 11810330 3817176 13196
24594413 11911033 3849788 13303
24803505 12011911 3882467 13411
25012873 12112957 3915194 13518
25223951 12214712 3947969 13625
25435373 12316608 3980784 13732
25646829 12418567 4013640 13840
25858378 12520574 4046515 13840
26070017 12622618 4079628 13947
26281812 12724710 4112769 14054
26493714 12826831 4145920 14162
26705566 12928978 4179063 14270
26917494 13031134 4212203 14378
27129536 13133887 4245361 14486
27341626 13236678 4278533 14596
27553720 13338926 4311695 14704
27767204 13442293 4344847 14811
27981972 13545659 4378209 14918
28195500 13648940 4411578 14918
28408846 13751610 4444936 15024
28623496 13854749 4478286 15129
28838068 13957866 4511620 15235
29051132 14060899 4544924 15342
29265306 14163858 4578214 15448
29479502 14266757 4611491 15553
29694764 14370161 4644775 15659
29907417 14473338 4678004 15764
30118636 14574949 4710720 15868
30329957 14676451 4743451 15972
30541524 14778055 4776437 16078
30753162 14879757 4808659 16078
30964988 14981541 4842360 16183
31176913 15083403 4875669 16288
31388819 15185332 4908167 16393
31600764 15287304 4941283 16498
31812766 15389323 4975220 16603
32024852 15491393 5008549 16708
32237009 15593486 5041054 16814
32449195 15695628 5074192 16918
32662841 15798363 5107525 17022
32876448 15901118 5140858 17127
33089932 16003854 5174178 17232
33303349 16106557 5207499 17232
33516838 16209240 5241012 17438
33730175 16311882 5274508 17438
33943290 16414492 5307957 17542
34156348 16517070 5341377 17646
34369386 16619612 5374767 17750
34582311 16722135 5408125 17855
34795037 16824634 5441455 17961
35007716 16927105 5474761 18067
35220365 17029565 5508041 18172
35432964 17132582 5541311 18279
35645429 17235071 5574566 18385
35859239 17338053 5607814 18491
36073048 17441037 5641048 18597
36286730 17543972 5674272 18703
36500212 17646840 5707486 18807
36713590 17749639 5740894 18911
36926854 17852386 5774287 19016
37139945 17955088 5807656 19121
37352906 18057754 5840991 19121
37565779 18160360 5874297 19331
37778543 18262934 5907579 19331
37991190 18365488 5940843 19437
38203737 18468009 5974087 19543
38416300 18570502 6007305 19649
38625907 18671638 6040071 19754
38835447 18772764 6072825 19861
39045202 18874006 6105618 19967
39255291 18975935 6138445 20073
39466966 19078570 6171316 20179
39678783 19180733 6204211 20285
39890673 19282866 6237125 20390
40102660 19385576 6270269 20495
40316058 19488331 6303461 20495
40528233 19590531 6336646 20601
40740375 19692687 6369832 20706
40953928 19795439 6403020 20811
41167488 19898219 6436208 20917
41379662 20000953 6469386 21023
41593169 20103650 6502582 21128
41806842 20206898 6535778 21233
42020342 20310120 6568978 21341
42233733 20412751 6602171 21448
42448430 20515862 6635382 21554
42663163 20618968 6668600 21660
42877754 20722013 6702022 21766
43092095 20824990 6735449 21872
43306386 20927916 6768861 21978
43520488 21030790 6802251 22085
43734269 21133607 6835601 22085
43947854 21236380 6868293 22192
44161327 21339098 6902230 22299
44374717 21441799 6935734 22406
44588079 21544486 6968398 22514
44801266 21647134 7001669 22621
45014473 21750324 7035763 22728
45228920 21853510 7068592 22835
45443221 21956627 7101851 22942
45657466 22059677 7135276 23048
45871498 22162653 7169516 23154
46085304 22265571 7202467 23154
46298914 22368429 7235845 23260
46512519 22471242 7269376 23365
46726013 22574009 7302877 23470
46939170 22676668 7336295 23576
47148312 22777552 7369079 23681
47357390 22878342 7401837 23785
47568063 22979850 7434626 23889
47776846 23080550 7467201 23996
47986524 23182298 7500131 24103
48200067 23285207 7533432 24210
48415919 23389179 7567279 24319
48633687 23494075 7601435 24429
48853093 23599799 7635840 24539
49296532 23706255 7671128 24650
49520099 23921121 7705974 24762
49744851 24029379 7740986 24873
49970627 24138098 7776165 24984
50197176 24247792 7811494 25097
50424417 24357314 7846942 25097
50652408 24467662 7882485 25210
50882350 24578285 7918125 25322
51112774 24689100 7953854 25434
51343433 24800070 7989647 25547
51574407 24911166 8025501 25659
51805638 25022399 8061630 25771
52036994 25133756 8097813 25885
52268651 25245224 8134015 25999
52500508 25356791 8170251 26113
52732548 25468444 8206509 26228
52964679 25580170 8242780 26341
53197108 25691968 8279068 26454
53429708 25804402 8315397 26569
53662370 25916373 8351750 26684
53895214 26028333 8388110 26798
54129610 26140916 8424495 26912
54363996 26253540 8460895 26912
54598267 26366135 8497297 27027
54832573 26478695 8533693 27141
55066847 26591805 8570322 27255
55301012 26704378 8606273 27370
55535227 26816876 8643583 27485
55769409 26929927 8680197 27600
56003531 27042968 8716110 27716
56237073 27155195 8752707 27830
56467975 27266635 8789196 27944
56700269 27378092 8825269 28059
56931679 27489138 8861367 28059
57163332 27601446 8897511 28173
57398173 27713901 8933716 28286
57633259 27826368 8969960 30091
57633259 27938833 9006925 32353
