119558 80110 22611 1272
284886 179095 46719 1272
506598 237406 79747 1272
781563 373147 121208 1272
935896 449255 144581 1272
1267646 613916 169104 1272
1445922 701386 222076 1272
1629727 792044 254568 1272
1819851 885519 284116 2494
2015626 980754 314032 2494
2418381 1176100 344409 2494
2626147 1276555 407201 2494
2838849 1378643 439694 2494
3056506 1481330 476477 2494
3276985 1585239 510174 2494
3498227 1689676 543989 2494
3718675 1795786 578336 2494
3940898 1903567 612758 2494
4168351 2011517 650360 3584
4397541 2120059 685020 3584
4625142 2228030 719477 3584
4853833 2336524 754140 3584
5082073 2445623 789522 3584
5312876 2555101 828143 3584
5544847 2665049 864043 3584
5765765 2770462 897717 3584
5980633 2873909 930567 3584
6197182 2978118 963700 3584
6417858 3082776 999565 4454
6635342 3187084 1032750 4454
6849971 3290169 1065528 4454
7064508 3393149 1100416 4454
7279426 3496156 1133257 4454
7492209 3598126 1166377 4454
7706715 3699586 1199552 4454
7923113 3801815 1234278 4454
8139855 3904251 1267104 5228
8355125 4006834 1299926 5228
8568980 4109339 1334330 5228
8782850 4211934 1367254 5228
8996732 4314354 1400413 5228
9214021 4416284 1435168 5228
9431734 4518788 1468338 5228
9649157 4621434 1502757 5918
9865341 4724811 1535722 5918
10077981 4827180 1568517 5918
10290650 4929544 1602707 5918
10503873 5032020 1635587 5918
10718746 5134071 1669540 5918
10935427 5236035 1702264 5918
11151004 5337561 1736030 6535
11364302 5439239 1769155 6535
11575265 5540546 1802896 6535
11786695 5642027 1835545 6535
11998706 5743157 1868921 6535
12210095 5843926 1902119 6535
12422022 5944943 1934420 7088
12633126 6045647 1967557 7088
12843454 6146020 2000535 7088
13051919 6246104 2032731 7088
13259638 6345928 2065694 7088
13469800 6446071 2098530 7585
13679561 6545996 2130458 7585
13887532 6645163 2162918 7585
13887532 6744857 2163660 7585
14096668 6842828 2196260 7585
14300890 6940543 2227697 7585
14504617 6940543 2259777 7990
14708283 7038236 2291814 7990
15115462 7232483 2323469 7990
15115462 7330255 2355090 7990
15320483 7428115 2386938 8355
15524406 7428115 2419030 8355
15727042 7525983 2450480 8355
15929620 7623319 2482364 8355
16133648 7720637 2514033 8686
16337865 7818004 2545700 8686
16540823 7914880 2577189 8686
16743630 8011794 2608688 8988
16945341 8108798 2640425 8988
17147241 8205869 2672197 8988
17348068 8302478 2703795 9264
17550418 8399164 2735207 9264
17753149 8495961 2766634 9264
17956090 8592878 2798107 9518
18159162 8689896 2829636 9518
18359886 8786990 2861179 9518
18560854 8883639 2892770 9752
18762277 8980364 2924405 9752
18963962 9076672 2955709 9969
19165816 9173088 2987022 9969
19367897 9269640 3018383 10171
19567875 9365793 3049800 10171
19768009 9462078 3080660 10171
19967215 9557981 3111957 10360
20168075 9654023 3143098 10360
20368117 9749699 3174088 10538
20568401 9845516 3205134 10538
20766596 9940998 3236249 10706
20965183 10036675 3267440 10865
21163115 10132042 3298504 10865
21362884 10227628 3329438 11016
21561926 10322915 3360259 11016
21758973 10417871 3391149 11163
21956834 10513070 3422160 11299
22151016 10608132 3452596 11299
22347023 10701897 3482907 11429
22542560 10795382 3513141 11556
22736576 10888727 3543528 11556
22930160 10982505 3573871 11679
23124651 11076185 3604358 11799
23318840 11169712 3634780 11917
23512639 11263077 3665131 11917
23708840 11356876 3695432 12031
23904749 11450579 3725686 12144
24098947 11544134 3756075 12257
24292648 11637541 3786411 12368
24486133 11730837 3816702 12477
24679359 11825187 3846953 12477
24873548 11918934 3877351 12585
25067636 12012485 3907713 12692
25262407 12106334 3938167 12798
25458142 12200589 3968402 12904
25653245 12294701 3998783 13011
25847893 12388499 4029262 13011
26043501 12483269 4059893 13115
26238782 12577901 4090461 13218
26433575 12672294 4120949 13321
26627895 12766438 4150783 13424
26823151 12860372 4181530 13526
27019324 12954133 4211842 13628
27212931 13047745 4242131 13730
27406076 13141220 4271795 13730
27599055 13235109 4302005 13831
27794498 13328886 4333148 13930
27989749 13422510 4363111 14029
28183346 13515994 4393404 14129
28377878 13609338 4423824 14228
28572188 13702570 4454200 14327
28767403 13795700 4484343 14426
28961065 13888744 4514622 14526
29154378 13981703 4544868 14526
29347529 14075150 4575080 14624
29541689 14168526 4605439 14721
29735507 14261794 4635742 14819
29925648 14353428 4665470 14917
30116872 14444925 4694992 15014
30308155 14536487 4724513 15111
30498240 14628121 4754253 15208
30688142 14719815 4784011 15305
30876397 14810697 4813487 15401
31066732 14903166 4843269 15497
31259298 14996745 4873394 15595
31453826 15091286 4903824 15694
31650225 15186663 4934537 15792
31849662 15282783 4965713 15891
32050611 15379579 4997117 15992
32254003 15476969 5028508 16096
32456058 15574892 5060051 16199
32660290 15673287 5091965 16303
32865410 15871285 5124013 16408
33071102 15970787 5156162 16408
33277485 16070589 5188407 16512
33484561 16170661 5221367 16721
33692112 16270959 5253178 16721
33900013 16371463 5285660 16828
34317190 16472730 5318204 16933
34317190 16574160 5351427 17037
34529114 16675690 5383465 17144
34738984 16777299 5416171 17251
34950231 16878987 5449128 17358
35161684 16980724 5482119 17465
35373119 17082491 5515116 17572
35582978 17183578 5547878 17678
35792858 17284562 5580657 17784
36002400 17385570 5613370 17891
36212039 17486654 5646104 17999
36421799 17587849 5678844 17999
36631808 17689727 5711614 18106
36842144 17792305 5744437 18213
37052690 17894400 5777301 18321
37474276 17996465 5810191 18429
37686725 18099119 5843107 18536
37899205 18201800 5876255 18643
37899205 18303623 5909422 18751
38110891 18404475 5942455 18857
38319493 18505324 5975009 18963
38528065 18606295 6007561 19070
38736892 18707375 6040160 19177
38945904 18808582 6072792 19284
39155266 18909906 6105470 19391
39364933 19011333 6138193 19391
39574778 19112847 6170959 19499
39995169 19215003 6203750 19606
40207051 19317254 6236577 19713
40207051 19419528 6269662 19819
40630080 19521811 6335084 19927
40843895 19624088 6335711 20033
41057835 19726368 6369081 20139
41270351 19828640 6402477 20246
41484009 19930913 6435835 20353
41697673 20033185 6469165 20460
41911121 20135454 6502478 20567
42124326 20237724 6535772 20675
42337511 20339995 6601648 20675
42551663 20442685 6635046 20889
42765732 20545951 6635677 20889
42979528 20649177 6669063 20997
43193216 20752302 6735123 21105
43408096 20855346 6768644 21212
43622850 20958314 6802160 21319
43837313 21061205 6835634 21427
44051574 21164021 6869073 21534
44265654 21266791 6869704 21641
44479511 21369516 6903116 21748
44693099 21472179 6936495 21855
44906573 21574777 6969836 21961
45119843 21677328 7003154 22067
45332842 21779840 7036448 22067
45545753 21882317 7069704 22173
45758654 21985326 7102934 22278
45971420 22088324 7136163 22383
46183983 22191249 7169380 22489
46396452 22294080 7201943 22596
46396452 22396802 7235118 22703
46608966 22498159 7268900 22808
46819539 22599456 7301146 22913
47030029 22700830 7334010 23018
47240725 22802297 7367521 23123
47451575 22903840 7400433 23228
47662469 23005456 7432728 23334
47873305 23107112 7465652 23440
48084291 23208822 7498589 23546
48295357 23310587 7531534 23653
48506483 23412402 7564491 23762
48717622 23514247 7597456 23871
48928759 23616138 7631047 23980
49140015 23718085 7663401 23980
49351352 23820065 7696406 24089
49562722 23922622 7729418 24197
49774254 24025792 7762436 24305
49985925 24128941 7795471 24413
50409237 24231486 7828729 24523
50622360 24333930 7861802 24631
50835476 24436911 7895059 24739
51048448 24539875 7928317 24847
51261272 24642225 7961562 24955
51474065 24745075 7994782 25063
51686792 24847919 8027993 25171
51686792 24950722 8061197 25280
52111854 25053463 8094387 25280
52325421 25156576 8127563 25388
52538986 25260213 8160901 25496
52752416 25363770 8194237 25604
52965761 25467202 8260226 25713
53181793 25570516 8260852 25820
53399105 25673721 8294568 25927
53613726 25776828 8328105 26034
53828017 25879841 8394386 26141
54043436 25982787 8427998 26248
54258519 26085655 8428628 26355
54472108 26188450 8462219 26462
54686734 26291179 8495569 26462
54901295 26393860 8529068 26568
54901295 26496970 8562554 26674
55115401 26598058 8595967 26780
55324886 26598058 8628811 26886
55535443 26799908 8661618 26991
55743622 26901247 8694045 27097
56166547 27003774 8726809 27205
56383012 27107389 8793044 27312
56601536 27211980 8827095 27419
56821652 27317428 8861411 27528
57043089 27423627 8895942 27638
57265835 27530487 8930673 27748
57489661 27637945 8965573 27859
57714315 27745909 9000619 31582
