53577 27501 9660 936
113094 92221 23114 936
257643 173499 49396 936
445937 271305 79046 936
690512 327705 115006 2097
824876 455439 135555 2097
1115567 524942 157255 2097
1270517 674773 204035 2097
1432474 754341 231335 2097
1600988 836819 257192 2097
1951092 921157 283666 2097
2133155 1007705 338821 2097
2319344 1186704 369568 2097
2509261 1278715 398673 2097
2700859 1371510 428041 3148
2895291 1465527 457840 3148
3090846 1560067 489802 3148
3288781 1655598 520133 3148
3487487 1751478 550577 3148
3688201 1848207 583141 3148
3890847 1945757 614184 3148
4093870 2043442 645280 3148
4298466 2141765 678273 3148
4710371 2240707 709829 3148
4710371 2339610 741363 4083
4918973 2439003 774404 4083
5126140 2534234 806095 4083
5322795 2627165 837594 4083
5515160 2720845 867116 4083
5709600 2815655 898158 4083
5905225 2910906 928155 4083
6301870 3007075 958512 4083
6502606 3103520 990121 4083
6703890 3200745 1052813 4831
6906871 3298134 1052813 4831
7108814 3395596 1115890 4831
7312241 3493114 1147067 4831
7517233 3591275 1179028 4831
7723691 3689479 1211165 4831
7928771 3787663 1242622 4831
8133627 3886410 1274947 5497
8339743 3985133 1307421 5497
8544443 4084360 1338850 5497
8748943 4182966 1371031 5497
8954830 4281440 1403377 5497
9160684 4379854 1435693 5497
9366314 4478801 1467229 5497
9571707 4577700 1499462 6092
9778386 4676483 1531854 6092
9983751 4774649 1564020 6092
10188895 4873317 1596149 6092
10393873 4971983 1628242 6092
10600046 5070570 1659449 6625
10806165 5169085 1691306 6625
11009691 5267538 1723159 6625
11212996 5365394 1755010 6625
11417743 5463172 1787057 6625
11622541 5560956 1819099 6625
11828379 5659216 1851297 7104
12034040 5757481 1883465 7104
12238384 5855712 1915413 7104
12442587 5953921 1947333 7104
12646699 6052101 1979245 7104
12850806 6150261 2011144 7536
13054942 6248381 2011755 7536
13257853 6345958 2043032 7536
13257853 6443516 2074735 7536
13460859 6541155 2106445 7891
13660087 6637039 2137570 7891
13859499 6732952 2168710 7891
14058109 6828531 2199728 7891
14257198 6924319 2230826 8213
14456736 7020349 2261994 8213
14656848 7116062 2293238 8213
14856184 7211964 2324369 8507
15055862 7308097 2355562 8507
15255993 7404433 2386818 8507
15656613 7500423 2417948 8777
15656613 7596588 2449362 8777
16060031 7693388 2480865 8777
16262205 7789806 2512161 9025
16262205 7886353 2543705 9025
16464794 7983059 2575316 9025
16866877 8079380 2606787 9254
16866877 8175838 2638086 9254
17069117 8271933 2669642 9467
17270506 8368193 2701073 9467
17472067 8464645 2732547 9467
17672662 8560718 2763863 9665
17873567 8656947 2795210 9665
18073633 8753374 2826433 9850
18274010 8849953 2857718 9850
18473492 8945651 2888856 10025
18673413 9042074 2920057 10025
18872613 9138202 2951150 10190
19072197 9234484 2982313 10347
19271012 9330403 3012761 10347
19470416 9426503 3044474 10496
19669129 9522275 3075492 10639
19868313 9617699 3105995 10639
20066730 9713347 3136980 10778
20264398 9808706 3167843 10778
20462700 9904300 3198798 10911
20660416 9999618 3229663 11040
20857356 10094634 3260417 11040
21055003 10189381 3291268 11166
21252361 10284492 3322045 11286
21445793 10377791 3352760 11403
21638419 10470829 3382861 11403
21833469 10563789 3412876 11519
22028473 10657254 3442878 11632
22223099 10750674 3472865 11743
22414038 10842946 3503030 11854
22606531 10936080 3533035 11963
22802529 11030821 3563526 12072
23000488 11126498 3594326 12182
23199949 11222939 3625386 12182
23400828 11320048 3656676 12292
23806221 11417756 3688165 12401
23806221 11516012 3719835 12510
24216977 11614737 3751874 12621
24424179 11713885 3784048 12730
24632097 11813966 3848714 12839
24840514 11914385 3881179 12948
25049303 12015042 3913096 13058
25258492 12115900 3946311 13167
25468069 12216939 3978974 13276
25677917 12318146 4011705 13386
25888016 12419499 4044475 13386
26098438 12520964 4077284 13496
26310405 12622535 4110335 13605
26522643 12724215 4143432 13714
26734886 12825988 4175913 13825
26947260 12927842 4209666 13935
27159756 13030345 4242814 14045
27372226 13132934 4275343 14156
27584658 13235527 4308499 14267
27797187 13338091 4341661 14377
28011027 13440657 4375648 14487
28223710 13543227 4408205 14598
28436247 13645803 4441384 14598
28650172 13748369 4475387 14816
28865506 13850958 4508349 14816
29079543 13953555 4541768 14925
29293455 14056152 4575355 15034
29508637 14158744 4608927 15142
29722821 14261894 4642341 15250
29933359 14364720 4675201 15358
30143803 14465951 4708028 15466
30354496 14567139 4740887 15574
30565371 14669020 4773779 15682
30776319 14771021 4806695 15790
30987420 14872543 4839633 15898
31198715 14974667 4872594 16006
31410086 15076896 4905585 16115
31621550 15179151 4938604 16115
31833163 15280918 4971631 16224
32046204 15383216 5004873 16332
32259344 15485576 5038134 16440
32472389 15588516 5071393 16549
32685574 15691456 5104666 16657
32898649 15794367 5137923 16765
33111562 15897225 5171167 16874
33324473 16000024 5204406 16983
33537389 16102788 5237635 17092
33750204 16205512 5270848 17201
33962840 16308201 5304049 17311
34175436 16410843 5337235 17421
34388044 16513452 5370416 17530
34601890 16616048 5403790 17530
34815657 16718636 5437164 17639
35029411 16821216 5470532 17747
35243042 16924336 5503874 17855
35456509 17027440 5537196 17963
35669742 17130482 5570496 18072
35882967 17233450 5603788 18179
36096219 17336361 5637078 18286
36309393 17439230 5670358 18394
36522420 17542054 5703619 18502
36735417 17644836 5736872 18609
36948391 17747576 5770119 18716
37161263 17850285 5803357 18824
37374021 17952959 5836580 18824
37588114 18055585 5869998 18930
37802237 18158198 5903418 19036
38016119 18261361 5936809 19142
38229726 18364512 5969525 19248
38440310 18467516 6003017 19353
38650698 18569072 6035858 19458
38861232 18670578 6068732 19564
39071915 18772169 6101002 19670
39282797 18873846 6134545 19776
39493784 18975594 6167484 19882
39704879 19077412 6199815 19989
39916106 19179306 6232800 20095
40127573 19281253 6266441 20201
40339220 19383268 6299483 20201
40550944 19485346 6331910 20308
40764067 19587458 6365189 20414
40977414 19689591 6399108 20520
41190745 19791772 6431972 20626
41403944 19894563 6465278 20734
41617249 19996865 6498575 20841
41831884 20099709 6532059 20948
42045249 20202586 6565545 21055
42258445 20305430 6598835 21163
42471568 20408228 6632280 21270
42685985 20510986 6665715 21377
42900402 20613718 6699136 21486
43113455 20716435 6732373 21595
43327720 20819133 6765785 21704
43541962 20921794 6799191 21813
43756051 21024447 6832594 21925
43969931 21127090 6865968 21925
44185123 21332322 6899540 22035
44400208 21332322 6933095 22144
44616122 21436095 6966785 22253
44831853 21643214 7000453 22362
45047309 21747148 7034068 22471
45262420 21747148 7067632 22580
45477187 21850982 7101161 22689
45691833 21954162 7134666 22797
45906352 22057758 7168142 22905
46120613 22161298 7201584 23014
46334680 22264732 7235001 23014
46550003 22368057 7268603 23122
46764935 22471280 7302144 23230
46975836 22574351 7335068 23336
47186430 22676019 7335694 23443
47394679 22777102 7368569 23548
47605142 22877796 7433283 23654
47818027 22979616 7466515 23762
48033146 23186652 7500095 23871
48250313 23291637 7533987 23980
48469271 23397465 7568154 24089
48689844 23504044 7602579 24200
48911829 23611277 7637227 24310
49135269 23719106 7672093 24420
49361242 23827460 7707354 24533
49586904 23936280 7742587 24646
49813488 24045502 7778153 24758
50042280 24155682 7813847 24870
50271802 24266207 7849653 24985
50501820 24376411 7885534 25099
50732366 24487391 7921489 25213
50963259 24598586 7957503 25329
51194392 24709920 7993567 25444
51425883 24821365 8029687 25559
51657690 24932923 8065845 25674
51889703 25044594 8102055 25674
52121947 25156363 8138300 25789
52354449 25268226 8174585 25903
52587134 25380164 8210894 26017
52819987 25492156 8247235 26131
53052905 25604186 8283589 26244
53287322 25716263 8320170 26357
53521807 25828384 8356768 26473
53755038 25940542 8393171 26588
53989605 26052728 8429775 26703
54224251 26165501 8466388 26820
54458809 26278203 8503007 26937
54694382 26391418 8539772 27054
54929963 26504598 8576532 27171
55165393 26617700 8613275 27288
55400596 26730724 8649985 27404
55635710 26843679 8686678 27520
55870684 26956356 8723353 27520
56105005 27067807 8759926 27636
56336529 27179185 8796069 27751
56568046 27290655 8832208 27866
56799783 27402235 8868382 27983
57031722 27513905 8904586 28100
57263980 27625670 8941034 28217
57497816 27737531 8977540 30054
57730636 27849476 9013885 32334
