25026 58500 7027 1427
49342 90577 23675 1427
203826 166395 39520 2533
374215 253995 60755 2533
474755 304535 89483 2533
708405 418953 124767 2533
982570 553269 144866 2533
1130435 626790 188933 2533
1285706 703179 215527 2533
1448139 782717 240296 2533
1788079 948644 265789 3567
1965886 1035171 319304 3567
2146532 1123062 346900 3567
2331243 1212737 377751 3567
2503421 1296925 404122 3567
2672259 1379558 429991 3567
2845528 1464089 456530 3567
3210010 1550159 485969 3567
3398444 1638173 513959 3567
3588763 1818902 542570 4391
3781923 1911201 600889 4391
3976432 2004210 632437 4391
4173467 2098394 662465 4391
4371418 2193078 692653 4391
4571475 2288740 724926 4391
4773598 2385337 755778 4391
4976114 2482166 786700 4391
5180255 2579726 819491 5125
5385923 2677387 851148 5125
5590266 2775049 882440 5125
5795908 2873329 915386 5125
6002968 2972237 947063 5125
6209446 3071689 980227 5125
6418425 3171459 1012184 5780
6627196 3271064 1045356 5780
6836808 3371065 1077405 5780
7043512 3470880 1110368 5780
7252147 3571066 1142441 5780
7461921 3670898 1175576 5780
7672661 3770960 1207954 6366
7883737 3871236 1241447 6366
8096703 3972349 1275150 6366
8308591 4073191 1307516 6366
8520967 4174284 1340884 6366
8732546 4275068 1373201 6366
8943111 4376125 1406457 6892
9155775 4477262 1439767 6892
9367659 4578065 1472108 6892
9576352 4678525 1504961 6892
9785657 4779268 1537881 6892
9994506 4879745 1570703 7365
10203776 4979932 1602819 7365
10412279 5079747 1635564 7365
10623112 5179715 1668399 7365
10833213 5279471 1701118 7365
11037459 5377482 1733067 7753
11241040 5475244 1764243 7753
11443286 5572413 1795882 7753
11646956 5670188 1827517 8104
11849568 5768038 1859189 8104
12053613 5865897 1891086 8104
12256594 5963223 1922812 8104
12459600 6060553 1954535 8424
12662662 6157939 1986277 8424
12864542 6254829 2017819 8424
13066517 6351766 2049370 8717
13268684 6448799 2080959 8717
13471052 6545930 2112393 8717
13672448 6642609 2143848 8717
13874107 6739364 2175353 8985
14076037 6836241 2206902 8985
14276901 6932696 2237685 9231
14477999 7029254 2269109 9231
14678275 7125421 2300984 9231
14880192 7222315 2332534 9459
15082220 7319231 2363489 9459
15283164 7415702 2394891 9671
15485777 7512862 2426530 9671
15687489 7609634 2458026 9869
15889386 7706485 2489551 9869
16090211 7802895 2520916 10056
16291381 7899423 2552327 10056
16492867 7996101 2583779 10231
16693346 8092380 2615091 10231
16892845 8188239 2646247 10399
17092797 8284254 2677463 10399
17291925 8379932 2708547 10557
17491424 8475806 2739699 10557
17690123 8571346 2770727 10708
17889328 8667091 2801816 10853
18087756 8762516 2832777 10853
18285279 8857574 2863614 10993
18483271 8952865 2894530 11129
18680881 9047886 2895116 11129
18875271 9142733 2925959 11257
19070093 9236578 2956303 11380
19264537 9330171 2986736 11502
19458608 9423610 3016530 11502
19652345 9516924 3047411 11620
19846989 9610684 3077666 11735
20041220 9704329 3107477 11850
20235049 9797821 3137809 11850
20428703 9891194 3168080 11962
20622097 9985007 3198895 12072
20816404 10078731 3228517 12181
21010517 10172298 3258865 12290
21204239 10265701 3289172 12397
21397604 10358978 3319410 12503
21590645 10452148 3349600 12503
21783355 10545203 3379752 12610
21975920 10638713 3409848 12716
22169564 10732151 3439912 12820
22363030 10825454 3470133 12924
22556109 10918638 3500335 13028
22748954 10918638 3530486 13131
22941606 11011716 3560592 13234
23134023 11104699 3590669 13337
23134023 11197610 3620726 13337
23518365 11383259 3650751 13440
23711701 11477161 3680756 13541
23906223 11571020 3710936 13642
24099266 11571020 3741114 13744
24291899 11757214 3771240 13846
24484482 11850703 3801321 13947
24484482 11944132 3831384 14048
24678165 12037454 3861624 14048
25062522 12037454 3891662 14150
25255861 12223777 3921650 14251
25450444 12317381 3951828 14351
25644807 12410920 3982201 14451
25837718 12504340 4012563 14552
26031715 12597658 4042690 14651
26225595 12690876 4072972 14750
26225595 12690876 4103236 14849
26419046 12783991 4133423 14948
26608062 12875181 4162374 14948
26796752 12966211 4191834 15046
26985501 13057301 4221296 15144
27174366 13148493 4250778 15242
27361450 13238787 4280013 15343
27742151 13423203 4310133 15443
27937121 13517355 4340060 15543
28134089 13612411 4370314 15644
28331373 13708261 4400864 15747
28531522 13804796 4462358 15849
28733013 13901937 4493839 15951
28936651 14000088 4525657 16055
29141231 14098727 4557621 16160
29346627 14197750 4589697 16265
29552687 14297106 4621873 16370
29759284 14396779 4654148 16476
29966318 14496703 4686487 16582
30173884 14596861 4718897 16687
30381935 14697828 4751378 16793
30590408 14799003 4783924 16902
30799097 14899769 4816515 17010
31009522 15001203 4849166 17118
31220323 15102791 4882066 17227
31431154 15204458 4915007 17337
31642070 15306182 4947959 17337
31853126 15407952 4980920 17446
32064212 15509773 5013885 17555
32275319 15611625 5046855 17665
32486381 15713497 5079820 17775
32697587 15815409 5112803 17884
32908898 15917360 5145801 17993
33120154 16019329 5178804 18103
33331470 16121317 5211803 18211
33542969 16223867 5244823 18318
33755819 16326457 5278059 18426
33968672 16429025 5311297 18534
34181554 16531554 5344527 18641
34394377 16634045 5377744 18748
34607119 16736511 5410952 18748
34819056 16838681 5444038 18856
35027960 16939462 5476653 18962
35236915 17040237 5509269 19068
35446164 17141739 5541948 19175
35655691 17242859 5574668 19282
35865535 17344055 5607437 19387
36077046 17446559 5640457 19492
36288818 17549170 5673522 19599
36500623 17651242 5706409 19705
36712606 17753847 5739519 19811
36926005 17856485 5772666 19918
37138232 17959098 5805821 19918
37350328 18061149 5838335 20025
37563805 18163726 5872111 20131
37777327 18266342 5905461 20237
37990695 18368932 5938184 20344
38202795 18471491 5971348 20451
38416195 18574020 6005311 20558
38629642 18676529 6038659 20666
38842941 18779025 6071353 20775
39056151 18881502 6104666 20882
39270701 18984535 6138796 20989
39485124 19087536 6171647 21096
39699242 19190462 6205100 21203
39913299 19293334 6238539 21203
40127219 19396143 6271946 21417
40340947 19498897 6305319 21417
40554400 19601590 6338654 21525
40767746 19704224 6371976 21632
40980979 19806823 6405272 21739
41194052 19909392 6438542 21847
41406925 20011922 6471792 21955
41619745 20114418 6505023 22062
41832533 20216894 6538242 22169
42045224 20319922 6571460 22277
42257884 20422413 6604673 22384
42471875 20525390 6637872 22491
42685749 20628329 6671252 22599
42899442 20731194 6704629 22709
43112886 20833990 6737798 22709
43326165 20936688 6771111 22818
43536006 21037828 6803908 22926
43745589 21138912 6836679 23035
43955421 21240100 6869483 23143
44165542 21341406 6902322 23251
44375855 21442815 6935181 23359
44586276 21544296 6968060 23467
44796836 21645849 7000962 23573
45008981 21748044 7033899 23679
45221270 21850317 7067050 23786
45433460 21952590 7100214 23893
45645648 22054846 7133367 24000
45857806 22157077 7166510 24107
46069829 22259308 7199647 24107
46281803 22361539 7232766 24215
46493732 22463749 7265872 24322
46705657 22565950 7298965 24429
46917517 22668144 7332051 24536
47129245 22770323 7365127 24643
47341080 22872509 7398210 24749
47552954 22974694 7431296 24855
47764775 23076880 7464392 24962
47976639 23179066 7497482 25069
48188537 23281815 7530574 25175
48401768 23384572 7563869 25281
48615113 23487300 7597176 25389
48828154 23589942 7630271 25496
49041262 23692545 7663556 25603
49254296 23795679 7696853 25710
49467120 23898259 7730125 25710
49679856 24000744 7763369 25817
49892592 24103757 7796600 25923
50105250 24206754 7829829 26029
50317822 24309166 7863046 26136
50530327 24411483 7895614 26243
50744127 24514339 7929423 26350
50957894 24617192 7962816 26457
51171211 24719863 7996162 26565
51384463 24823037 8028858 26672
51599009 24926756 8063003 26778
51814348 25030232 8096002 26884
52024900 25132385 8128909 26989
52237947 25234394 8162185 26989
52451202 25336425 8195481 27199
52664358 25438482 8228763 27199
52877372 25540559 8261852 27305
53090333 25642653 8295126 27410
53303211 25744764 8328394 27515
53515937 25846887 8361644 27621
53728529 25949016 8394872 27727
53941086 26051141 8428086 27832
54153604 26153282 8461284 27937
54366044 26255438 8494482 28043
54578418 26357598 8527668 28148
54790877 26460334 8560853 28253
55004280 26563095 8594183 28358
55218927 26666214 8627512 28464
55433473 26769285 8660823 28569
55647841 26872272 8694312 28674
55861948 26975186 8727780 28780
56075693 27078029 8761201 28780
56289269 27180792 8794588 28885
56502716 27283494 8827946 28989
56715989 27386147 8861274 29093
56929004 27488746 8894569 29198
57141902 27591292 8927836 29302
57354737 27693802 8961084 29406
57567417 27796283 8994310 31113
57779871 27898725 8994944 33114
