45934 90614 17062 875
143170 132060 24665 875
361851 219887 52150 875
465307 271248 81595 875
707936 391102 118719 875
844668 458657 142397 1730
1140384 605487 164722 1730
1295768 683045 211502 1730
1457962 762902 236339 1730
1800717 845476 264627 1730
1979906 1017904 291310 1730
2161858 1106539 318754 1730
2347803 1196892 375107 1730
2537428 1288835 406379 2500
2731476 1382185 436101 2500
2926838 1475423 465839 2500
3124713 1569750 495946 2500
3324933 1665177 528453 2500
3527203 1761574 559261 2500
3933499 1858225 590133 2500
4140339 1956313 623275 3188
4348643 2054951 654831 3188
4555366 2154173 686597 3188
4762987 2252780 718136 3188
4971779 2351818 751508 3188
5178953 2451396 783389 3188
5387008 2551464 816765 3803
5597578 2651942 848739 3803
5806541 2752194 880862 3803
6016204 2851661 914139 3803
6225047 2951465 946119 3803
6436222 3152210 979511 3803
6648330 3152210 1011730 4355
6859703 3353625 1045296 4355
7069057 3353625 1077548 4355
7277720 3454480 1110832 4355
7488740 3555064 1142875 4355
7699361 3655356 1176116 4851
7910555 3755398 1208210 4851
7910555 3855771 1241186 4851
8117404 3955414 1272904 4851
8319785 4053046 1304866 4851
8523230 4151082 1336957 5262
8726873 4249151 1368193 5262
8930703 4347219 1400285 5262
9135638 4445302 1432506 5262
9548226 4543237 1464722 5633
9548226 4641166 1496132 5633
9755710 4739690 1528494 5633
9960641 4838214 1560633 5633
10165243 4936694 1592733 5971
10369778 5035118 1624802 5971
10574400 5133511 1656856 5971
10779025 5231880 1688225 6279
10983584 5330217 1720268 6279
11188143 5428515 1752296 6279
11391541 5526262 1784126 6561
11594906 5623971 1815942 6561
11798413 5721700 1847773 6561
12000714 5818924 1879415 6561
12203293 5916198 1911077 6820
12409028 6013567 1942987 6820
12613418 6111044 1974252 7058
12817664 6209012 2006143 7058
13022058 6307051 2038662 7279
13225246 6404554 2069767 7279
13428423 6502059 2101498 7279
13630453 6599072 2133046 7485
13832706 6696141 2164618 7485
14033945 6792784 2196028 7678
14235393 6889522 2227480 7678
14435841 6985863 2258782 7860
14636655 7082346 2290131 7860
14836660 7178472 2321355 8031
15036954 7274756 2352638 8031
15236376 7370686 2383785 8194
15436359 7466797 2415005 8348
15635565 7562573 2446106 8348
15835243 7658554 2477279 8495
16034151 7754217 2508340 8495
16232663 7849689 2539322 8633
16428824 7944097 2569938 8765
16624278 8038216 2600459 8765
16819196 8132152 2630896 8894
17015022 8226467 2661467 9019
17210563 8320654 2691989 9141
17405641 8414679 2722457 9141
17600334 8508551 2752279 9262
17795991 8602825 2782831 9380
17991445 8697516 2813913 9496
18187709 8792033 2844369 9611
18382490 8885852 2874188 9611
18578161 8980026 2904756 9724
18774907 9074643 2935472 9835
18971275 9169115 2966125 9945
19167106 9263389 2996540 10055
19362456 9357477 3026883 10164
19557505 9451394 3057375 10164
19753409 9545707 3088012 10270
19949044 9639893 3118609 10376
20144254 9733904 3149143 10482
20339121 9827756 3179611 10586
20533603 9921463 3210009 10690
20727702 10015041 3240350 10795
20921438 10108501 3270637 10795
21114942 10202381 3300877 10899
21309547 10296178 3331273 11001
21503916 10389848 3361643 11103
21697986 10483403 3391970 11206
21891820 10576839 3422250 11308
22085457 10670179 3452490 11409
22278876 10763435 3482691 11510
22471985 10856610 3512858 11611
22664899 10949697 3542996 11611
22858949 11043270 3573108 11710
23052854 11136799 3603383 11808
23246415 11230225 3633632 11907
23439707 11323548 3663841 12006
23632852 11416786 3694013 12104
23825756 11509945 3694581 12202
24018608 11603073 3724723 12299
24207519 11694414 3754279 12396
24396370 11785699 3783783 12492
24585419 11877098 3813324 12588
24774690 11968625 3842897 12684
24962189 12059420 3872494 12782
25151903 12151254 3930947 12880
25344001 12244228 3960983 12978
25538208 12338847 3991357 13077
25734300 12434404 4022026 13177
25932214 12530733 4052965 13276
26133153 12627745 4084355 13375
26335487 12725364 4115961 13475
26538853 12823510 4147735 13575
26743172 12922111 4179653 13675
26948357 13021097 4211698 13775
27154274 13120460 4243860 13877
27360810 13220169 4276127 13979
27567907 13320165 4308478 14081
27775629 13420429 4340912 14183
27983876 13521511 4373434 14287
28192575 13622287 4406023 14391
28401605 13723182 4438669 14495
28611132 13824248 4471378 14599
28820992 13926046 4504153 14599
29031126 14027472 4536973 14704
29452391 14231116 4569825 14808
29452391 14231116 4602731 14912
29664725 14333967 4635701 15017
30087717 14537734 4668706 15123
30302367 14640856 4701744 15227
30517196 14744060 4735247 15331
30730632 14847209 4768791 15436
30945303 14950287 4802122 15541
31159999 15053312 4835632 15646
31374415 15053312 4869144 15752
31588606 15156286 4902625 15860
31802713 15259193 4936065 15967
32016680 15362054 4969490 16074
32016680 15464868 5002893 16182
32229784 15567340 5036157 16182
32439829 15668508 5068952 16289
32649881 15769629 5101744 16396
32860148 15870877 5134575 16503
33281237 15972263 5167433 16611
33493498 16073733 5200317 16717
33705920 16175877 5233446 16823
33918303 16278122 5266603 16930
34130727 16380394 5299759 17037
34343214 16482684 5332917 17143
34555711 16584984 5366083 17249
34768190 16687311 5399259 17355
34980683 16789666 5432432 17461
35193177 16892012 5465603 17567
35405676 16994366 5498776 17673
35618061 17096733 5531951 17780
35830472 17199107 5564480 17780
36042929 17301469 5597647 17992
36255390 17403840 5631448 17992
36467745 17506222 5663981 18100
36680263 17710984 5697147 18208
36894171 17813952 5730327 18314
37108155 17916947 5763718 18420
37321957 17916947 5797123 18527
37535622 18019892 5830500 18634
37749140 18122761 5863851 18741
37962484 18225580 5897178 18849
38175726 18328360 5930496 18958
38389006 18431103 5963794 19066
38602209 18533819 5997084 19174
38815413 18636517 6030365 19282
39028544 18739197 6063648 19282
39241796 18944519 6096931 19389
39454958 19047732 6130220 19604
39668068 19047732 6163503 19604
39881154 19253527 6196781 19714
40095625 19356623 6230053 19822
40310108 19459719 6263531 19930
40524387 19562770 6297013 20039
40524387 19562770 6330464 20147
40738420 19665712 6363867 20254
40949159 19767592 6396759 20362
41159771 19869368 6429645 20471
41581341 19970688 6462541 20471
41793852 20072057 6495466 20689
41793852 20174127 6528432 20689
42218192 20276317 6561452 20800
42431262 20378044 6594490 20911
42645803 20480991 6627562 21020
42860355 20584029 6661077 21129
43073513 20687010 6694622 21239
43287862 20789937 6727950 21348
43502149 20892819 6761444 21457
43716142 20995666 6794929 21567
43930019 21098463 6828381 21676
44143915 21201222 6861628 21676
44357752 21406686 6895061 21784
44571557 21509961 6928504 21892
44785297 21509961 6961936 22000
45000452 21613214 6995355 22106
45215568 21716412 7028982 22212
45430369 21819553 7062603 22319
45645022 21922634 7096177 22426
45859506 22025655 7129716 22533
46073693 22128603 7163214 22640
46287671 22231489 7196684 22748
46501656 22334330 7230113 22855
46715556 22437128 7263532 22962
46929290 22539895 7296939 23070
47142774 22642630 7330318 23178
47356122 22745325 7363654 23286
47569370 22847976 7396970 23394
47569370 22950609 7430276 23394
47995425 23053223 7463566 23504
48208467 23155820 7496827 23613
48422790 23258399 7530096 23721
48637120 23361546 7563370 23829
48851335 23464700 7596008 23937
49065466 23567796 7629281 24044
49065466 23670814 7662749 24151
49279278 23773715 7696177 24258
49490289 23875426 7729170 24365
49701099 23977029 7762123 24472
49912037 24078684 7795084 24579
50123087 24180429 7828064 24686
50334241 24282252 7861067 24686
50545610 24384135 7894095 24793
50757177 24486087 7927142 24900
50968805 24588090 7960203 25007
51180452 24690141 7993271 25114
51605401 24792218 8026348 25219
51605401 24894904 8059441 25324
51818683 24997625 8092749 25432
52243936 25100333 8125878 25539
52243936 25202994 8159196 25646
52457223 25305625 8192513 25753
52670385 25408223 8225812 25861
52883384 25510796 8259088 25968
53096368 25613342 8292353 26075
53309303 25715882 8325610 26183
53522177 25818418 8358860 26291
53734970 25920933 8392095 26291
53947806 26023440 8425323 26399
54160611 26126500 8458556 26507
54586256 26331538 8491800 26616
54800576 26435193 8525037 26723
55016208 26435193 8558489 26830
55230532 26538872 8591959 26937
55444602 26641926 8625409 27043
55659875 26744842 8658830 27149
55659875 26848265 8692236 27256
56088692 26951658 8725830 27364
56303410 27054964 8759212 27471
56518050 27158172 8792556 27578
56732492 27261301 8826080 27578
56946728 27364356 8859595 27686
57160924 27467345 8892901 27794
57376312 27570284 8926385 27900
57591604 27673742 8960065 28006
57591604 27777168 8993090 33133
