24422 60251 6711 1831
74947 131956 16339 1831
188596 172342 31487 1831
450988 262994 66196 1831
566917 375490 100110 1831
830848 439899 119667 1831
976771 582295 163219 2994
1130821 658486 189394 2994
1452200 737865 213558 2994
1620524 818226 238728 2994
1794549 986433 291797 2994
1973469 1073946 319478 2994
2156697 1163385 350324 2994
2343897 1254527 379208 2994
2724692 1346390 408342 2994
2918899 1439399 437866 2994
3115738 1533660 470096 4037
3314932 1628987 500382 4037
3513477 1724651 530997 4037
3713760 1820571 561504 4037
3915798 1917301 594329 4037
4119599 2014823 625350 4037
4323540 2112476 687704 4037
4528702 2210749 721072 4037
4735127 2309616 721072 4037
4930073 2404377 751072 4037
5120376 2496631 781851 4869
5312808 2589755 811324 4869
5505241 2683440 870807 4869
5700275 2872828 902455 4869
5897827 2969027 933000 4869
6096178 3065488 963638 4869
6296489 3162716 995892 4869
6498782 3260091 1027072 5610
6701387 3358128 1059522 5610
6905458 3456223 1090729 5610
7108379 3554299 1123091 5610
7312663 3652943 1154502 5610
7516956 3751557 1186987 5610
7722551 3850670 1218568 5610
7927946 3949702 1251143 6272
8134519 4049189 1283823 6272
8340956 4148048 1315503 6272
8547042 4246732 1347859 6272
8752806 4345898 1380324 6272
8958328 4444980 1411883 6272
9165015 4543947 1444252 6272
9371506 4643368 1476759 6864
9577654 4742665 1508411 6864
9783510 4841282 1540602 6864
9989129 4940337 1572930 6864
10194536 5039322 1605228 6864
10399724 5138190 1637462 7395
10606143 5236953 1668944 7395
10812404 5335097 1701302 7395
11017204 5433156 1733442 7395
11221717 5531774 1765518 7395
11426132 5630357 1797551 7395
11630445 5728872 1829567 7872
11834704 5827309 1861549 7872
12038844 5925138 1893316 7872
12242969 6022917 1925073 7872
12447120 6120709 1956202 7872
12651155 6218512 1987974 8302
12855216 6218512 2019948 8302
13058244 6316384 2051306 8302
13258154 6412888 2082624 8302
13458065 6605997 2113984 8656
13658381 6605997 2145387 8656
13857835 6702762 2176637 8656
14057601 6799112 2207928 8977
14257750 6895580 2239268 8977
14458200 6992197 2270454 8977
14657793 7088405 2301680 8977
14857717 7184746 2332977 9271
15057922 7281260 2364314 9271
15257254 7377910 2395511 9271
15457022 7474149 2426754 9540
15658651 7570518 2458071 9540
15858305 7667073 2489259 9540
16058114 7763255 2520483 9787
16259815 7859555 2551772 9787
16460701 7956032 2582934 10015
16661739 8052137 2614150 10015
16860717 8148383 2644642 10015
17061420 8244266 2675799 10228
17262647 8340315 2707617 10228
17462948 8436574 2738132 10425
17663495 8532495 2769311 10425
17863215 8628582 2800360 10611
18063262 8724328 2831470 10611
18262518 8820274 2862453 10786
18462003 8915869 2863050 10786
18660709 9011125 2894098 10953
18859869 9106614 2925037 11112
19058300 9201844 2955875 11112
19255886 9297313 2986793 11264
19454010 9392501 3047922 11264
19651530 9487945 3048502 11409
19849702 9583131 3079499 11549
20047225 9678039 3110414 11549
20244065 9773231 3141216 11685
20441645 9868180 3172101 11816
20638723 9963404 3202908 11943
20835306 10058404 3233816 11943
21026403 10153219 3264623 12066
21218075 10245403 3294552 12183
21409745 10338482 3324584 12183
21601240 10431558 3354611 12298
21791022 10524068 3384601 12413
21984195 10616547 3414405 12526
22179553 10710002 3444515 12637
22376743 10805038 3475164 12748
22575428 10900955 3506100 12858
22777028 10997576 3568054 12858
22979923 11192673 3599610 13078
23183699 11291005 3631539 13078
23388400 11389782 3663430 13190
23593885 11489522 3695637 13300
23800050 11589618 3727955 13410
24006898 11689983 3760365 13521
24214207 11790562 3792845 13632
24422090 11891321 3825390 13742
24631707 11992260 3857988 13852
24841777 12093359 3890651 13852
25051986 12194583 3923355 13962
25262436 12296496 3956307 14070
25473057 12398517 3989290 14177
25683758 12500581 4022289 14286
25894546 12602663 4055293 14395
26105530 12704778 4088309 14503
26316681 12806931 4121343 14611
26527941 12909116 4154389 14719
26739232 13011306 4187436 14826
26951990 13113515 4220492 14933
27164856 13215753 4253562 15041
27377577 13317998 4286632 15148
27590222 13420241 4319899 15254
27802909 13523070 4353180 15360
28016838 13625927 4386461 15360
28229514 13728730 4419720 15468
28442034 13831491 4452960 15575
28655809 13934215 4486186 15682
28869519 14036899 4519407 15789
29081774 14139277 4552600 15897
29294564 14240414 4585698 16004
29504677 14341509 4618368 16111
29714576 14442718 4651034 16219
29924580 14544047 4683728 16328
30134799 14645471 4716461 16436
30346612 14747008 4749238 16544
30558675 14848634 4782058 16653
30770726 14950269 4814889 16761
30982676 15051964 4847749 16868
31194619 15154307 4880844 16976
31406598 15256184 4913963 16976
31618545 15358069 4947077 17085
31830603 15460522 4980191 17193
32042590 15563024 5013508 17301
32254579 15665522 5046640 17410
32466521 15767993 5079748 17518
32678568 15870467 5113064 17626
32890690 15972949 5146400 17735
33102816 16075438 5178899 17846
33314988 16177915 5212022 17956
33528575 16280943 5245966 18066
33742158 16383971 5279295 18176
33955516 16486402 5311956 18286
34168789 16588768 5345246 18395
34382065 16691714 5379353 18504
34595308 16795231 5412203 18615
34808483 16897716 5445667 18615
35021673 17001243 5479113 18724
35234834 17104763 5512527 18833
35447890 17208164 5545920 18942
35660756 17311441 5579278 19051
35873649 17414634 5612621 19159
36087778 17517734 5645937 19267
36301889 17620746 5679234 19376
36515750 17723688 5712524 19484
36729501 17826561 5745797 19592
36943099 17929384 5779248 19701
37156446 18032148 5812500 19811
37369655 18134839 5845709 19811
37582699 18237491 5879099 20027
37795653 18340598 5912457 20027
38005013 18441695 5945257 20137
38214328 18543253 5978036 20247
38423923 18644947 6010843 20357
38633764 18746726 6043686 20467
38843855 18848580 6076559 20578
39054153 18950501 6109463 20688
39264776 19052485 6142404 20798
39476915 19154527 6175374 20908
39689150 19256599 6208359 21018
39901387 19358705 6241353 21127
40113633 19460863 6274557 21236
40325940 19563617 6307794 21236
40538222 19666393 6341023 21346
40750589 19769138 6374250 21455
40964297 19871851 6407465 21564
41178040 19974545 6440687 21673
41390387 20077191 6473894 21782
41602668 20179818 6507102 21890
41817746 20282442 6540308 21998
42032827 20385051 6573513 22107
42247643 20487631 6606710 22215
42462205 20590204 6639905 22323
42676617 20692777 6673298 22433
42890875 20795341 6706516 22543
43104920 20897892 6739719 22543
43318890 21001000 6773113 22652
43532616 21104076 6806501 22761
43746087 21207079 6839854 22871
43959384 21310012 6873184 22981
44172627 21412891 6906489 23091
44385783 21515725 6939786 23201
44598863 21618517 6973066 23310
44813173 21721262 7006342 23417
45027477 21823989 7039812 23524
45241644 21926699 7073277 23633
45455600 22029371 7106535 23741
45669466 22132581 7139968 23849
45883308 22235789 7173600 23849
46096954 22338839 7206579 23957
46310301 22440007 7239939 24065
46519576 22541043 7272782 24172
46728787 22642775 7305594 24279
46938267 22744125 7338439 24386
47145976 22845094 7370940 24494
47356056 22947769 7404623 24602
47568657 23051605 7438079 24711
48000432 23156435 7471868 24822
48220646 23262114 7505948 24933
48442513 23368563 7540295 25044
48665692 23475695 7574879 25156
48890007 23583422 7609659 25268
49115429 23691671 7644630 25380
49341763 23800393 7679778 25492
49568851 23909542 7715287 25606
49796765 24019054 7750729 25719
50025313 24129461 7786479 25832
50254345 24240162 7822335 25945
50483883 24351063 7858254 26058
50713966 24462122 7894228 26171
50944388 24573334 7930268 26285
51175074 24684678 7966353 26400
51406022 24796125 8002465 26514
51637306 24907669 8038613 26628
51868807 25019299 8074799 26743
52100532 25131014 8111015 26857
52333859 25242795 8147250 26971
52567341 25354645 8183519 26971
52800792 25466552 8219804 27086
53034215 25578499 8291711 27201
53267745 25690495 8328253 27315
53501299 25802528 8328950 27430
53734828 25914609 8401187 27547
53968414 26026722 8437746 27662
54202015 26139446 8474316 27777
54435489 26252203 8510861 27893
54668920 26364910 8547390 28008
54902443 26477573 8583920 28123
55135985 26590216 8620446 28239
55369482 26702818 8621139 28355
55603498 26815138 8657565 28470
55837120 26926588 8729359 28586
56070367 27038465 8765704 28703
56303659 27150441 8802077 28819
56538438 27262487 8838459 28935
56773220 27374570 8874838 28935
57006569 27486649 8910525 29053
57241181 27598748 8947614 29170
57475789 27710872 8984215 29287
57710262 27823031 8984215 35224
