358594 168964 56496 0
811204 383394 123266 0
1057544 502012 160534 2306
1318434 627665 200188 2306
1875184 895413 285012 2306
2170049 1036112 334497 2306
2474259 1181019 381248 2306
2784664 1328931 428934 2306
3102250 1480107 477687 2306
3755630 1634213 581728 2306
4089945 1949690 632995 2306
4426733 2109749 684641 2306
4767187 2271448 736823 2306
5110889 2434637 792935 2306
5457577 2599159 846055 4390
5805413 2764195 899345 4390
6154006 2929604 955873 4390
6504821 3095960 1009609 4390
6856135 3262576 1063424 4390
7209228 3429966 1120356 4390
7564097 3598128 1174704 4390
7918852 3766302 1229035 4390
8275018 3935056 1286196 4390
8632520 4104402 1340936 4390
8989816 4273661 1398053 4390
9349364 4443384 1452928 6237
9710078 4612779 1510157 6237
10069838 4782596 1565070 6237
10430316 4953336 1620300 6237
10790146 5123845 1677530 6237
11150743 5294651 1734732 6237
11510725 5465155 1789896 6237
11872549 5635944 1846914 6237
12228336 5803869 1901270 6237
12576126 5969162 1956398 6237
12925274 6135055 2009838 6237
13275008 6301220 2064909 7702
13626825 6468238 2120221 7702
13977690 6634828 2173906 7702
14328728 6801492 2229060 7702
14683279 6968289 2284445 7702
15038054 7135189 2339839 7702
15391730 7302824 2393925 7702
15746614 7471248 2449578 7702
16101643 7639720 2505214 9002
16456609 7808127 2560802 9002
16811451 7976453 2616341 9002
17164805 8144112 2670445 9002
17518040 8311727 2725724 9002
17874519 8479353 2781225 9002
18231091 8646996 2836726 9002
18586070 8815283 2892197 9002
18940792 8983590 2947653 10159
19295358 9151838 3003075 10159
19649916 9320026 3058483 10159
20003000 9487569 3113649 10159
20356099 9655061 3168815 10159
20709278 9822583 3223995 10159
21062690 9990146 3279185 10159
21416201 10157731 3334623 11191
21771027 10325367 3390061 11191
22129100 10493482 3444617 11191
22485663 10661018 3500003 11191
22840501 10829138 3555347 11191
23194994 10997292 3610687 11191
23549571 11165399 3666027 11191
23904120 11333476 3721353 12114
24258617 11501515 3776677 12114
24611740 11668937 3831780 12114
24964802 11836333 3886884 12114
25318133 12003770 3942018 12114
25671520 12171263 3997175 12114
26025168 12338791 4052352 12941
26378796 12506295 4107534 12941
26723428 12670191 4161462 12941
27065120 12834044 4214579 12941
27407757 12998231 4267833 12941
27751781 13162821 4321312 13613
28097011 13327799 4375010 13613
28441993 13491949 4428899 13613
28787872 13656402 4482956 13613
29134719 13821228 4537152 14218
29482552 13986437 4591485 14218
29829718 14151362 4645710 14218
30177705 14316583 4700048 14218
30526428 14482118 4754510 14766
30875834 14647919 4809065 14766
31224415 14813381 4863495 14766
31573429 14979048 4917993 15265
31923137 15144967 4972588 15265
32271940 15310517 5027041 15265
32621302 15476264 5081573 15721
32971133 15642255 5136196 15721
33320060 15807847 5190661 15721
33669387 15973617 5245200 16140
34019315 16139624 5299816 16140
34368449 16305253 5354298 16140
34717983 16471092 5408851 16526
35068109 16637147 5463487 16526
35417254 16802832 5517990 16883
35766881 16968700 5572550 16883
36115617 17134194 5626978 16883
36464791 17299888 5681475 17215
36814653 17465823 5736065 17215
37163497 17631393 5790513 17525
37513005 17797166 5845048 17525
37861643 17962586 5899466 17816
38210859 18128215 5953951 18090
38559302 18293510 6008325 18090
38906849 18458443 6062566 18351
39255082 18623646 6116914 18351
39602617 18788567 6171155 18599
39950951 18953772 6225504 18828
40298470 19118688 6278710 18828
40638460 19280743 6332637 19047
40979219 19443098 6385673 19257
41319981 19604893 6438945 19257
41660920 19766664 6492248 19461
42000309 19927668 6544989 19862
42755109 20285759 6662217 20075
43169699 20482629 6726697 20292
43605487 20688629 6794843 20518
44531481 21126213 6939672 20745
45017367 21355805 7015616 20976
45514903 21591760 7093116 21452
46022768 21832550 7172194 21696
46539400 22076752 7252907 21942
47063706 22324452 7334851 22189
47594760 22575291 7417825 22440
48131507 22828885 7501679 22692
49219586 23084871 7586315 22944
49769544 23602679 7755875 23200
50323002 23864065 7842270 23456
50879367 24126824 7929115 23712
51438273 24390776 8017984 23969
51999575 24655774 8105589 24227
52562832 24921673 8193497 24485
53127702 25188364 8281653 24743
53694183 25455733 8370051 25005
54261895 25723691 8458641 25266
54830649 25992168 8547381 25527
55400476 26261102 8636288 25789
55971259 26530426 8725354 26051
56542730 26800087 8814525 26313
57114877 27070044 8903797 26576
57687681 27340261 8993179 33158
