198273 91630 28979 0
403444 200675 58135 0
671256 264530 96550 0
822532 409531 118613 1438
983734 489417 170983 1438
1322063 571949 196858 1438
1501728 745966 223631 1438
1688336 837655 251506 1438
1880977 932023 310154 1438
2281496 1028720 340701 1438
2488359 1127461 375093 1438
2697372 1228010 406958 1438
2909513 1329493 439135 1438
3124667 1432343 471770 1438
3342586 1641735 507679 2734
3562882 1747992 541161 2734
3783721 1853936 574989 2734
4005002 1960635 608699 2734
4228124 2068133 679505 2734
4452869 2176315 714011 2734
4677668 2284507 748523 2734
4903901 2393251 783239 2734
5131477 2502546 820468 2734
5360282 2612324 855557 2734
5588774 2721937 890593 2734
5807550 2827444 890593 2734
6021211 2930467 926119 3763
6236477 3034294 958898 3763
6451588 3138041 991757 3763
6665553 3240973 1026536 3763
6879634 3343863 1059237 3763
7092643 3446241 1091753 3763
7305973 3446241 1125927 3763
7519722 3650642 1158562 3763
7732461 3752704 1192541 3763
7945480 3752704 1225092 3763
8157642 3854911 1257713 4676
8370266 3956697 1291572 4676
8581968 4058621 1324128 4676
8792732 4159606 1357623 4676
9004050 4260741 1389916 4676
9214595 4362123 1423485 4676
9425716 4463172 1455768 4676
9636243 4564420 1489238 4676
9847385 4665351 1521505 4676
10057872 4766503 1554897 5487
10268891 4867339 1587142 5487
10478029 4967307 1620077 5487
10687806 5067551 1653056 5487
10896977 5167580 1685028 5487
11105541 5267941 1718008 5487
11314973 5368071 1750879 5487
11523882 5467948 1782808 5487
11732194 5568158 1815673 6209
11939930 5668166 1848439 6209
12147351 5767931 1880908 6209
12354435 5866973 1912555 6209
12561097 5966421 1945103 6209
12767494 6065748 1977593 6209
12975047 6164922 2010010 6209
13182277 6263953 2042360 6853
13389096 6362834 2073960 6853
13594435 6462179 2106214 6853
13799494 6560891 2138409 6853
14004378 6659456 2170558 6853
14209432 6758052 2202703 6853
14411086 6854693 2234160 6853
14612639 6951197 2265575 7371
14612639 7047820 2297025 7371
15015120 7144576 2328335 7371
15215991 7240921 2359049 7371
15417211 7337364 2390439 7371
15618763 7434561 2422681 7371
15618763 7531917 2453750 7835
16021327 7629344 2485268 7835
16222332 7726278 2516787 7835
16423624 7823260 2548338 7835
16625125 7920336 2579920 7835
16625125 8017491 2611516 8253
17027610 8114703 2643133 8253
17228580 8211461 2674582 8253
17429764 8308287 2706048 8253
17631227 8405224 2737546 8630
17631227 8502251 2769074 8630
18033746 8598845 2800440 8630
18234756 8695537 2831844 8630
18436019 8792368 2863295 8972
18637621 8889313 2894791 8972
18839564 8985835 2926136 8972
19041713 9082467 2957519 9283
19242825 9179248 2988962 9283
19444185 9276149 3020445 9283
19645837 9372636 3051779 9283
19645837 9469226 3083143 9567
19847740 9565955 3114558 9567
20248789 9662278 3145828 9567
20450508 9758689 3177132 9828
20450508 9855259 3208490 9828
20652509 9951449 3239716 9828
20853474 10047774 3270988 10068
21054678 10144266 3302317 10068
21254913 10240378 3333503 10290
21455314 10336624 3364731 10290
21656029 10432513 3395825 10290
21855895 10528563 3426985 10497
22056115 10624798 3458206 10497
22255581 10719520 3488915 10679
22452533 10814404 3519087 10679
22648705 10909057 3549758 10850
22845562 11004613 3581117 11011
23041913 11099455 3611228 11011
23238897 11194524 3641831 11165
23435369 11289337 3672546 11165
23632537 11385033 3703188 11311
23829216 11480507 3733943 11311
24026603 11575172 3764626 11452
24223414 11670672 3795225 11589
24419708 11765960 3825940 11589
24616752 11860959 3856584 11720
24813279 11955688 3887347 11848
25009296 12050713 3918041 11972
25206100 12145521 3948832 11972
25402458 12240631 3979544 12093
25598225 12335509 4010179 12212
25793451 12430122 4040730 12212
25989641 12524495 4071399 12327
26185419 12619196 4102183 12439
26380683 12713705 4132891 12550
26575416 12807978 4163509 12659
26771057 12902055 4194051 12767
26966374 12995963 4224515 12874
27161213 13090263 4225096 12874
27355612 13184419 4285264 12981
27549718 13278400 4315746 13086
27743561 13372232 4316320 13189
27938368 13465930 4346761 13292
28132919 13559497 4377149 13292
28327068 13652924 4407472 13395
28520908 13746784 4437739 13496
28714460 13840557 4467962 13597
28907650 13934196 4498145 13698
29100601 14027687 4528469 13798
29293383 14121050 4558749 13897
29488607 14214318 4588994 13996
29682487 14307501 4619203 13996
29875111 14307501 4648788 14097
30064494 14400696 4678939 14195
30254924 14491993 4709010 14293
30445528 14583195 4737923 14391
30634939 14675069 4767439 14491
30825671 14766544 4796978 14589
31015179 14949528 4826802 14687
31206633 15042643 4856610 14786
31400075 15136773 4886770 14887
31595484 15231796 4947395 14988
31792730 15327633 4978389 15089
31992935 15424193 5009618 15190
32194542 15521397 5041046 15292
32397254 15619162 5072653 15394
32805733 15718021 5104429 15496
33011226 15817354 5136356 15599
33217457 15917040 5168401 15702
33424392 16017007 5200562 15805
33631911 16117257 5233043 15908
33839874 16217750 5265628 15908
34048303 16318455 5298260 16012
34257233 16419329 5330940 16115
34467862 16520954 5363681 16218
34678821 16622752 5396481 16321
34889963 16724105 5429319 16424
35101318 16825512 5462193 16527
35312784 16927596 5495100 16630
35524313 17029788 5528045 16735
35735892 17131475 5560998 16840
35947631 17233749 5593975 16945
36159489 17336680 5626981 17050
36371390 17439627 5660008 17157
36583421 17542518 5693058 17263
36795620 17645372 5726328 17369
37007890 17748199 5759821 17475
37220084 17851001 5793130 17582
37432403 17953760 5826399 17689
37644772 18056485 5859854 17796
37857008 18159186 5893306 17904
38069271 18261843 5925903 17904
38281082 18364466 5959186 18012
38490445 18466798 5992564 18118
38699816 18567509 6025302 18224
38909405 18668208 6057253 18330
39119275 18769071 6090066 18435
39329440 18870668 6123556 18540
39539836 18972428 6156030 18646
39750373 19074277 6188979 18752
39961184 19176185 6222128 18858
40172173 19278164 6255299 18964
40383310 19380198 6288475 19073
40594488 19482286 6321643 19073
40805840 19584397 6354806 19181
41018668 19686555 6388604 19288
41231496 19788754 6421147 19396
41444305 19890984 6454321 19504
41657128 19993222 6487488 19611
41871158 20095488 6520646 19718
42083867 20197760 6553803 19825
42296414 20300035 6586954 19931
42510283 20402879 6620101 20036
42724141 20505734 6653442 20141
42936591 20608556 6686795 20246
43149027 20711334 6720132 20246
43364257 20814075 6753459 20350
43579478 20916796 6786774 20454
43794441 21019486 6820080 20559
44009143 21122145 6853372 20664
44223588 21224775 6886647 20769
44437811 21327379 6919908 20874
44651792 21429965 6953160 20980
44865705 21532537 6986406 21085
45079424 21635655 7019638 21190
45292892 21738733 7052861 21296
45506190 21841739 7086060 21402
45719441 21944650 7119251 21507
45932585 22047508 7152639 21612
46145494 22150306 7186024 21719
46358298 22253051 7219371 21719
46571096 22355740 7252691 21825
46784931 22458392 7285973 21930
46994824 22560991 7318808 22035
47205879 22662264 7351608 22140
47417267 22763515 7384442 22245
47628770 22865452 7417312 22350
47840325 22967511 7450226 22456
48052032 23069116 7483165 22561
48263817 23171925 7516131 22666
48475709 23274816 7549317 22772
48687587 23377677 7582351 22879
48899561 23479967 7615371 22985
49111603 23582771 7648605 23091
49323691 23685585 7682057 23198
49535704 23788368 7715314 23198
49747779 23891091 7748535 23305
49961259 23993793 7781749 23517
50174660 24096467 7815161 23517
50386735 24199110 7848366 23626
50600089 24301715 7881546 23734
50813471 24404308 7914931 23841
51026799 24507438 7948328 23949
51240034 24610041 7981518 24056
51453284 24713131 8014891 24162
51666481 24816199 8048474 24268
51879529 24919214 8082049 24376
52092489 25022162 8115572 24376
52305459 25125043 8149057 24483
52519654 25227882 8182512 24589
52733781 25330679 8215299 24696
52947696 25433428 8248687 24804
53161524 25536147 8282685 24911
53375165 25638828 8316034 25018
53588555 25741481 8348720 25126
53801862 25844096 8382017 25233
54015100 25947243 8415297 25339
54228245 26050382 8448761 25446
54441307 26153455 8482219 25553
54654309 26256451 8515641 25659
54867262 26359386 8549037 25765
55081219 26462271 8582416 25765
55294974 26565528 8615902 25872
55507241 26668663 8648991 25977
55720614 26770576 8682031 26082
55933883 26872418 8715073 26188
56145831 26974307 8748128 26294
56359173 27076246 8781198 26399
56572528 27178815 8814277 26504
56785806 27281435 8847566 26610
56999028 27384056 8880868 26715
57212226 27486663 8914167 26820
57425312 27589252 8947444 26820
57638227 27691826 8980711 30176
