23644 54549 7558 1447
73113 119520 14715 1447
186039 202019 33965 2487
431191 248923 69113 2487
539204 355057 84837 2487
789570 480719 121630 2487
929569 550649 142416 2487
1232371 624618 187681 2487
1393222 781212 214609 2487
1558798 863162 239784 2487
1730073 947592 292300 3453
2085965 1034291 319710 3453
2269429 1122312 350021 3453
2456725 1212084 378429 3453
2645910 1303474 407152 3453
2837992 1489122 436352 3453
3032697 1583733 468233 3453
3229928 1679363 498266 3453
3429346 1775302 528652 4316
3629281 1872038 559132 4316
3830804 1968946 591913 4316
4032638 2066532 622715 4316
4234617 2164180 653759 4316
4437992 2262413 717941 4316
4642771 2361225 749409 4316
4848875 2460562 780852 4316
5054775 2559778 780852 5010
5251604 2655362 812561 5010
5444980 2748919 842201 5010
5637734 2842682 903007 5010
5832798 2937460 933243 5010
6030331 3032636 963592 5010
6428722 3128696 995566 5010
6629417 3225624 1026505 5629
6831720 3322725 1058718 5629
7032958 3420495 1089711 5629
7235611 3517773 1121859 5629
7439834 3615618 1153076 5629
7644088 3713489 1185370 5629
7848151 3811925 1216782 6183
8053435 3910330 1249194 6183
8257439 4009244 1281723 6183
8462536 4107558 1313077 6183
8667510 4206330 1345295 6183
8873678 4305023 1377653 6183
9079679 4403603 1409123 6680
9285319 4502656 1441596 6680
9489428 4601075 1473807 6680
9694685 4699360 1505161 6680
9899877 4798152 1537267 6680
10104858 4896886 1569537 7127
10310922 4995506 1601766 7127
10515597 5093487 1633746 7127
10720059 5191383 1664982 7127
10924329 5289844 1696904 7531
11128415 5388297 1729009 7531
11331170 5486650 1760892 7531
11535204 5584381 1792735 7531
11739281 5682037 1824557 7531
11943214 5779687 1856366 7897
12145891 5877334 1887525 7897
12348538 5974996 1919138 7897
12551272 6072665 1950746 8229
12754027 6170355 1982367 8229
12955669 6268042 2014207 8229
13157364 6365194 2045868 8229
13157364 6462351 2077517 8508
13359331 6559629 2078122 8508
13557063 6654569 2109768 8508
13753710 6749543 2140611 8763
13952330 6844794 2171467 8763
14150323 6939772 2202409 8999
14348664 7034986 2233235 8999
14547529 7130478 2264130 8999
14745590 7225653 2294920 9218
14943997 7321049 2325779 9218
15141600 7416152 2356719 9218
15339731 7511480 2387551 9422
15538469 7607071 2418470 9612
15736466 7702364 2449290 9612
15934877 7797860 2479592 9612
16132493 7893044 2510374 9792
16330620 7989053 2541819 9961
16528092 8084774 2572187 9961
16726038 8180121 2603050 10122
16923258 8275121 2633783 10122
17121106 8370961 2664602 10275
17318286 8466531 2695329 10275
17515931 8561257 2726149 10421
17712924 8656779 2756869 10562
17909232 8752054 2787477 10562
18106076 8846972 2818170 10697
18302381 8942142 2848786 10829
18497965 9037034 2879300 10829
18694280 9131631 2909918 10957
18890090 9226523 2940458 11081
19085315 9321193 2971122 11203
19279947 9415592 3001700 11203
19475419 9509760 3032176 11322
19670480 9604262 3062769 11438
19864993 9698567 3093296 11552
20059046 9792661 3123924 11664
20253996 9886553 3154477 11664
20448639 9980687 3184955 11774
20643771 10075178 3215501 11883
20838410 10169469 3245970 11992
21032592 10169469 3276352 12098
21226552 10263529 3306832 12202
21417412 10355751 3336700 12306
21607661 10447765 3365921 12306
21797474 10539624 3395628 12410
21986562 10631316 3425512 12513
22177715 10815722 3455155 12616
22370940 10909784 3485141 12720
22564734 11004732 3515432 12826
22761689 11100480 3546008 12931
22960315 11196935 3607741 13036
23160248 11294016 3639200 13142
23361371 11391655 3670825 13248
23768343 11489791 3702607 13353
23973903 11588384 3734522 13458
24179940 11687346 3766541 13564
24386524 11786651 3798654 13669
24593624 11886832 3830854 13774
24801116 11987268 3863128 13880
25008885 12087890 3895468 13987
25217062 12188667 3927870 13987
25425608 12289585 3960543 14199
25634411 12390629 3993269 14199
25843459 12491797 4026031 14306
26052745 12593060 4058808 14413
26263575 12694401 4091602 14519
26474654 12795828 4124424 14625
26685723 12897344 4157267 14733
26896842 12998916 4190127 14839
27108054 13101115 4223007 14945
27319230 13203952 4255907 15052
27530373 13306266 4288813 15159
27741690 13408506 4321730 15264
27953040 13511291 4354868 15369
28164390 13614071 4388024 15475
28375725 13716266 4421168 15475
28587195 13818388 4454296 15580
28800005 13921090 4487419 15791
29012678 14023789 4520529 15791
29224072 14126431 4553623 15899
29436069 14229006 4586703 16006
29644596 14331273 4619683 16112
29852802 14431912 4652112 16219
30061253 14532510 4684531 16326
30270014 14633234 4716994 16433
30479017 14734096 4749514 16540
30688278 14835658 4782095 16649
30897780 14936820 4814095 16757
31107567 15038610 4847382 16864
31317613 15140510 4880525 16971
31527707 15242462 4913522 16971
31737997 15344434 4945876 17079
31949805 15446423 4979691 17185
32161698 15548435 5012893 17291
32373509 15650461 5045259 17398
32585369 15752508 5078445 17504
32797231 15854569 5112259 17610
33009001 15956641 5144799 17717
33220653 16058717 5177941 17825
33432264 16160794 5211063 17932
33643881 16263423 5244171 18039
33855373 16366068 5277265 18147
34066845 16468670 5310344 18255
34278335 16571209 5343413 18362
34489850 16673707 5376675 18469
34701415 16776182 5409942 18469
34912903 16878638 5443192 18577
35125832 16981063 5476423 18684
35340104 17083476 5509634 18791
35552971 17185861 5542833 18899
35765596 17288216 5576014 19008
35979398 17390547 5609171 19117
36193108 17492869 5642311 19226
36406587 17595171 5675440 19336
36619794 17697464 5708552 19445
36832884 17800296 5741663 19554
37045800 17903117 5774757 19663
37258475 18005875 5807844 19772
37471121 18108565 5840925 19879
37683653 18211192 5874203 19986
37895917 18313771 5907471 19986
38103656 18416273 5940677 20094
38311177 18516646 5973156 20201
38518006 18615696 6005238 20306
38727267 18715886 6037690 20411
38938923 18817383 6070552 20518
39152900 18920046 6103785 20624
39368879 19024369 6137347 20730
39586586 19129629 6171205 20838
39805804 19235651 6205310 20947
40026378 19449510 6239636 21056
40248301 19557893 6274176 21166
40471439 19666220 6308930 21278
40695586 19774899 6343849 21389
40920746 19884549 6379140 21500
41148192 19994563 6414576 21613
41375107 20104284 6450127 21727
41602633 20214801 6485761 21841
41832141 20325566 6521481 21955
42062081 20436469 6557266 22071
42292268 20547498 6593094 22187
42522791 20658641 6628977 22303
42753533 20769879 6664904 22420
42984423 20881177 6700875 22420
43215464 20993131 6736876 22650
43446771 21105178 6772921 22766
43678261 21217246 6809004 22766
43909890 21329324 6845116 22883
44141706 21441418 6916740 23117
44373632 21553524 6917424 23117
44605689 21665633 6989350 23236
44837822 21777739 7025788 23353
45070120 21889858 7062234 23470
45303880 22001999 7098680 23590
45536389 22114128 7135117 23709
45770259 22226263 7171750 23828
46004168 22338398 7208193 23947
46237949 22450541 7244609 24066
46471655 22562659 7281017 24183
46705300 22675353 7317615 24183
46938852 22788047 7318309 24300
47171806 22900425 7354648 24415
47402024 23011492 7390705 24529
47632257 23122532 7426977 24643
47862651 23233674 7463289 24758
48093354 23344919 7535070 24872
48325728 23456262 7535752 24986
48558251 23567688 7607777 25101
48790750 23679172 7644131 25215
49023340 23791159 7680644 25329
49257032 23903776 7717156 25445
49490673 24015878 7753661 25561
49724287 24128502 7790153 25677
49957878 24241132 7826623 25793
50191291 24353693 7863074 25793
50424525 24466158 7899503 25910
50657818 24578586 7936134 26025
50892486 24690992 7972772 26140
51359110 24803373 8009384 26256
51595204 24915734 8045980 26370
51595204 25028091 8082557 26484
51831317 25140429 8119117 26600
52065811 25252738 8155653 26716
52301363 25365030 8192168 26832
52536801 25477308 8228663 26948
52771956 25589570 8265146 27064
53006853 25701819 8301638 27179
53241719 25814639 8338112 27295
53476339 25927438 8374564 27295
53710567 26040156 8410999 27411
53944776 26152798 8447626 27526
54178839 26265391 8484250 27641
54412672 26377929 8520842 27757
54646451 26490414 8557416 27872
54880208 26602872 8593966 27987
55115188 26715297 8630491 28104
55348756 26827672 8666999 28220
55583535 26940018 8703488 28336
55818257 27052349 8739976 28452
56052761 27164657 8776444 28568
56287052 27276937 8777135 28683
56521137 27389689 8813582 28798
56752467 27501253 8849635 28798
56983449 27612686 8884961 28914
57214620 27724189 8921666 29029
57446129 27836362 8957750 29381
57677794 27948066 8993387 32869
