49028 56063 7073 858
141879 126849 25194 858
272554 212099 42807 1934
472294 261910 84448 1934
716912 376112 102393 1934
854273 509568 143283 1934
1152628 582767 165849 1934
1311659 658882 192608 1934
1477369 738196 242591 1934
1647385 903754 268734 2936
1822638 990146 295657 2936
2185125 1077936 323052 2936
2371531 1167523 351076 2936
2561464 1258779 382684 2936
2752946 1351510 441245 2936
2947028 1444910 471029 2936
3143694 1539435 501200 2936
3342701 1635027 534402 3831
3543810 1731570 565228 3831
3746545 1828924 595906 3831
3948246 2023428 626828 3831
4151396 2121687 658008 3831
4356119 2220563 691833 3831
4562126 2319975 723433 3831
4767956 2419280 755005 3831
4974907 2519005 786737 4629
5182879 2619165 820811 4629
5391856 2719121 852845 4629
5599064 2818832 884604 4629
5807089 2918908 918458 4629
6016054 3019377 950474 4629
6225819 3119617 982414 4629
6435045 3220167 1014473 4629
6645010 3321053 1048465 5341
6855713 3419929 1080766 5341
7059787 3516653 1112099 5341
7260023 3613783 1144385 5341
7461537 3711038 1175317 5341
7663466 3808971 1207710 5341
7866825 3907547 1238912 5341
8071753 4006122 1270133 5920
8276698 4105207 1302866 5920
8481443 4203669 1334279 5920
8686018 4302579 1366872 5920
8891824 4402011 1398431 5920
9097527 4501343 1431101 6438
9304306 4601102 1462804 6438
9510831 4700189 1495349 6438
9717084 4799667 1527983 6438
9923086 4899020 1559584 6438
10336907 4998207 1592295 6905
10336907 5097813 1624009 6905
10544670 5196755 1656572 6905
10750902 5296092 1689031 6905
10956649 5395322 1720580 6905
11163431 5494398 1752919 7326
11370048 5593331 1785393 7326
11575172 5692153 1817626 7326
11779990 5790860 1849035 7326
11985864 5889470 1881160 7707
12191751 5988585 1913458 7707
12397435 6087102 1945538 7707
12601626 6185486 1977570 7707
12805633 6283800 2008875 8053
13010974 6382074 2041058 8053
13215096 6479777 2073034 8053
13418954 6577438 2104970 8368
13622727 6675700 2136877 8368
13826533 6773442 2168769 8368
14029112 6871147 2200464 8368
14231668 6968853 2232150 8656
14434284 7066559 2263837 8656
14637078 7163750 2295349 8656
14839983 7163750 2326258 8920
15042987 7260976 2357825 8920
15245074 7357882 2389283 8920
15444469 7453596 2420483 9147
15643989 7549348 2451702 9147
15842652 7644771 2482791 9357
16041690 7740413 2513936 9357
16240039 7835756 2544960 9554
16438881 7931332 2576049 9554
16637034 8027776 2607035 9738
16835611 8123419 2638089 9738
17033568 8219200 2669033 9912
17232076 8315231 2700049 9912
17429882 8411481 2730968 10076
17628213 8507387 2761956 10234
17826000 8602928 2792854 10234
18024364 8698681 2823644 10384
18222108 8794144 2854533 10384
18419049 8889826 2885327 10528
18616613 8985211 2916204 10666
18813605 9080240 2946987 10666
19011221 9175536 2977669 10799
19208181 9270581 3008443 10929
19404476 9365339 3038550 10929
19601549 9460381 3069745 11054
19799424 9555222 3100474 11176
19995570 9649823 3130530 11297
20191023 9744726 3161102 11297
20388751 9839438 3191603 11414
20586068 9933915 3222217 11529
20782697 10028173 3252770 11643
20977628 10122781 3283257 11643
21173335 10217217 3313674 11755
21369936 10311452 3344034 11865
21566099 10405517 3374530 11975
21760607 10499421 3375118 12085
21955931 10593167 3435375 12194
22150873 10686740 3435944 12302
22345427 10780743 3466457 12410
22539566 10874647 3496745 12410
22734645 10968386 3556572 12517
22929510 11062008 3557141 12622
23124197 11155643 3587692 12725
23314713 11247421 3617650 12828
23504933 11339079 3647352 12929
23695210 11431358 3677039 13030
23885500 11523713 3706927 13131
24075814 11616082 3736816 13131
24265171 11707618 3766351 13232
24458097 11800120 3796179 13332
24653172 11893691 3856485 13432
24850025 11988219 3887467 13533
25048601 12083623 3918692 13635
25249635 12180205 3950271 13737
25452005 12375905 3982034 13839
25655408 12474854 4013951 13943
25859761 12574191 4046006 14048
26065009 12673873 4078175 14152
26271021 12773857 4110440 14256
26477738 12874113 4142805 14362
26684939 12974591 4175243 14468
26892657 13075863 4207747 14574
27100880 13177333 4240316 14680
27310813 13278402 4272964 14788
27519939 13379559 4305663 14895
27730628 13481412 4338404 15002
27941655 13583408 4371387 15109
28152874 13684941 4404422 15216
28364177 13787052 4437470 15216
28575654 13889836 4470530 15322
28787223 13992659 4503604 15428
28998803 14095437 4536682 15535
29210453 14198184 4569765 15642
29422231 14300905 4602853 15749
29634022 14403595 4635942 15857
30057649 14506254 4669035 15965
30270890 14608879 4702135 16072
30484127 14711483 4735235 16179
30697180 14814067 4768341 16287
30910135 14916623 4801434 16395
31123065 15019159 4834535 16502
31123065 15121690 4867833 16609
31335237 15223923 4901024 16717
31544351 15324807 4933597 16824
31753467 15425712 4966355 16931
31962922 15526777 4999170 17038
32172731 15628011 5032036 17038
32382735 15729370 5064922 17145
32593055 15831419 5097839 17251
32803606 15933583 5130785 17357
33014381 16035802 5163754 17464
33225235 16138036 5196729 17571
33648724 16240297 5229718 17678
33648724 16342583 5262722 17785
34072629 16444881 5295747 17893
34286784 16547181 5328779 17999
34501096 16649508 5361838 18104
34501096 16751847 5395109 18210
34927942 16854202 5428395 18318
35141916 16956569 5461482 18425
35355848 17058948 5494764 18532
35569600 17161349 5528057 18640
35783278 17263755 5561343 18640
35996939 17366755 5594626 18747
36210490 17469771 5627908 18854
36423932 17572744 5661188 18961
36637250 17675658 5694445 19069
36850526 17778519 5727688 19177
37065059 17881357 5761133 19285
37278245 17984148 5794585 19394
37492618 18086892 5827821 19503
37706933 18189610 5861027 19612
37921013 18292311 5894436 19721
38134937 18395000 5928047 19832
38348797 18497676 5961285 19942
38562545 18600346 5994896 20051
38776198 18703557 6028507 20161
38989698 18806246 6062082 20161
39203196 18909416 6095614 20271
39416533 19012565 6129120 20380
39629735 19115644 6162590 20489
39629735 19218657 6195390 20599
39842736 19321558 6228768 20708
40052542 19422933 6261620 20816
40263530 19524254 6294453 20925
40474695 19625680 6327306 21034
40685948 19727202 6360189 21142
40897388 19829396 6393300 21250
41108950 19931692 6426442 21359
41320571 20033483 6459590 21359
41532287 20135852 6492740 21468
41744166 20238868 6525897 21684
41956082 20341902 6559060 21684
42168015 20443893 6592229 21795
42380039 20546979 6625392 21905
42592115 20650099 6658548 22015
42804214 20753154 6691710 22125
43016222 20856125 6724863 22235
43228311 20959049 6758020 22344
43441829 21061880 6791161 22453
43655196 21164673 6824506 22564
43868476 21267421 6857666 22674
44081652 21370125 6891000 22783
44294684 21473354 6924319 22783
44507589 21576556 6957619 22892
44720350 21679668 6990897 23001
44933107 21782710 7024163 23110
45145862 21885697 7057422 23219
45571016 21988617 7090668 23329
45784883 22091475 7123887 23438
45998782 22194296 7157105 23547
45998782 22297090 7190325 23657
46425966 22399843 7223532 23767
46640742 22502553 7256722 23875
46640742 22605227 7290113 23983
46855379 22707880 7323509 24092
47281343 22810490 7356866 24201
47495511 22913073 7390189 24310
47495511 23016203 7423498 24419
47709622 23119315 7456800 24419
47922289 23222345 7490078 24528
48136075 23325312 7523349 24636
48349763 23428178 7556589 24744
48560646 23529797 7589410 24853
48771301 23631370 7622208 24962
48982078 23733013 7655039 25070
49194390 23834762 7687915 25178
49406874 23936588 7720817 25287
49619298 24038477 7753751 25394
49831800 24140412 7786904 25501
50044298 24242399 7820283 25609
50256727 24344428 7853484 25609
50469148 24446485 7886651 25717
50681595 24549153 7920014 25824
50894035 24651857 7953386 25931
51106406 24754540 7986544 26039
51318699 24857188 8019244 26147
51531064 24959813 8053198 26255
51743342 25062416 8086510 26363
51955596 25164998 8119163 26472
52167844 25267556 8152439 26580
52381457 25370103 8186323 26688
52595098 25472641 8218948 26797
52808561 25575162 8252184 26905
53021894 25677669 8285612 27012
53235271 25780747 8319685 27119
53448639 25883835 8352475 27119
53661772 25986849 8385870 27227
53874929 26089815 8419249 27334
54088078 26193291 8452602 27441
54301102 26296200 8485942 27549
54514020 26398991 8519255 27657
54726868 26502294 8552542 27765
54939706 26605578 8585816 27873
55153802 26708275 8619095 27983
55366637 26811447 8652361 28092
55580722 26914606 8685618 28201
55794723 27017708 8718864 28310
56008515 27120732 8752101 28419
56222066 27223665 8785516 28527
56435544 27327098 8818922 28527
56648901 27430483 8852299 28635
56862055 27533685 8885624 28743
57072571 27635675 8918551 28850
57283107 27737598 8951464 28957
57493763 27839563 8984393 29644
57704455 27839563 9017334 34443
