49209 30006 7166 1096
74432 94334 21096 1096
249168 174219 37841 1096
437607 269563 63849 1096
551661 325745 95465 1096
808384 452330 133610 2358
951018 522627 154991 2358
1102234 673434 177740 2358
1416230 752960 225970 2358
1583244 835394 254748 2358
1756246 920411 281324 2358
2115744 1007016 308452 2358
2304186 1094347 365255 2358
2497956 1275390 394466 2358
2693337 1368288 427197 2358
2891136 1462466 457567 2358
3089743 1557160 488054 3493
3290457 1652852 518860 3493
3493113 1749460 552473 3493
3694895 1846905 583613 3493
3898148 1945083 614981 3493
4104559 2043203 646173 3493
4313675 2141866 680001 3493
4522605 2241112 712028 3493
4732396 2340881 744234 3493
4941445 2441129 776367 3493
5152745 2541605 810837 4500
5364936 2642431 843378 4500
5577801 2743589 876012 4500
5787636 2844458 910068 4500
5992256 2942309 941269 4500
6194915 3039181 971822 4500
6397122 3136640 1004101 4500
6600948 3234094 1035597 4500
6806415 3332206 1067383 4500
7218583 3430371 1100590 4500
7428147 3529108 1132502 5306
7637515 3628429 1165719 5306
7847349 3728126 1197540 5306
8057288 3828113 1262931 5306
8268095 3928339 1262931 5306
8478363 4028946 1296651 5306
8690778 4129327 1329115 5306
8902658 4230025 1362557 6023
9115195 4331053 1394612 6023
9325224 4432252 1460492 6023
9537175 4533149 1460492 6023
9749973 4634137 1494198 6023
9963403 4734834 1527552 6023
10177064 4836308 1592591 6023
10390412 4937913 1626272 6664
10604250 5039553 1660173 6664
10815764 5141404 1660997 6664
11029046 5242898 1693712 6664
11241605 5344408 1726846 6664
11454732 5445556 1759807 6664
11665659 5546924 1792874 7238
11665659 5648004 1825526 7238
12085411 5748564 1858981 7238
12297582 5848776 1892077 7238
12297582 5949321 1924864 7238
12509440 6049646 1957547 7238
12720189 6150284 1990288 7753
12929066 6251114 2023157 7753
13138408 6351561 2056167 7753
13346990 6451609 2088373 7753
13768413 6551387 2120927 7753
13768413 6650955 2153385 8216
13979811 6750811 2186232 8216
14190427 6850492 2219422 8216
14399116 6950483 2252315 8216
14604436 7049473 2284628 8216
14810675 7148235 2316672 8596
15016823 7246906 2348690 8596
15222812 7345505 2380683 8596
15427470 7443505 2412491 8596
15630782 7541450 2444498 8939
15834113 7639380 2476513 8939
16038802 7737310 2507715 8939
16242324 7834692 2539932 8939
16445883 7932093 2570948 9251
16649562 8029555 2602612 9251
16850913 8126516 2634285 9251
17052408 8223531 2665983 9536
17254270 8320667 2697715 9536
17457752 8417907 2729289 9536
17660210 8514680 2760685 9797
17862781 8611530 2792112 9797
18065616 8708514 2823589 9797
18266292 8805063 2855117 10037
18467039 8901707 2886680 10037
18667029 8997965 2918102 10260
18868861 9094365 2949384 10260
19071165 9190954 2980727 10260
19272338 9287139 3011920 10467
19472637 9383470 3043381 10467
19673310 9479983 3074922 10660
19874436 9576683 3106538 10660
20074746 9673004 3137682 10841
20275505 9768926 3168855 10841
20478194 9865621 3200332 11011
20678924 9962003 3231901 11011
20877440 10057988 3263145 11174
21079365 10154141 3294428 11329
21280672 10249959 3325595 11329
21482214 10345965 3356836 11477
21681694 10441659 3388135 11477
21880325 10537550 3419317 11620
22079513 10633135 3450562 11757
22279217 10728393 3480926 11757
22479240 10823919 3511947 11886
22673435 10917179 3542327 12010
22866871 11010110 3572599 12130
23060086 11103528 3602830 12130
23254338 11196921 3633228 12247
23448446 11290229 3663600 12362
23643268 11383441 3693922 12475
23839033 11476983 3724148 12586
24035731 11571010 3754527 12586
24230819 11664930 3785058 12697
24425468 11758706 3815551 12805
24619744 11852348 3845975 12911
24813737 11946414 3876349 13017
25007401 12040377 3906671 13123
25200864 12134187 3937134 13123
25395393 12227868 3967561 13228
25590880 12321400 3968137 13333
25786025 12414820 4027900 13438
25979755 12508143 4058216 13541
26173168 12601377 4088505 13643
26366380 12695083 4118761 13745
26559391 12788734 4119339 13847
26752275 12882265 4179173 13947
26946358 12975698 4209529 14047
27141226 13069039 4239856 14047
27335769 13162706 4270285 14147
27529936 13256294 4270861 14247
27725169 13349766 4301235 14346
27920183 13443148 4360951 14445
28113764 13536455 4361530 14545
28306926 13629692 4421524 14645
28500000 13722838 4451763 14743
28694245 13817079 4482173 14841
28888406 13911267 4482755 14941
29081058 14004797 4542732 14941
29274821 14098162 4543304 15041
29469877 14191987 4573614 15140
29664640 14285743 4603754 15239
29857895 14378867 4633267 15340
29857895 14471872 4663521 15441
30050967 14471872 4693746 15540
30240092 14565342 4723350 15639
30430193 14656976 4753098 15738
30617446 14838772 4782400 15837
30999938 14931966 4812008 15936
31195417 15026260 4872762 16035
31394078 15121461 4903821 16138
31593171 15217469 4934613 16240
31796540 15314193 4966047 16342
31999996 15411557 4997925 16446
32204274 15509472 5029963 16552
32409378 15607891 5062116 16657
32615343 15706760 5094393 16762
32822090 15806031 5126771 16868
33030744 15905657 5159055 16868
33239898 16005594 5191406 16975
33448275 16105802 5224043 17081
33657082 16206265 5256775 17187
33866217 16307531 5289569 17294
34075717 16408989 5322399 17400
34288444 16510565 5355271 17506
34501485 16612237 5388187 17613
34713362 16714006 5421338 17720
34925059 16815836 5454500 17826
35136910 16917712 5487669 17932
35348822 17019641 5520840 18039
35560649 17121627 5554002 18146
35772528 17223629 5587151 18253
35984540 17325674 5620311 18360
36197857 17427765 5653296 18468
36411244 17529903 5686283 18468
36623355 17632069 5719478 18682
36835543 17734825 5752717 18790
37047775 17837623 5785955 18790
37259880 17940396 5819174 18901
37471976 18042589 5852371 19009
37685548 18145309 5885779 19117
37899144 18248067 5919195 19226
38113869 18350802 5952400 19335
38328571 18453506 5984959 19444
38541417 18555972 6018871 19553
38750561 18656865 6050994 19663
38959537 18757702 6083716 19772
39168859 18858672 6117096 19880
39378517 18959801 6149903 19880
39588456 19061083 6182758 19988
39799657 19162480 6215007 20096
40012455 19265007 6248513 20204
40224243 19367649 6281624 20312
40437348 19470294 6314334 20423
40649253 19572915 6347496 20532
40862484 19675513 6381477 20641
41075789 19778095 6414203 20751
41288925 19880670 6447538 20861
41503232 19983220 6480664 20970
41717523 20085753 6513773 21079
41930495 20188833 6547092 21079
42143248 20291393 6580426 21189
42356015 20393874 6613748 21297
42568798 20496907 6647053 21405
42781583 20600513 6680358 21514
42994308 20703547 6713652 21623
43207104 20806468 6746939 21731
43422675 20909895 6780226 21839
43638208 21013277 6813512 21948
43852217 21116036 6846971 22056
44066083 21219257 6880434 22164
44279841 21322455 6913877 22273
44493512 21425588 6947302 22382
44707080 21528660 6980705 22490
44920565 21631653 7014080 22598
45135297 21735141 7047650 22598
45348769 21838583 7081023 22707
45562003 21941924 7114353 22814
45778042 22045152 7148095 22921
45994071 22148310 7181838 23029
46209787 22251401 7215546 23138
46425195 22354431 7248850 23246
46641649 22457398 7282305 23354
46856654 22560298 7315951 23463
47069954 22663097 7349502 23571
47281062 22764483 7382547 23678
47492118 22865809 7415558 23785
47703293 22967237 7448587 23785
47914597 23068778 7481629 23893
48126091 23170417 7514690 24000
48339036 23272710 7547592 24107
48552013 23375086 7580499 24215
48763732 23477481 7613616 24323
48975453 23579875 7646768 24430
49188633 23682276 7680132 24537
49401871 23784692 7713504 24645
49615011 23887116 7746852 24753
49828101 23989535 7780176 24861
50041170 24091951 7813494 24969
50254104 24194368 7846797 25078
50468265 24296792 7879900 25186
50682429 24399216 7912992 25294
50895260 24501637 7946290 25403
51107911 24604065 7979591 25403
51320419 24706492 8012866 25512
51532983 24808921 8046139 25620
51745557 24911924 8079409 25728
51958085 25014934 8112667 25837
52170642 25117877 8145919 25945
52385672 25220777 8179374 26053
52601996 25324057 8212786 26162
52817758 25427298 8246354 26271
53033157 25530866 8280051 26379
53248282 25634350 8313722 26487
53463101 25737719 8347342 26596
53677564 25840976 8380262 26704
53891893 25944126 8414422 26812
54106080 26047212 8447924 26922
54320095 26150792 8480755 26922
54533975 26253800 8514198 27032
54749126 26357250 8548079 27142
54964242 26460663 8580677 27252
55180140 26564423 8614526 27365
55394539 26668071 8648172 27476
55609844 26771505 8681903 27585
55821557 26873749 8715072 27694
56032932 26975862 8748195 27694
56245418 27077491 8781318 27911
56459331 27180172 8814393 28020
56670613 27281580 8847097 28020
56882566 27383948 8880342 28132
57096692 27487415 8913954 28243
57313093 27698484 8948564 28354
57532916 27805228 8982369 33591
