133409 42144 29266 0
303326 135989 58153 1332
525689 250194 75603 1332
794031 313804 114829 1332
942127 454426 140980 1332
1094297 529170 164091 1332
1418862 607149 212471 1332
1590481 771936 238155 1332
1767411 858082 264712 1332
1948893 946305 292042 1332
2134323 1036359 348613 2560
2323428 1128035 381619 2560
2515763 1221121 410982 2560
2902590 1314238 440517 2560
3099669 1408423 470432 2560
3299007 1503688 500716 2560
3500388 1599917 531332 2560
3703406 1697006 565706 2560
3907991 1794838 596866 2560
4112576 1991825 628260 2560
4318308 2090822 659641 2560
4525195 2190283 691193 3652
4733112 2290199 722904 3652
4940672 2389936 757881 3652
5149022 2490027 789692 3652
5356847 2589899 821419 3652
5565477 2690102 853270 3652
5775050 2790672 885269 3652
5985420 2891564 920186 3652
6196316 2992727 952424 3652
6406562 3093568 984553 3652
6617346 3194632 1016780 4621
6828727 3295949 1049109 4621
7034633 3295949 1083819 4621
7235661 3395281 1115444 4621
7437718 3589786 1146315 4621
7641404 3687905 1179405 4621
7846507 3786636 1210663 4621
8051589 3885327 1242136 4621
8257850 3984505 1273594 4621
8465218 4084176 1307107 4621
8673632 4184275 1338912 5397
8881688 4283643 1370665 5397
9089229 4383350 1404072 5397
9297598 4483479 1435905 5397
9505524 4583396 1467677 5397
9714407 4683654 1501161 5397
9924174 4784280 1533222 5397
10133399 4884659 1566661 6087
10343304 4985310 1598757 6087
10551475 5085166 1630983 6087
10760289 5185301 1664266 6087
10969867 5285215 1696300 6087
11178901 5385458 1729494 6087
11388689 5486070 1761559 6087
11597862 5586430 1794700 6703
11807715 5687066 1826794 6703
12015742 5786898 1859702 6703
12224485 5887016 1891630 6703
12432761 5986917 1924509 6703
12641708 6086579 1957454 6703
12850213 6186594 1989356 7255
13058200 6286411 2022305 7255
13265644 6385987 2054947 7255
13472541 6485329 2086614 7255
13678993 6584463 2119263 7255
13886500 6684008 2151820 7751
14093743 6783422 2183506 7751
14299319 6882129 2216132 7751
14505836 6980677 2248489 7751
14712238 7079719 2280761 7751
14918276 7178691 2312978 7751
15124071 7178691 2344638 8198
15329753 7277541 2376964 8198
15532360 7375847 2409062 8198
15734636 7472701 2440659 8198
15936981 7569499 2472225 8565
16139471 7666979 2503797 8565
16340845 7764559 2535601 8565
16542294 7861643 2566602 8565
16743861 7958741 2598232 8897
16945586 8055884 2629860 8897
17146216 8153085 2661297 8897
17347014 8249804 2692748 9200
17548082 8346587 2724244 9200
17749409 8443463 2755752 9200
17950988 8539885 2787093 9200
18152834 8636402 2818463 9478
18353562 8733064 2849883 9478
18554468 8829317 2881142 9478
18755673 8926268 2912436 9733
18955806 9023361 2943766 9733
19156055 9119995 2974947 9968
19356651 9216677 3006157 9968
19556371 9313467 3037237 9968
19756360 9409842 3068374 10186
19955406 9506312 3099572 10186
20154809 9602385 3130041 10390
20354729 9698580 3161755 10390
20553753 9794956 3192944 10580
20753035 9890932 3223600 10580
20951588 9987038 3254545 10759
21150604 10082773 3285741 10759
21348789 10178690 3316820 10927
21547311 10274254 3347952 10927
21745105 10369453 3378958 11087
21942224 10464871 3410020 11240
22139867 10560006 3440964 11240
22336923 10655375 3471975 11386
22534474 10750475 3502875 11386
22534474 10845256 3533655 11527
22927685 10940302 3564514 11662
22927685 11035104 3595273 11662
23124496 11130255 3625961 11790
23320941 11223843 3656253 11914
23513983 11317107 3686452 12034
23707631 11410222 3716596 12034
23901061 11503791 3746686 12152
24094072 11597262 3776923 12268
24286769 11690598 3807133 12381
24480507 11783802 3837289 12493
24674039 11877465 3867404 12493
24867145 11971017 3897464 12605
25059933 12064402 3927673 12715
25253738 12157663 3957853 12823
25448590 12250832 3988007 12931
25641978 12343911 4018119 13039
25834962 12436893 4048184 13039
26029001 12530353 4078215 13146
26222790 12623747 4108225 13253
26416314 12717044 4138409 13360
26608365 12810214 4168569 13466
26801445 12903289 4198683 13571
26995662 12996838 4228770 13676
27189592 13089820 4258838 13782
27383281 13182692 4288871 13782
27576723 13276658 4318883 13886
27769889 13370569 4349060 13989
27962786 13464322 4379225 14092
28155381 13557421 4408773 14195
28347820 13650920 4438865 14297
28540144 13744360 4469486 14398
28733582 13837685 4498946 14499
28926796 13930907 4528956 14499
29119822 14024566 4558957 14600
29312729 14118155 4588928 14700
29505360 14211601 4619059 14800
29697705 14304931 4648999 14901
29889863 14398145 4679097 15002
30081867 14491239 4709165 15102
30273670 14584241 4739197 15202
30465355 14677165 4769200 15302
30656858 14770004 4799183 15302
30849493 14863276 4799750 15400
31036304 14953733 4829701 15495
31222765 15044093 4858864 15590
31409560 15134624 4888013 15687
31594376 15224460 4917023 15783
31781453 15315406 4946207 15879
31971016 15407543 4975768 15977
32162914 15500788 5035157 16078
32356746 15594974 5065701 16179
32552481 15690023 5096524 16280
32751272 15785869 5127585 16382
33151728 15882423 5158855 16487
33354442 15979577 5190310 16591
33558229 16077870 5221935 16695
33762779 16176662 5253704 16800
33967989 16275828 5285598 16907
34173880 16375306 5317603 17013
34380369 16475069 5349711 17119
34587412 16575093 5382115 17225
34794857 16675354 5414611 17331
35002784 16775815 5447167 17331
35211183 16876457 5480392 17543
35421167 16977284 5512434 17543
35630271 17078255 5545138 17652
35840918 17280588 5577883 17760
36051835 17382504 5611285 17867
36262817 17484518 5643466 17974
36473818 17586542 5676289 18081
36684958 17688594 5709134 18187
36897529 17790683 5742204 18293
37108916 17892789 5775313 18401
37320187 17994897 5808235 18509
37532944 18097038 5841146 18616
37745738 18199194 5874281 18723
37957181 18301358 5907437 18831
38168568 18403513 5940588 18831
38381423 18505679 5973726 18938
38595604 18607848 6006862 19044
38808526 18710033 6040016 19150
39022653 18812777 6073164 19255
39235784 18915674 6106306 19360
39445888 18915674 6139334 19464
39655751 19017173 6172071 19570
39865867 19219086 6204634 19675
40076182 19320787 6237434 19780
40286652 19422620 6270281 19887
40497187 19523983 6303153 19994
40707871 19625949 6336041 20101
40918688 19728006 6368947 20208
41129548 19830093 6401863 20208
41340390 19932178 6434789 20316
41552797 20034294 6467727 20423
41765293 20136982 6500683 20529
41977722 20239701 6533662 20635
42190123 20341871 6566649 20743
42402548 20444550 6599645 20850
42614897 20547247 6632650 20957
42827303 20649924 6665684 21064
43039628 20752551 6698721 21171
43251962 20855150 6731775 21277
43464248 20957724 6765035 21383
43676459 21060275 6798302 21490
43888590 21162783 6831541 21597
44100755 21265283 6864765 21704
44312882 21367759 6898172 21811
44524984 21470215 6931573 21811
44737082 21572612 6964755 21918
44950440 21674997 6998096 22024
45163746 21777930 7031432 22130
45376838 21880335 7064749 22238
45589935 21983236 7097860 22345
45802950 22086133 7131149 22452
46015764 22188980 7164438 22559
46228466 22291762 7197707 22667
46441122 22394493 7230950 22774
46653730 22497183 7264379 22881
46866341 22599848 7297799 22988
47078845 22702473 7331192 22988
47291352 22805077 7364556 23094
47505126 22907658 7397901 23200
47718632 22907658 7430589 23306
47927544 23010207 7463852 23412
48135810 23211368 7496891 23517
48346404 23313338 7529612 23622
48559383 23416494 7562718 23729
48774441 23520649 7596156 23837
48991537 23625715 7629919 23945
49210311 23731573 7663968 24053
49430591 23838154 7698273 24164
49652228 23945337 7766846 24275
49875205 24053095 7801959 24386
50099266 24161364 7837242 24498
50324258 24270071 7872642 24611
50550230 24379177 7908155 24724
50778372 24488643 7943767 24837
51233954 24598424 7979465 24951
51465450 24708442 8015235 25064
51465450 24818739 8051089 25177
51697536 24929281 8087032 25291
52159907 25040023 8123031 25405
52392821 25150924 8159080 25519
52625916 25262565 8195171 25633
52857758 25374342 8231295 25747
53091044 25486176 8267455 25860
53324485 25598060 8303648 25973
53557915 25709983 8339880 26087
53791371 25821961 8376128 26087
54024902 25933945 8412602 26313
54258359 26046521 8449101 26313
54491780 26158587 8485596 26428
54725206 26270609 8522070 26543
54958650 26383199 8558542 26657
55191990 26495820 8595016 26771
55425337 26607860 8631481 26885
55660150 26719864 8667951 26998
55894899 26832482 8704414 27111
56129528 26945126 8740881 27225
56364187 27057207 8777356 27337
56598631 27170440 8813827 27449
56832933 27283680 8850288 27563
56832933 27396813 8886680 27676
57066700 27509591 8922677 27789
57297808 27621118 8958675 27903
57528854 27732598 8994018 32003
