137951 85473 29025 0
330974 189681 57414 0
587585 252174 94982 0
718275 377249 114402 0
992315 445625 159606 1270
1139876 518467 182428 1270
1292037 674020 205939 1270
1619146 756633 230843 1270
1790646 840655 282841 1270
1968668 926890 310056 1270
2153210 1015730 341169 1270
2341937 1198087 369666 1270
2531317 1291111 398729 1270
2723534 1385395 428283 1270
3116309 1480797 488637 1270
3316378 1577186 522266 1270
3518473 1674444 553282 2409
3720811 1771856 584338 2409
3923388 1869342 615418 2409
4129090 1967480 646517 2409
4336224 2066237 680461 2409
4543193 2165559 712230 2409
4749841 2264785 743988 2409
4957559 2364452 775905 2409
5166272 2464550 810328 2409
5375973 2565049 842520 2409
5585219 2665323 874631 3419
5795275 2765909 906855 3419
6006161 2866841 941339 3419
6216366 2967497 973581 3419
6427258 3067842 1005536 3419
6638886 3168477 1039535 3419
6849830 3269448 1071958 3419
7059970 3370718 1104293 3419
7270800 3471674 1138486 3419
7482402 3572865 1171010 3419
7694659 3674309 1203619 4316
7906113 3775420 1237717 4316
8118154 3876746 1269889 4316
8330846 3977753 1302146 4316
8541500 4078432 1335998 4316
8752624 4179361 1368461 4316
8963110 4279999 1400819 4316
9173823 4380760 1434465 4316
9379692 4479779 1466077 4316
9587613 4578456 1498759 5029
9796766 4677587 1530430 5029
10003189 4776107 1563176 5029
10210438 4875085 1594988 5029
10417476 4974009 1627806 5029
10624274 5073407 1660515 5029
10832046 5172716 1692400 5029
11039541 5271866 1725168 5664
11248063 5371451 1758035 5664
11455064 5470924 1789773 5664
11662981 5570244 1822113 5664
11870569 5669406 1854802 5664
12077842 5768406 1886651 5664
12284818 5867289 1919240 5664
12492814 5966645 1951949 6232
12700583 6065909 1984589 6232
12907926 6164461 2016784 6232
13114917 6262888 2048195 6232
13320330 6361832 2080494 6232
13525444 6460713 2112765 6232
13731858 6559479 2145195 6741
13938180 6658157 2177579 6741
14144285 6756225 2209561 6741
14350079 6854211 2241489 6741
14554482 6952169 2272959 6741
14758764 7050709 2305073 7198
14962983 7149250 2305715 7198
15167117 7247196 2337803 7198
15372677 7345081 2400564 7198
15578329 7442985 2432483 7198
15782677 7540902 2464637 7610
15986837 7638824 2496787 7610
16189936 7736228 2497400 7610
16394357 7833643 2529348 7610
16598820 7931106 2561093 7983
16803260 8028621 2592827 7983
17005382 8125639 2624562 7983
17005382 8222704 2656309 7983
17207728 8319954 2688067 8292
17407531 8416032 2719841 8292
17608656 8511644 2751038 8292
17808988 8607434 2782059 8292
18009632 8703460 2813155 8573
18210655 8799710 2843730 8573
18409609 8895602 2874977 8573
18809816 8991668 2906892 8830
19013742 9088879 2938279 8830
19013742 9185731 2969231 9066
19216780 9282654 3000652 9066
19418620 9380270 3032895 9066
19619380 9477455 3063808 9285
19820381 9574121 3095343 9285
20021667 9670858 3126903 9489
20223331 9767741 3158147 9489
20425319 9864750 3189419 9489
20626308 9961324 3220564 9679
20826245 10057989 3251973 9679
21025360 10154264 3283270 9857
21224922 10250668 3314611 10024
21423746 10346720 3345831 10024
21624340 10442923 3376906 10184
21824300 10538797 3407863 10184
22024739 10634867 3438914 10335
22223373 10730638 3470076 10335
22422351 10826051 3501318 10480
22620702 10921702 3532439 10618
22822565 11017077 3563635 10618
23023756 11112692 3594729 10751
23221768 11208004 3625691 10751
23420169 11303021 3656730 10880
23619219 11398302 3687862 11004
23817562 11493337 3718883 11125
24016388 11588111 3749972 11125
24214644 11682644 3780964 11244
24412193 11777489 3811846 11360
24609066 11872131 3842614 11475
24805293 11966548 3873294 11589
25003324 12061167 3903494 11589
25202147 12061167 3934202 11700
25395623 12155707 3964356 11809
25588250 12248623 3994411 11918
25780802 12341324 4024423 12024
25974742 12434129 4054682 12024
26166259 12526852 4084553 12128
26359329 12619007 4114675 12232
26554202 12806030 4145089 12337
26750910 12901476 4176371 12441
26949367 12997817 4207346 12545
27149384 13094891 4238564 12650
27350597 13192560 4269967 12754
27554378 13290760 4301764 12858
27759295 13389434 4333745 12962
27965047 13488537 4365860 13068
28378644 13588004 4398089 13173
28586463 13687805 4462233 13278
28795851 13788987 4494911 13385
29005624 13890427 4527664 13492
29215845 13991990 4560480 13598
29426400 14093654 4593335 13704
29637142 14195984 4626237 13811
29848068 14297873 4659166 13811
30059228 14399773 4692116 13918
30271977 14502310 4725307 14023
30484843 14604912 4758533 14128
30697707 14706992 4791762 14233
30910573 14809624 4824983 14338
31123418 14912299 4858196 14443
31336144 15015531 4891414 14549
31548879 15118230 4924634 14654
31761731 15221399 4957859 14759
31974605 15324560 4991090 14864
32187461 15427659 5024320 14970
32400156 15530686 5057535 15075
32612912 15633621 5090941 15180
32826964 15736513 5124352 15286
33040958 15839374 5157745 15286
33254872 15942198 5190486 15392
33468747 16044977 5223846 15497
33681864 16147483 5257100 15601
33891825 16248611 5289874 15705
34101691 16349712 5322631 15809
34311963 16450922 5355435 15913
34523887 16552855 5388489 16017
34734832 16654932 5421423 16123
34945993 16756544 5454384 16228
35158607 16858753 5487560 16333
35371364 16961043 5520763 16439
35582905 17063368 5553793 16439
35795769 17165675 5587242 16545
36010186 17268008 5620722 16650
36224657 17370363 5654187 16755
36438731 17472661 5687602 16862
36652717 17574974 5721003 16968
36866580 17677299 5754376 17074
37080251 17779642 5787731 17181
37293774 17881977 5821063 17288
37507245 17984313 5854380 17394
37720590 18087221 5887675 17500
37933755 18190142 5920956 17606
38146862 18293000 5954225 17712
38359967 18395805 5987485 17818
38572999 18498572 6020737 17924
38785895 18601309 6053977 17924
38998813 18703980 6087413 18030
39213037 18806632 6120849 18135
39428517 18909257 6154079 18240
39643434 19011863 6187480 18346
39859115 19115295 6221200 18452
40074572 19218706 6254893 18558
40289737 19322031 6288544 18664
40504562 19425248 6322141 18771
40719129 19528364 6355687 18876
40933545 19631963 6389195 18981
41147750 19735499 6422674 19087
41361705 19838925 6456114 19192
41575569 19942234 6489530 19296
41791769 20045867 6523294 19400
42007798 20149985 6557050 19400
42223225 20253359 6590694 19505
42436169 20355094 6623653 19608
42648805 20457289 6656566 19711
42860207 20559550 6689699 19815
43071624 20661834 6722863 19919
43283219 20764144 6756032 20023
43494910 20866475 6789206 20127
43706676 20968832 6822388 20232
43919860 21071204 6855393 20336
44133192 21174150 6888403 20440
44345318 21277108 6921640 20544
44557321 21380023 6954889 20649
44769475 21482896 6988142 20753
44981740 21585728 7021396 20856
45196748 21688525 7054650 20856
45410532 21791275 7087078 20961
45624177 21893970 7120553 21065
45837709 21996643 7154670 21169
46050989 22099284 7187481 21274
46264139 22201894 7220891 21380
46478555 22304464 7254097 21485
46692891 22407013 7287275 21590
46905851 22509546 7320640 21695
47118585 22612073 7354012 21800
47331371 22714579 7387367 21904
47545452 22817649 7420899 22008
47759424 22920721 7454077 22113
47973199 23023726 7487221 22218
48187946 23126670 7520781 22323
48402496 23229941 7554479 22429
48615604 23333161 7587967 22536
48829782 23436305 7621599 22536
49046826 23539359 7655216 22746
49263701 23642357 7688791 22746
49480062 23745302 7722322 22852
49695058 23848205 7756038 22958
49909716 23951069 7789725 23064
50124104 24053894 7823363 23170
50339551 24156682 7856776 23277
50554845 24259427 7890137 23383
50769694 24362136 7890759 23488
50980644 24464081 7924097 23594
51191329 24565987 7957169 23700
51402191 24667935 7990213 23806
51613182 24769905 8023268 23912
51825271 24871920 8056336 23912
52038778 24974386 8121835 24019
52253739 25076897 8155098 24124
52467376 25179408 8188563 24229
52680816 25281909 8222031 24334
52894088 25384397 8255470 24439
53107396 25486884 8288890 24543
53321951 25589933 8322111 24647
53536368 25692987 8355316 24753
53749500 25795472 8388716 24858
53962500 25898461 8422108 24963
54175409 26002022 8455491 25069
54388248 26105023 8456132 25069
54602420 26207909 8522024 25175
54817958 26311298 8555374 25279
55032220 26414655 8588938 25383
55246158 26517923 8622490 25488
55460075 26621100 8656018 25593
55673893 26724212 8689513 25698
55888803 26827260 8722806 25804
56103636 26930250 8756074 25910
56317153 27033190 8789533 26015
56530483 27136647 8822988 26120
56743709 27240073 8856421 26226
56956840 27343407 8857058 26331
57171309 27446642 8890462 26436
57385758 27549799 8956248 26541
57598855 27652884 8989010 29533
