208670 81320 19718 0
423934 180602 62811 0
554001 306400 81805 0
849719 378363 125526 1568
1012752 536142 149844 1568
1180638 620025 204857 1568
1537169 707391 232108 1568
1724758 797220 260409 1568
1918265 985022 289675 1568
2116951 1082453 319778 1568
2320344 1181868 385346 1568
2737603 1283016 417464 1568
2950275 1385036 449850 1568
3165947 1488368 482681 1568
3384307 1592931 515941 1568
3605030 1698585 552442 2984
3827664 1805192 586402 2984
4049417 1911459 620238 2984
4272746 2018450 654330 2984
4497641 2126206 691262 2984
4724053 2234625 725847 2984
4937281 2343629 760433 2984
5145908 2446852 793239 2984
5352269 2546891 827073 2984
5559379 2646887 858792 2984
5766260 2747238 890462 2984
5974177 2847377 922288 2984
6182982 2947834 956186 2984
6392711 3048621 988296 4103
6601877 3149139 1020322 4103
6810324 3249344 1054000 4103
7019520 3349840 1086041 4103
7228208 3450085 1117995 4103
7437653 3550629 1151676 4103
7647918 3651481 1183867 4103
7857436 3752052 1215956 4103
8067642 3852885 1249622 4103
8277266 3954017 1281923 4103
8487509 4054847 1315483 5094
8698484 4155905 1347762 5094
8907579 4256123 1381022 5094
9117209 4356571 1413103 5094
9326074 4456731 1446258 5094
9535698 4557156 1478341 5094
9744856 4657343 1511455 5094
9954759 4757850 1543577 5094
10164058 4858112 1576654 5094
10374072 4958667 1608805 5094
10583527 5058975 1641845 5974
10793694 5159584 1674944 5974
11002004 5259421 1706842 5974
11209707 5358976 1739535 5974
11418309 5458909 1772320 5974
11626500 5558665 1804193 5974
11834204 5658216 1836821 5974
12041504 5758151 1869554 5974
12249787 5857922 1902210 5974
12457700 5957484 1934023 6756
12663909 6056859 1966519 6756
12869767 6156065 1998931 6756
13076688 6255107 2031265 6756
13076688 6354054 2062854 6756
13283371 6451254 2094524 6756
13486069 6548289 2126140 6756
13688508 6645974 2157767 6756
13891116 6743748 2189618 7380
14093836 6841535 2221300 7380
14295427 6938787 2252971 7380
14498454 7036059 2284654 7380
14701717 7133386 2316345 7380
14904983 7230764 2348043 7380
15108262 7328188 2379122 7937
15311533 7425658 2411442 7937
15514858 7522637 2442963 7937
15716970 7619658 2473873 7937
15919043 7716757 2505433 7937
16121318 7813945 2537020 7937
16323786 7911802 2568629 8436
16526427 8009201 2600268 8436
16727880 8106055 2631741 8436
16929557 8203545 2663234 8436
17131564 8301155 2694755 8436
17333696 8398801 2726316 8885
17536029 8496476 2726924 8885
17738596 8593658 2789350 8885
17940191 8690874 2821012 8885
18141943 8788164 2852540 8885
18343863 8885512 2884090 9290
18546056 8982920 2915876 9290
18747295 9079865 2947501 9290
18948691 9176861 2979133 9290
19150305 9273964 3010795 9656
19352251 9371165 3042478 9656
19554422 9467921 3073982 9656
19755587 9564741 3105513 9656
19956913 9661672 3137067 9988
20158469 9758695 3137659 9988
20360312 9855281 3169235 9988
20562401 9951961 3200665 10291
20763403 10048783 3232117 10291
20964729 10145197 3263603 10291
21166378 10241742 3294938 10547
21368142 10336904 3326311 10547
21566726 10431651 3357214 10547
21764255 10526665 3387369 10782
21962438 10621981 3418798 10782
22161157 10717032 3449741 10782
22359113 10812325 3479988 10999
22557462 10907895 3510901 10999
22755112 11003181 3541702 11201
22953242 11098695 3572581 11201
23150677 11193928 3603555 11390
23348618 11289388 3634429 11390
23547178 11384535 3665371 11568
23744976 11479924 3696196 11568
23943262 11575047 3727104 11736
24140827 11670404 3757917 11736
24338991 11765493 3788811 11895
24536516 11860842 3819614 11895
24733395 11955935 3850511 12046
24930872 12051269 3881317 12191
25127849 12146352 3912026 12191
25325489 12241688 3942832 12329
25522474 12336776 3973565 12463
25718805 12431575 4004207 12463
25915826 12526648 4034938 12593
26112445 12622049 4065605 12718
26308531 12717199 4096378 12718
26505277 12811575 4127090 12841
26701558 12906203 4157707 12961
26897294 13001199 4188238 13078
27092482 13095979 4218690 13194
27287133 13095979 4249259 13194
27482639 13284794 4279760 13309
27677854 13379429 4310196 13421
27872669 13379429 4340575 13533
28067087 13473895 4370898 13645
28261119 13568147 4401167 13645
28456164 13662191 4431586 13754
28650931 13756064 4462157 13861
28845309 13849787 4492679 13968
29039502 13943371 4522370 14075
29230065 14037422 4552783 14075
29420345 14129785 4583333 14281
29609919 14220896 4612967 14386
29800236 14313049 4642114 14386
29994162 14500548 4672950 14491
30191609 14595688 4703540 14596
30390818 14692220 4734409 14701
30590125 14788924 4765516 14808
30790698 14886794 4796830 14914
30993881 14985222 4828339 15020
31198119 15084089 4891648 15127
31608869 15183342 4923796 15235
31816764 15282941 4956060 15341
32025270 15382857 4988411 15447
32234149 15483037 5020842 15554
32443333 15583446 5053342 15661
32652858 15684069 5085909 15768
32862580 15785453 5118519 15875
33072460 15887003 5151178 15985
33282604 15988126 5183884 15985
33493084 16089890 5216643 16093
33703645 16191786 5249638 16201
33914266 16293737 5282657 16310
34125080 16395726 5315681 16419
34337406 16497751 5348718 16527
34549834 16599813 5381761 16635
34762176 16701922 5414814 16744
34974566 16804044 5447878 16852
35186903 16906182 5480941 16960
35399215 17008908 5514019 17068
35611520 17111667 5547100 17176
35823764 17214384 5580180 17282
36036003 17317042 5613454 17388
36248218 17419673 5646734 17388
36460346 17522278 5679994 17495
36672546 17624853 5713244 17602
36886065 17727403 5746482 17709
37099517 17829934 5779716 17816
37311634 17932441 5812292 17925
37524514 18034776 5845435 18033
37734365 18136199 5878712 18140
37944073 18237586 5911381 18248
38153987 18338536 5943453 18356
38364260 18439587 5976827 18463
38574723 18541975 6009627 18570
38785376 18644500 6042473 18570
38996253 18746519 6074720 18678
39207364 18849065 6108464 18784
39419907 18951655 6141608 18890
39631352 19054237 6174121 18998
39844206 19156801 6207289 19105
40057167 19259348 6240454 19212
40270021 19361883 6273609 19319
40482761 19464405 6306763 19427
40695441 19566902 6339914 19533
40908191 19669941 6373072 19639
41120910 19772990 6406421 19746
41333496 19875971 6439591 19853
41546161 19978870 6472753 19853
41758859 20081723 6506330 20065
41971447 20184539 6539908 20065
42184992 20287314 6573228 20174
42398580 20390439 6606924 20282
42613380 20493532 6640604 20389
42828050 20596560 6674232 20496
43042456 20699514 6707644 20603
43256775 20802410 6741214 20709
43472189 20905260 6774754 20815
43686177 21008069 6808263 20923
43899862 21110834 6841729 21031
44114693 21213558 6875162 21139
44329369 21316812 6908554 21247
44542622 21420038 6941931 21356
44755724 21523184 6975296 21356
44970138 21626260 7008841 21464
45184480 21729271 7042364 21572
45397323 21832205 7075853 21681
45612848 21935060 7109316 21789
45828340 22037868 7142747 21896
46043129 22140600 7176116 22003
46253601 22241497 7208832 22110
46463676 22342212 7241497 22216
46463676 22443020 7242115 22322
46882112 22544566 7306544 22428
47092463 22645777 7339256 22535
47305277 22748034 7372350 22642
47520293 22851392 7405796 22749
47737262 22955755 7439792 22859
47955942 23061012 7473872 22969
48176237 23167055 7508393 23079
48399323 23273806 7543136 23190
48623644 23381188 7578066 23302
48848965 23489111 7613158 23414
49075234 23597518 7648401 23527
49302246 23815610 7683772 23641
49529831 23925178 7719254 23755
49758094 24035049 7754826 23869
49986928 24145209 7790491 23869
50216261 24255624 7826257 23983
50446041 24366822 7862096 24097
50676309 24478222 7898003 24211
50906973 24589747 7933974 24325
51137875 24701359 7970002 24439
51369127 24813058 8006070 24552
51600677 24925413 8042390 24665
51832357 25037284 8078759 24781
52064180 25149159 8114942 24897
52296279 25261662 8151338 25013
52529881 25374228 8187763 25130
52762442 25486253 8224206 25247
52996339 25598828 8260654 25364
53230376 25711440 8297103 25481
53464310 25824025 8333553 25599
53698152 25936585 8370001 25716
53932034 26049118 8406447 25833
54165888 26161632 8442896 25833
54399704 26274143 8479358 25950
54633589 26387217 8515823 26066
54867534 26500289 8552302 26182
55101525 26612988 8588790 26299
55334846 26724402 8625183 26414
55565403 26835725 8661315 26528
55797286 26947149 8697657 26643
56029413 27058679 8733846 26759
56260492 27170299 8770036 26874
56493152 27282007 8806466 26989
56726017 27393787 8842927 27106
56958888 27505629 8879196 27222
57191898 27617535 8915667 27338
57424934 27729500 8952158 28879
57658007 27841513 8988653 31035
