19906 24702 0 1909
60684 106705 13703 1909
114493 143701 27510 2842
291911 223755 56065 2842
493537 323709 86246 2842
743519 447097 106659 2842
881577 515315 147251 2842
1028169 587661 169492 3767
1337861 740884 192599 3767
1502058 821730 243737 3767
1674353 904597 269701 3767
1850584 989207 296271 3767
2031355 1075996 323587 3767
2405178 1164805 353586 3767
2595960 1255427 382223 3767
2789719 1439329 440886 4600
2985887 1533428 473105 4600
3184555 1628121 503619 4600
3384094 1723217 534227 4600
3585632 1819265 566789 4600
3789012 1916722 597968 4600
3993717 2014964 630669 4600
4199955 2113748 662297 5343
4408657 2213060 694332 5343
4617220 2312298 727746 5343
4825369 2411391 759677 5343
5033110 2510805 792842 5343
5242945 2610674 825025 5343
5452405 2710830 858364 5343
5663828 2811371 890775 6007
5876173 2912279 924448 6007
6087818 3013500 956696 6007
6297368 3113894 989706 6007
6507600 3214541 1021759 6007
6717378 3314962 1054767 6007
6927933 3415133 1087125 6007
7137856 3515037 1120356 6601
7348552 3615291 1153640 6601
7557465 3715349 1185567 6601
7765769 3815177 1218261 6601
7972929 3914699 1250758 6601
8176198 4013006 1281995 7089
8380457 4110962 1313971 7089
8586154 4209487 1346140 7089
8790738 4307496 1378121 7089
8995243 4405458 1410076 7089
9199689 4503428 1441329 7528
9404157 4601411 1473293 7528
9608604 4699392 1505235 7528
9813166 4797264 1537391 7528
10018797 4895148 1569709 7925
10224404 4993628 1601826 7925
10429861 5092108 1633891 7925
10634044 5190027 1665755 7925
10838173 5287907 1697617 8285
11042233 5385774 1728833 8285
11246348 5483664 1760708 8285
11450651 5581581 1792598 8285
11655099 5679512 1824493 8612
11859517 5777445 1856398 8612
12062709 5874855 1888117 8612
12265961 5972276 1919839 8612
12469389 6069768 1951586 8911
12672875 6167329 1983351 8911
12875213 6264405 2014938 8911
13077721 6361539 2046538 9185
13280375 6458761 2078168 9185
13481729 6556083 2109788 9437
13684643 6653332 2141436 9437
13886687 6750125 2172929 9437
14088918 6847008 2204455 9671
14291399 6944022 2236031 9671
14492899 7040601 2267454 9888
14694653 7137281 2298913 9888
14896699 7234009 2330383 9888
15098698 7330853 2361904 10090
15300943 7427817 2393461 10090
15502283 7524359 2424879 10280
15703878 7621026 2456332 10280
15903407 7717839 2487042 10458
16103420 7814772 2487644 10458
16299414 7909785 2519003 10619
16497229 8004381 2549727 10771
16694561 8098741 2580514 10771
16890217 8193438 2611227 10918
17086682 8288519 2672028 10918
17283770 8383423 2702868 11058
17483055 8478467 2733840 11193
17681773 8573263 2734432 11193
17879848 8667829 2795502 11326
18079995 8763332 2826609 11453
18279652 8858654 2827187 11577
18476381 8953709 2858247 11577
18672374 9049032 2919107 11699
18870649 9144652 2950115 11816
19069787 9239513 2950695 11931
19266137 9334083 2981657 11931
19463079 9428983 3042525 12045
19661973 9524244 3073592 12156
19861634 9619151 3074176 12266
20059415 9714342 3105173 12376
20256520 9809295 3136051 12376
20453061 9903995 3166837 12484
20649121 9998461 3197537 12591
20844674 10092711 3228163 12698
21041172 10187321 3258712 12804
21237379 10281774 3289397 12908
21433095 10376024 3320033 13012
21628281 10376024 3350598 13117
21823031 10470093 3381083 13117
22017517 10563985 3411494 13222
22211701 10751343 3441860 13326
22211701 10751343 3472184 13429
22599443 10845399 3502480 13534
22794297 10938865 3532736 13637
22988959 11032741 3563156 13739
23183322 11126534 3593549 13841
23183322 11220219 3623904 13841
23377391 11313784 3654205 13943
23571194 11407238 3683892 14044
23764801 11500601 3714140 14145
23958397 11594427 3743803 14246
24148020 11686089 3773398 14345
24338775 11778156 3803223 14443
24526326 11869021 3832834 14542
24717212 11960893 3862573 14643
25105809 12053914 3893235 14745
25303050 12242963 3923644 14847
25502007 12338792 3954356 14949
25702356 12435359 4015969 15053
25903727 12532580 4047604 15053
26107424 12630826 4079597 15260
26315086 12730672 4111910 15364
26523763 12830959 4144360 15364
26731657 12930979 4176703 15472
26941372 13031777 4209334 15578
27151536 13132828 4242048 15684
27360757 13234050 4275016 15790
27570191 13335411 4308021 15896
27781354 13436896 4340881 16002
27992901 13538505 4373767 16109
28204588 13640222 4406688 16217
28416317 13742029 4439633 16324
28628291 13843921 4472623 16431
28840392 13945897 4505646 16539
29051387 14047932 4538893 16648
29262523 14150034 4572159 16756
29475206 14252758 4605254 16863
29689328 14355527 4638545 16971
29903418 14458269 4671846 16971
30117475 14560985 4705141 17079
30331480 14663685 4738436 17186
30545413 14766366 4771737 17293
30758024 14869027 4805223 17401
30970622 14971681 4838708 17508
31184584 15074330 4872002 17615
31398605 15176973 4905288 17723
31612525 15279607 4938565 17831
31826492 15382240 4971846 17939
32041795 15485436 5005365 18046
32256518 15588428 5038811 18046
32466542 15690148 5071823 18154
32678979 15792270 5105201 18260
32894510 15895022 5138622 18366
33108869 15997810 5171861 18473
33323022 16100072 5204441 18580
33537162 16202873 5238707 18686
33751186 16305710 5272354 18792
33964977 16408530 5305318 18900
34180009 16511322 5338705 19008
34395066 16614100 5372699 19116
34609923 16716866 5405416 19224
34824505 16819613 5438756 19332
35037871 16922343 5472296 19440
35251174 17025063 5505837 19547
35465713 17128348 5539550 19658
35680191 17231102 5572895 19658
35895913 17334339 5606397 19767
36111476 17437558 5639889 19875
36326844 17540706 5673373 19983
36540794 17643799 5707033 20092
36754586 17746805 5740673 20200
36969557 17849768 5774091 20308
37184343 17952682 5807471 20417
37398928 18055547 5840825 20526
37613425 18158372 5874176 20634
37827756 18261175 5907513 20742
38040724 18363957 5941043 20852
38253550 18466701 5974553 20960
38469134 18569977 6008040 21068
38684751 18673247 6041502 21177
38900029 18776446 6074938 21177
39114829 18879562 6108554 21286
39329367 18983025 6142290 21504
39543688 19086423 6175989 21504
39759042 19189728 6209463 21615
39974344 19292939 6242903 21724
40189468 19396088 6276322 21833
40404341 19499172 6309724 21943
40617745 19602186 6343291 22053
40831058 19705120 6376821 22161
41042495 19807194 6409736 22269
41255122 19909187 6442627 22269
41466745 20011225 6475548 22379
41678471 20113319 6508926 22487
41890313 20215465 6542332 22595
42103422 20317644 6575542 22704
42316597 20419851 6608723 22813
42529749 20522070 6641900 22921
42742773 20624320 6675062 23029
42955514 20726493 6708200 23138
43168293 20828680 6741353 23246
43381186 20930888 6774528 23353
43594146 21033140 6807724 23460
43805886 21135986 6841123 23567
44017667 21238837 6874532 23673
44232353 21341668 6907926 23779
44447167 21445038 6941318 23779
44661775 21547867 6974689 23887
44876340 21650613 7008061 23994
45090810 21753892 7041430 24101
45305141 21857153 7074796 24208
45519263 21959822 7108139 24316
45732143 22062960 7141664 24423
45946225 22166095 7175391 24530
46160217 22269172 7208747 24638
46374111 22372180 7241415 24746
46589225 22475131 7275335 24853
46804287 22578032 7308827 24960
47019184 22681459 7342149 25067
47232538 22784865 7375017 25067
47448596 22888610 7409779 25172
47665896 22992267 7443702 25277
47882812 23095800 7476897 25383
48099338 23199214 7510667 25489
48315528 23302532 7544382 25595
48531305 23405752 7578034 25701
48746702 23508888 7611643 25808
48961786 23611930 7645200 25914
49176598 23714897 7678709 26020
49391029 23817785 7712167 26126
49601560 23918944 7745029 26232
49812011 24020051 7777869 26337
50022729 24121849 7810743 26442
50233582 24223794 7843654 26548
50444585 24325803 7876591 26548
50653602 24426832 7909223 26654
50866202 24528874 7942410 26867
51081226 24632052 7975976 26867
51298169 24736260 8009855 26977
51517077 24841383 8044680 27197
51737616 24947321 8079116 27197
51959584 25054000 8113115 27309
52182840 25161305 8148636 27421
52407258 25269185 8183676 27533
52632700 25377571 8218874 27646
52858955 25595647 8254199 27759
53086086 25705828 8289655 27871
53314032 25816334 8325239 27983
53771730 25927065 8360918 28096
54002829 26037989 8396684 28207
54234413 26149077 8432751 28318
54466178 26260317 8468893 28430
54698211 26371686 8505071 28543
54930449 26483175 8541284 28656
55162886 26594754 8577533 28769
55395375 26706421 8613807 28882
55628101 26818150 8650093 28994
55860972 26929960 8686415 29106
56093941 27041847 8722764 29219
56327071 27153806 8759133 29331
56560228 27265784 8795521 29443
56793480 27377821 8831922 29556
57026749 27489893 8868331 29556
57260151 27601990 8904740 29669
57493659 27714703 8941174 29895
57727257 27827458 8976932 33783
