193449 45501 29547 0
420673 150421 60970 0
710386 283760 103789 0
874812 360822 128452 1205
1031380 510641 152098 1205
1352356 589803 203958 1205
1528882 763386 230552 1205
1713492 856115 258424 1205
1906847 952578 287692 1205
2300919 1049344 347747 1205
2501389 1146851 381292 1205
2703693 1245077 412173 1205
2906159 1343337 443099 1205
3110141 1442145 474255 2292
3315586 1541501 505644 2292
3520987 1641349 539703 2292
3727418 1741042 571264 2292
3933703 1840519 602800 2292
4141057 1940393 634508 2292
4349432 2040693 666382 2292
4558732 2141345 700806 2292
4767599 2242312 732953 2292
4977215 2343010 765023 2292
5187570 2443960 797199 3258
5398642 2545188 831657 3258
5607874 2646096 863838 3258
5817707 2746685 895916 3258
6028282 2847529 930070 3258
6239513 2948664 962355 3258
6450036 3049497 994538 3258
6661104 3150568 1028611 3258
6872789 3251907 1060987 3258
7083663 3352907 1093244 3258
7295114 3454120 1127239 4117
7507218 3555586 1159687 4117
7717333 3656186 1191839 4117
7927826 3756985 1225566 4117
8139100 3858076 1257893 4117
8349627 3958867 1291505 4117
8560626 4059906 1323808 4117
8770978 4161211 1356007 4117
8981994 4262187 1389594 4881
9193640 4363389 1421993 4881
9403524 4463762 1455228 4881
9609457 4564436 1487419 4881
9814678 4662915 1519926 4881
10019712 4761666 1552478 4881
10225965 4860368 1584019 4881
10432099 4959550 1616477 5492
10639383 5058659 1648162 5492
10845080 5157098 1680513 5492
11050422 5255987 1712975 5492
11256919 5354794 1744552 5492
11463286 5453491 1776916 5492
11669363 5552674 1809417 6038
11876462 5651767 1841856 6038
12082064 5750179 1873282 6038
12287330 5848469 1905410 6038
12492405 5947285 1937697 6038
12698639 6046061 1969946 6038
12904805 6144725 2002147 6528
13110669 6243292 2034295 6528
13315022 6341243 2065545 6528
13519207 6439132 2097449 6528
13723424 6537587 2129342 6528
13927651 6636052 2161435 6969
14133239 6734467 2193528 6969
14337526 6832298 2225410 6969
14541734 6930069 2257270 6969
14745861 7027838 2289119 7367
14745861 7125616 2320968 7367
14949917 7222877 2352624 7367
15152711 7320148 2384274 7367
15355540 7417487 2415939 7367
15558449 7514894 2447623 7728
15761442 7612361 2478508 7728
15963256 7709342 2510030 7728
16165216 7806952 2541589 8056
16367430 7904648 2542194 8056
16569857 8001367 2573787 8056
16771273 8098680 2636089 8056
16972898 8196120 2667809 8355
17174808 8293624 2668408 8355
17376907 8390696 2700172 8355
17578217 8486570 2731604 8607
17776923 8582483 2762777 8607
17975908 8678055 2793996 8607
18174145 8773841 2825091 8838
18372803 8869861 2856240 8838
18570863 8965576 2887458 9053
18769500 9061491 2918563 9053
18970084 9157095 2949736 9053
19168741 9252894 2980786 9253
19367789 9348935 3011887 9253
19567468 9444654 3042897 9440
19767594 9540533 3073979 9440
19965693 9636094 3105125 9616
20165552 9731864 3136152 9616
20364817 9827333 3167259 9782
20564495 9923016 3198257 9782
20763357 10018421 3229324 9939
20962694 10113506 3260283 9939
21161388 10208849 3291139 10089
21360496 10303933 3322080 10232
21558745 10399270 3352322 10232
21756202 10399270 3383036 10372
21954216 10589117 3413838 10506
22151562 10589117 3444549 10636
22348231 10684187 3475357 10636
22545432 10779030 3506074 10764
22742153 10873620 3536702 10887
22938273 10968525 3567246 10887
23135048 11063215 3597906 11007
23331320 11157676 3628498 11125
23527161 11251916 3659019 11239
23722524 11346509 3689661 11351
23918669 11440936 3720240 11351
24114313 11535154 3750731 11463
24309464 11629171 3781148 11572
24504222 11723566 3811508 11679
24698641 11817814 3842014 11679
24892679 11911888 3872477 11786
25087745 12005788 3902875 11892
25282568 12099536 3933215 11996
25477162 12193734 3963531 12097
25668059 12286722 3993299 12097
25858633 12379015 4023011 12198
26050530 12471229 4052918 12297
26242515 12564021 4082846 12396
26432323 12656843 4112397 12495
26623965 12748729 4142240 12596
26817843 12842132 4172421 12697
27013628 13031872 4202913 12798
27211145 13127985 4233692 12900
27410252 13225383 4264723 13002
27610801 13323407 4295978 13104
27812673 13421941 4327445 13206
28015705 13520928 4390725 13310
28424689 13620305 4422877 13415
28631874 13720029 4455148 13519
28839788 13820057 4487712 13623
29048052 13920341 4520177 13728
29256789 14020835 4552694 13833
29465884 14121536 4585468 13938
29675295 14222422 4618305 14044
29884972 14323480 4650998 14150
30095071 14424673 4683730 14150
30305462 14526587 4716710 14255
30516106 14628629 4749940 14359
30726876 14730719 4783012 14463
30939242 14832841 4816284 14566
31151772 14935001 4849560 14669
31364246 15037191 4882831 14773
31576652 15139400 4916086 14878
31789068 15241617 4949324 14982
32002742 15343859 4982540 15086
32215206 15446117 5015753 15191
32427478 15548393 5048959 15296
32641038 15650673 5082148 15401
32854607 15752972 5115329 15506
33066761 15855278 5148508 15613
33278813 15957582 5181673 15720
33492236 16059892 5214836 15826
33704964 16162773 5247911 15932
33914688 16265371 5280551 15932
34124396 16366607 5313180 16038
34334415 16467806 5346061 16143
34544645 16569113 5378984 16248
34755019 16670547 5411935 16354
34967018 16772081 5444917 16460
35179158 16873716 5477913 16565
35391288 16975431 5510919 16670
35603437 17077221 5543940 16777
35815622 17179084 5576976 16883
36027830 17281012 5610022 16989
36240080 17383557 5643081 17097
36452277 17485643 5676143 17205
36664552 17588265 5709221 17313
36876849 17690917 5742307 17421
37089040 17793563 5775396 17531
37301163 17896181 5808479 17531
37513342 17998756 5841562 17641
37725568 18101322 5874850 17750
37937787 18203879 5908156 17859
38150001 18306429 5941440 17970
38363534 18408955 5974707 18079
38577018 18511454 6007951 18188
38790345 18613934 6041187 18298
39003491 18716395 6074396 18408
39216642 18818851 6107610 18517
39429753 18922482 6140829 18626
39642711 19025594 6174045 18626
39855602 19128585 6207247 18736
40068531 19231502 6240648 18844
40282623 19334922 6274047 18952
40495422 19437771 6307419 19063
40709392 19540518 6340764 19174
40923348 19643777 6374088 19284
41137073 19746999 6407390 19394
41350537 19850128 6440656 19505
41563870 19953158 6473905 19615
41777101 20056106 6507142 19724
41990198 20159553 6540379 19834
42203170 20262436 6572967 19944
42412929 20365658 6605708 20052
42622657 20467361 6638415 20160
42832656 20568994 6671166 20160
43042861 20670697 6703963 20269
43253350 20772479 6737007 20377
43465340 20874328 6770271 20484
43677427 20976249 6803550 20591
43888366 21078227 6836642 20700
44100742 21180245 6869922 20808
44313230 21282312 6903204 20916
44525717 21384419 6936476 21025
44738160 21486559 6969558 21133
44950622 21588714 7002824 21240
45163089 21691464 7036093 21347
45375453 21794249 7069356 21347
45587899 21896977 7102611 21454
45800416 21999654 7136055 21560
46014197 22102317 7169496 21666
46226784 22204956 7202925 21772
46439264 22307560 7236321 21878
46654555 22410144 7269695 21983
46869804 22512709 7303044 22088
47084712 22615262 7336365 22194
47299405 22717801 7369680 22300
47513845 22820328 7402973 22406
47727978 22922846 7436250 22512
47940675 23025336 7469513 22619
48154576 23127812 7502761 22725
48368382 23230281 7535989 22831
48582005 23332741 7569205 22938
48795366 23435177 7602402 23045
49008702 23537591 7635597 23151
49221884 23640563 7668779 23257
49434875 23743531 7701953 23257
49647778 23846439 7735118 23364
49860699 23949275 7768475 23470
50073489 24052069 7801830 23576
50286142 24154821 7835166 23683
50498801 24257527 7868477 23790
50712623 24360202 7901762 23896
50923805 24462840 7934639 24002
51134652 24564255 7967479 24109
51345607 24665627 8000333 24216
51556621 24767084 8033200 24323
51767687 24868632 8066086 24430
51978846 24970274 8098996 24539
52190129 25071990 8131932 24646
52401539 25174336 8164888 24753
52613032 25276757 8197861 24861
52824476 25379182 8230837 24861
53036001 25481579 8263825 24969
53247674 25583969 8297030 25076
53459381 25686931 8330265 25183
53671104 25789379 8363482 25291
53884242 25891756 8396683 25398
54097440 25994695 8429883 25505
54310480 26097626 8463084 25612
54523416 26199987 8496266 25720
54736419 26302854 8529451 25827
54949273 26405736 8562624 25934
55162046 26508565 8595798 26042
55374763 26611334 8628341 26149
55587563 26714631 8662147 26256
55800301 26817902 8695331 26363
56012912 26921095 8728518 26363
56225603 27023681 8761070 26472
56438335 27126759 8795090 26579
56651052 27229822 8828478 26686
56863695 27332824 8861209 26794
57077706 27435766 8894565 26901
57291719 27538645 8928098 27008
57505540 27641471 8961603 27115
57505540 27744240 8994887 30419
