24723 88444 6960 864
79617 125200 16731 864
211607 210790 41368 1998
380752 308596 65932 1998
597811 365791 98367 1998
856702 496091 117554 1998
1000622 568072 160539 1998
1150709 643521 186443 1998
1472526 803321 210671 1998
1641525 886686 261925 1998
1816032 972405 288729 3055
1995508 1060287 316293 3055
2179376 1149406 346568 3055
2369034 1238995 375214 3055
2559390 1329477 404442 3055
2947219 1515512 464294 3055
3145612 1610821 497055 3055
3347989 1706977 528081 3055
3552414 1803406 558998 3055
3758332 1900627 592179 3998
3964353 1998614 623819 3998
4169112 2097280 655702 3998
4373750 2195954 687373 3998
4579696 2295156 721037 3998
4778373 2389609 721037 3998
4971516 2481787 780231 3998
5166392 2574902 811234 3998
5362157 2669270 841629 3998
5559951 2764611 872378 4752
5761684 2860771 905060 4752
5967189 2957822 936383 4752
6171602 3055045 968663 4752
6377225 3152924 999829 4752
6582894 3250896 1032262 4752
6788484 3348892 1064183 4752
6992804 3447493 1097274 5424
7201508 3546688 1128976 5424
7410337 3645844 1161711 5424
7618749 3744868 1193325 5424
7825520 3844354 1225928 5424
8032983 3944211 1259131 5424
8241566 4043356 1291507 5424
8452797 4142914 1324720 6025
8663561 4242934 1356729 6025
8871386 4342792 1389332 6025
9079953 4443040 1422032 6025
9288167 4543101 1454681 6025
9495959 4642942 1486455 6564
9705936 4743190 1519344 6564
9916989 4842983 1552374 6564
10127249 4942547 1585095 6564
10335557 5042500 1616967 6564
10543404 5142878 1649933 6564
10750989 5243070 1682841 7048
10960626 5343035 1715618 7048
11169913 5442128 1748102 7048
11378776 5541028 1780502 7048
11585917 5640383 1812846 7048
11792672 5739637 1845154 7484
11999156 5838765 1876762 7484
12205530 5937777 1908997 7484
12411757 6036686 1941206 7484
12617762 6135506 1973390 7877
12823669 6234231 2005551 7877
13030592 6332941 2037854 7877
13233415 6430157 2069520 7877
13435958 6527274 2101154 7877
13637824 6624074 2132679 8203
13840021 6720974 2164241 8203
14041287 6817465 2195660 8203
14242830 6914088 2227131 8499
14444661 7010872 2258644 8499
14645630 7107255 2290021 8499
14846968 7203780 2321457 8770
15048589 7300481 2352947 8770
15249312 7396789 2384293 8770
15450494 7493235 2415705 9019
15652190 7589871 2447189 9019
15853049 7686143 2478552 9019
16054203 7782570 2509359 9248
16256997 7879647 2541607 9248
16461278 7976889 2573478 9460
16667106 8074092 2604793 9460
16869642 8170843 2636372 9460
17072226 8268273 2668389 9659
17275144 8365857 2701054 9659
17478242 8462983 2732170 9844
17680374 8559639 2763719 9844
17882755 8656394 2795286 10019
18085451 8753306 2826894 10019
18287166 8849807 2858355 10184
18488960 8946399 2889843 10341
18689970 9042624 2921203 10341
18891254 9138993 2952412 10490
19091639 9235012 2983692 10490
19291108 9330667 3014845 10633
19491062 9426534 3046068 10770
19690253 9522101 3077171 10770
19888675 9617347 3108153 10902
20087567 9712845 3139213 11031
20285884 9808086 3170184 11031
20483568 9903054 3201050 11155
20681903 9998317 3232015 11275
20879537 10093342 3232609 11392
20879537 10093342 3263459 11392
21076820 10188193 3294245 11505
21269713 10281049 3324361 11615
21463206 10374208 3354576 11725
21656466 10467311 3384752 11834
21849518 10560331 3414894 11834
22042400 10653292 3445008 11941
22235169 10746217 3475107 12047
22427757 10931927 3504605 12153
22620153 11025272 3534653 12256
22813782 11118590 3565454 12358
23007292 11118590 3595090 12460
23200492 11211818 3625261 12460
23393407 11304950 3655387 12562
23586206 11491008 3685491 12662
23778892 11584510 3715575 12762
23971490 11677972 3745650 12862
24163936 11771341 3775705 12961
24357542 11771341 3805931 13059
24551106 11864611 3836150 13157
24744510 11957799 3866347 13256
24937614 12050924 3896504 13354
25130551 12236959 3926628 13354
25323427 12236959 3956735 13550
25516187 12330462 3986834 13550
25708777 12516293 4016913 13649
26095112 12610274 4046979 13746
26095112 12704233 4077225 13843
26290147 12704233 4107473 13940
26483870 12891241 4137705 14037
26870498 12984857 4167901 14133
27064856 13078424 4198071 14229
27064856 13078424 4228402 14325
27258968 13171888 4258719 14325
27451685 13265241 4288811 14421
27645444 13451707 4319058 14516
27839129 13545381 4349293 14611
28032637 13638995 4379516 14707
28418218 13638995 4409536 14803
28613005 13732517 4439735 14897
28613005 13825953 4470134 14989
28807368 13919247 4500466 15083
28996493 14010235 4530015 15178
29187278 14102065 4559817 15273
29575514 14289002 4589972 15369
29772382 14383924 4620450 15467
29970829 14479660 4651205 15566
30170809 14576126 4712828 15665
30372121 14673246 4744253 15764
30574636 14770961 4775871 15864
30778094 14869190 4807645 15964
30982623 14967893 4839578 16064
31188069 15067605 4871648 16165
31394240 15167710 4903849 16268
31601091 15267567 4936155 16370
31809991 15368223 4968570 16472
32019528 15469157 5001272 16575
32229415 15570283 5034050 16680
32439467 15671542 5066685 16680
32649839 15772931 5099559 16888
32860429 15874443 5132479 16888
33071189 15976060 5165435 16993
33282175 16077770 5198406 17098
33493386 16179542 5231408 17202
33704743 16281391 5264427 17306
33916140 16383305 5297463 17411
34127637 16485265 5330504 17516
34339258 16587263 5363553 17621
34550979 16689322 5396622 17726
34762756 16791432 5429706 17833
34974631 16893581 5462799 17940
35186644 16995772 5495903 18046
35400019 17098560 5529022 18153
35612238 17201382 5562154 18259
35825825 17304185 5595506 18364
36039459 17406962 5628865 18469
36252997 17509719 5662210 18469
36466304 17612447 5695522 18576
36679594 17715116 5728826 18682
36892822 17817763 5762116 18788
37105667 17920249 5795356 18894
37314465 18020942 5827961 19000
37523156 18121539 5860546 19106
37732205 18222320 5893184 19212
37941619 18323296 5925892 19319
38151410 18424446 5958656 19426
38361630 18525754 5991475 19532
38573536 18627779 6024354 19638
38785800 18729935 6057484 19745
38998062 18832139 6090644 19745
39210501 18934385 6123822 19957
39423035 19037229 6157016 19957
39635498 19139568 6190210 20064
39847980 19241869 6223398 20171
40060621 19344750 6256598 20278
40274559 19447670 6289805 20385
40487284 19550561 6323011 20493
40699966 19652898 6356223 20599
40912832 19756379 6389458 20704
41128516 19859907 6423145 20809
41343080 19962842 6456664 20914
41557554 20066245 6490153 21019
41773280 20169630 6523828 21124
41988814 20272945 6557491 21230
42204037 20376180 6590929 21230
42419155 20479344 6624528 21335
42634094 20582444 6658115 21440
42848741 20685459 6691662 21545
43063104 20788413 6724525 21651
43277408 20891315 6758010 21756
43491497 20994175 6792091 21861
43705378 21096999 6824876 21966
43919086 21199784 6858274 22071
44132843 21302537 6891667 22175
44347783 21405838 6925039 22279
44562645 21509123 6958403 22385
44776110 21612328 6991754 22490
44990741 21715470 7025293 22595
45205361 21818554 7058825 22701
45419718 21921578 7092325 22701
45633830 22024489 7125775 22807
45844611 22125896 7158696 22911
46055164 22227215 7191595 23015
46265821 22328646 7224507 23122
46476777 22430191 7257457 23228
46687941 22531844 7290431 23334
46899256 22633587 7323428 23440
47110592 22735414 7356441 23546
47322129 22837307 7389475 23651
47533844 22939832 7422528 23756
47746904 23042426 7455605 23862
47958914 23145020 7488703 23967
48172236 23247612 7522009 24072
48385635 23350198 7555327 24177
48598955 23452768 7588633 24177
48812078 23555316 7621917 24283
49025171 23657854 7655188 24388
49238156 23760362 7688440 24493
49450990 23862865 7721680 24599
49663770 23965348 7754903 24705
49876645 24067821 7788138 24810
50089553 24170303 7821377 24915
50302413 24272785 7854621 25021
50515287 24375256 7887855 25126
50729455 24478289 7921088 25231
50943661 24581337 7954527 25337
51157657 24684339 7987963 25443
51371614 24787295 8021386 25443
51585533 24890207 8054796 25655
51799376 24993648 8088199 25655
52012983 25096529 8121572 25762
52226545 25199308 8154927 25868
52440025 25302611 8188266 25974
52653435 25405885 8221603 26081
52866752 25508566 8254923 26188
53080135 25611724 8288243 26295
53294816 25714874 8321567 26402
53508288 25818529 8354892 26510
53721619 25922130 8388209 26616
53937817 26025618 8421737 26616
54153621 26128917 8455400 26722
54365581 26230535 8487736 26828
54574002 26331002 8520316 26934
54785952 26432524 8554058 27040
55000343 26535233 8587572 27146
55216859 26639026 8621225 27254
55435303 26743799 8655161 27362
55655517 26849420 8689598 27470
55877289 26956412 8724308 27580
56100361 27063554 8759026 27690
56551692 27280679 8794147 27799
56551692 27389935 8829663 27909
57006864 27499554 8865322 28022
57236301 27609503 8900891 28133
57466458 27719753 8936774 28244
57697035 27830264 8972769 31442
