28710 35620 7255 0
239787 120801 33763 0
462881 223788 64514 0
595965 351787 102343 0
891961 423600 123916 1269
1054872 500357 171864 1269
1222503 664429 197345 1269
1580659 751591 224022 1269
1770116 842000 283854 1269
1963782 935264 313397 1269
2162451 1127622 343718 1269
2365862 1226887 374775 1269
2555424 1319847 403783 1269
2742144 1411346 434874 1269
2933496 1504986 464182 2286
3319654 1598440 493526 2286
3515276 1692943 523280 2286
3713076 1787899 555479 2286
3913139 1883796 585761 2286
4113818 1979996 647099 2286
4316294 2077010 678092 2286
4520425 2174810 711390 2286
4724685 2273294 742658 2286
4930334 2371812 774137 3189
5137270 2470868 807693 3189
5344053 2570459 839355 3189
5550498 2669391 870960 3189
5758026 2768728 904431 3189
5966656 2868547 936367 3189
6174814 2968219 968243 3189
6383849 3068264 1001811 3189
6593827 3168712 1033958 3189
6803244 3268947 1067462 3993
7013387 3369503 1099643 3993
7221794 3469825 1131556 3993
7430964 3569893 1164914 3993
7641058 3670292 1197080 3993
7850505 3770458 1230391 3993
8060704 3870942 1262579 3993
8270392 3971201 1295829 4710
8480694 4071758 1328034 4710
8690370 4172077 1361226 4710
8899470 4272131 1393244 4710
9108028 4371952 1426192 4710
9317359 4472135 1459213 4710
9526253 4572133 1491201 4710
9734681 4672478 1524034 5350
9943996 4772623 1556959 5350
10152814 4872532 1588941 5350
10359895 4972225 1621499 5350
10567893 5071721 1654155 5350
10775580 5171049 1685957 5350
10982853 5270780 1686718 5350
11185697 5368546 1750260 5866
11389582 5466084 1750964 5866
11592314 5563096 1782878 5866
11794950 5660108 1813917 5866
11997675 5757802 1845632 5866
12200603 5855595 1908430 6329
12405035 5953400 1909086 6329
12608261 6050685 1941043 6329
12811517 6147989 1972814 6329
13014876 6245367 2004575 6746
13218329 6342823 2036350 6746
13420561 6440344 2068135 6746
13622891 6537385 2099108 6746
13825495 6635053 2130713 6746
14028268 6732829 2162349 7124
14231161 6830635 2194016 7124
14432961 6927935 2225709 7124
14634939 7025262 2257230 7124
14837191 7122673 2288771 7467
15039656 7220169 2320356 7467
15241082 7317187 2351975 7467
15444135 7414257 2383426 7779
15647531 7511441 2415118 7779
15849789 7608729 2446869 7779
16052078 7705566 2478281 8064
16254690 7802478 2509694 8064
16456210 7899505 2541371 8064
16657802 7996094 2572901 8326
16859660 8092778 2604442 8326
17060586 8189601 2636008 8326
17261754 8286024 2667422 8568
17463178 8382556 2698870 8568
17663664 8478704 2730360 8568
17864491 8574986 2761696 8792
18065678 8671445 2793070 8792
18265919 8767529 2824501 8999
18466359 8863773 2855780 8999
18666034 8959668 2887093 9194
18866055 9055734 2917692 9194
18866055 9151551 2948933 9367
19065415 9245771 2979518 9367
19261178 9339658 3010112 9531
19456236 9433940 3040647 9531
19652203 9528652 3071309 9686
19847854 9623204 3101926 9835
20043021 9717543 3132466 9835
20239121 9812234 3163137 9978
20434925 9907306 3193753 10115
20631534 10002182 3224303 10115
20827653 10096309 3254972 10249
21023329 10191332 3285577 10377
21219848 10286200 3316295 10377
21415900 10380832 3346952 10502
21611422 10475780 3377529 10626
21806591 10570542 3408038 10746
22002649 10665071 3438668 10864
22198310 10759356 3469239 10864
22393428 10853979 3499729 10981
22588127 10948436 3530153 11096
22782499 11042691 3560520 11209
22977765 11136762 3591020 11321
23172664 11230664 3621470 11321
23367126 11324411 3651852 11433
23561284 11418572 3682181 11543
23755142 11512611 3712463 11651
23950039 11606506 3742715 11759
24144653 11700240 3772918 11759
24338961 11793847 3803281 11864
24534287 11887885 3833621 11968
24729347 11981824 3863930 12072
24922857 12075603 3894185 12176
25116055 12169228 3924399 12278
25311733 12262735 3954979 12380
25507191 12356141 3985548 12483
25701097 12449449 4015873 12483
25894656 12543097 4046132 12585
26090460 12637226 4076717 12686
26286041 12731244 4107269 12787
26481161 12825101 4137171 12889
26675769 12825101 4167576 12989
26866702 12918827 4197399 13088
27058509 13010844 4227347 13187
27250272 13102747 4257303 13289
27441921 13194701 4287074 13289
27633687 13286723 4317045 13389
27823091 13470869 4346677 13588
28014445 13563930 4376616 13588
28207816 13657426 4406874 13691
28403169 13752418 4438011 13793
28600343 13848293 4468843 13895
28799141 13944911 4499928 13999
29200765 14042155 4531218 14104
29404882 14139977 4562705 14208
29610097 14238918 4594598 14312
29816066 14337778 4626658 14418
30022720 14436974 4658834 14524
30230085 14536526 4691104 14630
30438035 14637610 4723485 14736
30646421 14738995 4787890 14843
30855306 14839989 4820513 14949
31064655 14941661 4853198 15055
31274288 15043470 4885929 15162
31484042 15145351 4918700 15162
31695554 15246758 4951527 15269
31907344 15348796 4984587 15375
32119218 15450927 5017682 15481
32331057 15553105 5050780 15589
32542987 15655296 5083881 15696
32754993 15757511 5116986 15802
32967043 15860313 5150101 15909
33179103 15963147 5183218 16016
33391216 16065940 5216342 16122
33603389 16168701 5249470 16228
33815496 16271431 5282601 16334
34027602 16374128 5315725 16439
34241040 16476781 5348851 16544
34454490 16579404 5381973 16650
34667851 16682012 5415104 16759
34879871 16784610 5447604 16759
35092458 16886911 5480826 16867
35301759 16987730 5513530 16974
35510960 17088519 5546224 17081
35720399 17189454 5578965 17188
35930203 17290556 5611744 17294
36140309 17392382 5644565 17400
36350679 17494360 5677421 17507
36561263 17596402 5710319 17613
36772130 17698500 5743252 17719
36984481 17800647 5776206 17826
37195726 17902843 5809188 17933
37407013 18005072 5842184 17933
37621229 18107301 5875404 18038
37835581 18209579 5908844 18143
38048570 18311888 5942115 18249
38262732 18414208 5975361 18355
38476927 18516541 6008795 18461
38690942 18618893 6042218 18568
38903534 18721259 6075450 18677
39117313 18823643 6108845 18786
39331098 18926044 6142232 18894
39544759 19029025 6175608 19003
39758333 19132017 6208806 19111
39971847 19234972 6242170 19219
40185234 19337868 6275525 19327
40398526 19440721 6308865 19436
40611656 19543527 6342181 19436
40826052 19646263 6375681 19543
41040391 19748969 6409164 19650
41254445 19851642 6442625 19757
41468409 19954299 6476060 19864
41682273 20056939 6509468 19970
41895984 20160121 6542850 20076
42109493 20263287 6576208 20183
42322945 20366371 6609553 20289
42536333 20469398 6642877 20395
42750629 20572782 6676339 20501
42964768 20676117 6709788 20608
43178773 20779361 6743213 20715
43393604 20882946 6776757 20822
43608072 20987018 6810239 20929
43819277 21090826 6843224 21036
44030312 21192677 6876173 21143
44242736 21294933 6909140 21250
44455323 21397268 6942134 21250
44666702 21499623 6975147 21359
44879437 21601989 7008379 21467
45092243 21704365 7041619 21575
45304951 21806740 7074852 21683
45517657 21909121 7108079 21791
45730361 22011498 7141300 21898
45943056 22114451 7174511 22005
46155671 22217398 7207724 22113
46368298 22320309 7240935 22220
46580941 22423155 7274144 22327
46793518 22525972 7307340 22435
47005966 22628743 7340524 22544
47218400 22731461 7373702 22544
47432195 22834151 7406884 22758
47646025 22936832 7440269 22758
47859633 23039494 7473466 22867
48073229 23142137 7506222 22975
48286716 23244770 7540229 23083
48500056 23347379 7573586 23191
48713174 23449968 7606276 23301
48926172 23552526 7639573 23409
49139160 23655604 7672858 23517
49352105 23758685 7706129 23626
49564929 23861711 7739385 23735
49777721 23964659 7772634 23843
49991796 24067566 7805869 23951
50204669 24170437 7839113 24060
50417424 24273278 7872352 24060
50632981 24376054 7905796 24167
50848596 24478823 7939431 24274
51062736 24581542 7972880 24382
51276550 24684244 8006288 24491
51491634 24786916 8039871 24599
51706607 24889578 8073431 24707
51921319 24992231 8106793 24816
52135670 25094859 8107431 24923
52346476 25196369 8173041 25030
52557062 25297815 8173662 25137
52765349 25399350 8206569 25245
52975873 25500416 8271373 25352
53190391 25602540 8304764 25459
53407127 25705781 8338701 25569
53625595 25810044 8372736 25569
53845855 25915217 8407240 25787
54067655 26127916 8441987 25897
54290758 26235276 8476936 25897
54515058 26343187 8512063 26008
54740428 26452199 8547998 26230
54966679 26561670 8583405 26230
55193748 26671478 8618246 26343
55421474 26781578 8654537 26456
55649885 26891943 8690251 26569
55878899 27002547 8726055 26682
56108291 27113345 8761235 26795
56338187 27224333 8797844 26908
56568573 27336053 8833847 27022
56799299 27447370 8869208 27138
57030287 27558738 8905299 27252
57495983 27670801 8942126 27366
57729084 27782447 8977822 31059
