293137 152319 43982 0
660948 333852 99605 0
865450 432603 130648 0
1309298 536968 163545 0
1546263 760238 238021 0
1789529 877146 275108 0
2039951 997368 313312 1506
2296990 1120571 352542 1506
2558000 1245665 392399 1506
2800193 1362445 432500 1506
3039561 1477873 469147 1506
3283562 1595480 506481 1506
3526202 1712166 543766 1506
3765973 1827307 583354 1506
4002972 1941015 619763 1506
4236281 2052934 655592 1506
4467498 2163756 691082 1506
4696976 2163756 728786 1506
4924949 2273665 763772 2698
5150266 2382759 798334 2698
5373163 2490603 798334 2698
5373163 2597296 834763 2698
5595207 2703523 868806 2698
5816535 2808820 902749 2698
6036073 2913816 936407 2698
6255156 3018611 972023 2698
6473890 3123237 1005558 2698
6691074 3227150 1038847 2698
6908131 3330929 1073964 2698
7125211 3434660 1107224 3754
7340913 3537780 1140275 3754
7555346 3640313 1174821 3754
7769904 3742878 1207692 3754
7983487 3844987 1240404 3754
8197249 3947185 1274700 3754
8411449 4049523 1307509 3754
8624695 4151429 1341599 3754
8838218 4253464 1374312 3754
9050833 4355090 1407088 3754
9263884 4456861 1441045 4691
9477419 4558835 1473724 4691
9690089 4659903 1507497 4691
9901795 4761128 1539904 4691
10112672 4862030 1573333 4691
10324156 4963176 1605703 4691
10534855 5063994 1639040 4691
10746135 5165059 1671392 4691
10956807 5265837 1704665 4691
11168137 5366875 1737937 4691
11379281 5467826 1770260 5434
11586700 5566711 1802899 5434
11793475 5665856 1835388 5434
11999921 5764908 1866994 5434
12205991 5863835 1899365 5434
12413236 5962648 1931877 5434
12620383 6061940 1964345 5434
12827113 6161143 1996005 6095
13033511 6260213 2028354 6095
13238499 6358627 2060466 6095
13444652 6457507 2092725 6095
13650722 6556335 2124964 6095
13856550 6655065 2157171 6095
14062167 6753699 2188664 6095
14267732 6852244 2220812 6686
14473119 6950717 2252919 6686
14677098 6950717 2284816 6686
14882323 7146424 2316890 6686
15087699 7244869 2348975 6686
15292972 7343335 2381039 6686
15498154 7441760 2413093 7215
15703219 7441760 2445128 7215
15907012 7540120 2476955 7215
16110715 7637913 2508768 7215
16314337 7735664 2540582 7215
16518063 7833424 2572398 7215
16721928 7931202 2604232 7690
16924613 8028998 2636066 7690
17127287 8126294 2667108 7690
17330173 8223609 2698772 7690
17533258 8320973 2730456 8118
17736438 8418403 2762156 8118
17938487 8515896 2793696 8118
18140660 8612892 2825252 8118
18343132 8709936 2856843 8118
18545845 8807094 2888673 8505
18748671 8904351 2920355 8505
18950372 9001690 2951847 8505
19152369 9098554 2983575 8505
19355979 9195501 3015342 8826
19355979 9292629 3015953 8826
19753542 9388210 3047577 8826
19953683 9483348 3109115 9118
20154554 9578739 3109699 9118
20354528 9675031 3140992 9118
20554891 9770555 3202817 9118
20755909 9866256 3203406 9385
20956085 9962817 3265350 9385
21156567 10059069 3296617 9631
21357532 10155478 3297218 9631
21557662 10251525 3359177 9631
21758124 10347708 3390442 9859
21959075 10444088 3391035 9859
22159118 10540119 3453001 10070
22359672 10636314 3453593 10070
22559414 10732729 3484877 10267
22759497 10828787 3516046 10267
22958752 10925016 3547272 10267
23158578 11020907 3578374 10453
23357653 11116975 3609552 10628
23357653 11212723 3640623 10628
23755937 11308668 3671764 10794
23755937 11404292 3702198 10794
24153787 11500119 3733293 10951
24153787 11595651 3764871 10951
24352900 11691407 3795352 11101
24551251 11786872 3826319 11101
24748947 11882006 3857182 11245
24947293 11977406 3888139 11382
25144983 12072560 3919003 11382
25343234 12167449 3949957 11516
25541044 12262624 3980833 11645
25738242 12357579 4011607 11770
25936062 12452816 4042482 11770
26133263 12547827 4073277 11893
26329978 12642577 4103989 12013
26526155 12737091 4134611 12130
26723088 12831940 4165348 12130
26919486 12926601 4196016 12246
27115410 13021040 4226606 12358
27311268 13115392 4257172 12467
27503154 13207926 4287126 12574
27695870 13300820 4317214 12574
27888439 13393677 4347282 12681
28080976 13486498 4377341 12786
28270886 13578141 4407377 12890
28462719 13670730 4437261 12995
28656724 13764375 4467448 13100
28852784 13859002 4497948 13204
29253022 13955114 4528961 13308
29455155 14052019 4591126 13414
29658519 14149543 4622804 13520
29863005 14247615 4654654 13626
30068448 14346190 4686659 13733
30274610 14445212 4718800 13840
30481537 14644371 4751058 13840
30689166 14744422 4783626 14054
30900103 14844761 4816485 14054
31109258 14945363 4849088 14163
31320022 15046756 4881940 14270
31532561 15148354 4915056 14377
31745355 15250074 4948215 14485
31956974 15351894 4981386 14594
32169985 15453799 5014576 14702
32383165 15556346 5047773 14810
32596339 15658955 5080977 14919
32808314 15761049 5114203 15028
33021632 15863686 5147431 15136
33235066 15966377 5180657 15244
33448425 16069063 5214091 15244
33661839 16171742 5247356 15354
33876735 16274970 5280828 15461
34091578 16378187 5314295 15568
34306199 16481341 5347748 15676
34520628 16584436 5381178 15784
34734938 16687466 5414588 15891
34949092 16790448 5447976 15998
35163071 16893386 5481360 16107
35376956 16996273 5514727 16215
35590761 17099119 5548077 16323
35803855 17201652 5581314 16431
36013758 17302764 5614073 16431
36223717 17403888 5646835 16539
36435294 17505706 5679844 16646
36647116 17607664 5712894 16753
36858998 17709691 5745960 16861
37071036 17811757 5779047 16968
37283122 17913862 5812141 17075
37495245 18015974 5845258 17182
37707344 18118120 5878369 17289
37919587 18220297 5911490 17395
38131922 18322523 5944626 17501
38344327 18424781 5977778 17608
38556688 18527067 6010929 17608
38769142 18629377 6044287 17714
38982961 18732282 6077653 17925
39196767 18835218 6111015 17925
39409286 18937610 6144175 18036
39623105 19040520 6177534 18145
39836927 19143438 6210893 18254
40050608 19246315 6244236 18364
40264153 19349136 6277560 18474
40477667 19451920 6310880 18583
40691055 19554652 6344182 18692
40904246 19657358 6377464 18802
41117447 19760038 6410735 18911
41330724 19862711 6444022 19019
41543961 19965374 6477317 19128
41757100 20068025 6510595 19128
41970306 20170672 6543873 19238
42184865 20273319 6577358 19454
42399511 20376520 6610856 19454
42613956 20479195 6644333 19564
42828315 20582358 6677787 19673
43042569 20685514 6711226 19782
43256650 20788622 6744013 19891
43470527 20891657 6777412 20000
43684413 20994646 6810801 20108
43899518 21097586 6845007 20216
44113412 21200506 6877759 20325
44327014 21303340 6911118 20432
44538807 21404866 6944183 20432
44750662 21506938 6977440 20539
44961464 21608596 7010744 20646
45173766 21710307 7044060 20753
45387735 21813307 7077375 20859
45601779 21916397 7110692 20965
45815679 22018927 7144011 21072
46029539 22121944 7177325 21179
46243399 22224982 7210632 21286
46457152 22327974 7243932 21394
46670630 22430886 7277216 21503
46884099 22533745 7310495 21611
47097535 22636581 7343765 21719
47310894 22739384 7377038 21719
47524171 22842145 7410308 21828
47738759 22944887 7443780 21935
47953390 23048173 7477252 22042
48167875 23151434 7510706 22149
48382084 23254615 7544131 22257
48596297 23357719 7577551 22364
48810400 23460770 7610957 22471
49024285 23563765 7644346 22579
49238087 23666714 7677716 22687
49451901 23769615 7711079 22795
49665616 23872482 7744428 22903
49879125 23975301 7777760 23013
50092513 24078062 7811067 23122
50305901 24180800 7844365 23230
50520520 24283527 7877856 23230
50733861 24386227 7911350 23339
50948416 24489467 7944821 23447
51162964 24592698 7978268 23555
51377349 24695870 8011698 23663
51591498 24798958 8045102 23771
51805573 24901987 8078494 23878
52019613 25004983 8111880 23985
52233540 25107931 8145259 24093
52447256 25210831 8178618 24201
52660980 25313686 8211971 24201
52874661 25416507 8245308 24309
53086747 25518150 8278414 24416
53297599 25619759 8311503 24525
53509899 25722019 8344612 24632
53722376 25824367 8377732 24739
53934851 25926742 8410866 24847
54147370 26029130 8443372 24955
54360010 26131536 8477153 25062
54572695 26233967 8510320 25169
54785399 26336414 8543501 25277
54998100 26438849 8576051 25384
55210946 26541311 8609884 25491
55423908 26643803 8643301 25491
55636807 26746305 8675907 25600
55851067 26849372 8709342 25708
56065488 26952470 8743611 25815
56279761 27055518 8776606 25922
56493814 27158510 8810015 26030
56707726 27261412 8843385 26137
56922868 27364279 8876929 26244
57137957 27467126 8910467 26968
57137957 27569953 8911107 31924
