108887 72479 16409 0
271755 114795 39408 0
493548 221691 71134 0
617002 345927 89330 1188
891215 414932 130430 1188
1040237 487249 152788 1188
1194558 640819 203914 1188
1523185 722209 229186 1188
1694764 805543 255126 1188
1871330 891203 281870 1188
2052433 978993 309350 1188
2237733 1160017 366229 1188
2619095 1252193 395752 2263
2619095 1345646 429035 2263
3009172 1439093 458972 2263
3206330 1533579 489242 2263
3405777 1629126 519851 2263
3607230 1725619 550765 2263
3810465 1822935 584889 2263
4015350 1920994 616302 2263
4220169 2019671 647515 2263
4427275 2118748 679139 2263
4635590 2218297 711136 3219
4844953 2318296 745947 3219
5053787 2418692 778235 3219
5262059 2518326 810235 3219
5471153 2618262 842322 3219
5681231 2718589 876932 3219
5892155 2819271 909271 3219
6103347 2920136 941504 3219
6315148 3021257 973991 3219
6527546 3122641 1008743 4069
6740465 3224256 1041408 4069
6953467 3325944 1073925 4069
7165498 3427769 1108211 4069
7377949 3529193 1140828 4069
7589578 3630769 1173537 4069
7801595 3731973 1206098 4069
8014134 3833354 1240348 4069
8225224 3934295 1272735 4753
8430949 4033253 1305677 4753
8635903 4132448 1337000 4753
8840664 4231513 1368489 4753
9046687 4330430 1401358 4753
9253976 4429198 1433252 4753
9461005 4527857 1466399 4753
9670191 4627464 1498395 5364
9879016 4727555 1531474 5364
10087357 4827459 1563283 5364
10295086 4927125 1596140 5364
10503771 5027152 1628025 5364
10712124 5126455 1661118 5364
10921266 5226117 1693306 5911
11129883 5326187 1726207 5911
11338015 5426061 1758954 5911
11545613 5525693 1790688 5911
11752779 5625689 1823465 5911
11961946 5725342 1855496 5911
12170799 5824746 1888467 6402
12380498 5924541 1921525 6402
12588299 6024164 1954100 6402
12795451 6123559 1985763 6402
13002268 6222744 2018149 6402
13210111 6322346 2050665 6844
13417554 6421803 2083126 6844
13623347 6520525 2114601 6844
13828799 6619072 2146740 6844
14034100 6718091 2179035 7243
14239160 6817040 2211313 7243
14444098 6915301 2243344 7243
14648936 7013441 2275327 7243
14853634 7111526 2307284 7605
15058095 7209568 2339219 7605
15261202 7307036 2370941 7605
15464277 7404463 2402648 7605
15667450 7501917 2434373 7934
15870685 7599415 2465475 7934
16073667 7696805 2497174 7934
16277121 7794877 2529117 7934
16477666 7891202 2560456 8210
16676931 7987427 2591773 8210
16876606 8083269 2622952 8210
17076838 8179265 2654184 8462
17277466 8275459 2685474 8462
17477125 8371301 2716636 8694
17677153 8467310 2747849 8694
17876346 8562978 2778926 8694
18075889 8658834 2810058 8910
18275898 8754906 2841263 8910
18474982 8850632 2872337 9111
18674493 8946532 2903466 9111
18873128 9042085 2934462 9299
19072130 9137828 2965532 9299
19270379 9233251 2996483 9476
19469115 9328885 3027500 9476
19667166 9424223 3058411 9643
19865633 9519759 3089391 9643
20063261 9614990 3119657 9801
20261419 9710429 3150593 9801
20261419 9805580 3181416 9951
20458877 9900966 3212314 10094
20655629 9996069 3243110 10094
20852899 10090855 3273801 10233
21049594 10185921 3304600 10366
21247046 10281313 3305178 10496
21443898 10375934 3335902 10496
21640002 10470237 3366515 10625
21835550 10565457 3427079 10749
22031883 10660476 3427652 10871
22227727 10754708 3458408 10871
22422956 10848676 3518724 10993
22617694 10943608 3519303 11111
22813335 11038361 3550041 11227
23008523 11132854 3580720 11227
23203227 11227099 3611316 11343
23397501 11321673 3641647 11455
23592724 11416054 3672304 11566
23788818 11510203 3702909 11566
23983288 11510203 3733425 11676
24177371 11604173 3763848 11784
24368620 11696393 3793681 11889
24559570 11788981 3823642 11993
24749680 11880667 3853294 12100
24939316 12066848 3883216 12206
25134001 12161382 3913471 12312
25529124 12256749 3944026 12418
25728752 12352858 4005281 12418
25929675 12449617 4036521 12525
26131842 12547554 4068163 12630
26336347 12646035 4099977 12735
26540460 12744937 4131924 12842
26746688 12844208 4163998 12949
26953647 12943811 4196176 13056
27161104 13043695 4228437 13163
27368908 13143837 4260782 13271
27577173 13244209 4293201 13379
27785840 13344783 4325690 13487
27994830 13445548 4358239 13595
28203986 13546469 4390833 13704
28413452 13647524 4423470 13812
28623160 13748702 4456151 13920
28833097 13850565 4488877 14029
29043061 13952524 4521627 14139
29253287 14054489 4554409 14139
29465095 14156480 4587424 14355
29676978 14258509 4620469 14355
29888810 14360552 4653506 14464
30100623 14462590 4686538 14573
30312403 14564639 4719566 14682
30524198 14666705 4752608 14791
30735889 14768783 4785647 14900
30947598 14870854 4818681 15008
31159329 14973501 4851718 15116
31371053 15076168 4884965 15225
31582739 15178797 4918031 15225
31795776 15281368 4951272 15441
32008807 15383902 4984510 15441
32221621 15486379 5017720 15550
32433740 15588814 5050897 15659
32642404 15691023 5083974 15766
32850885 15791636 5116511 15873
33059531 15892236 5149040 15981
33268431 15992974 5181601 16089
33477656 16093859 5214207 16197
33687131 16195459 5246870 16305
33896810 16296659 5279579 16414
34106767 16397926 5312325 16521
34317092 16499866 5345318 16628
34528915 16602485 5378352 16736
34740795 16704606 5411394 16736
34952771 16806691 5444444 16844
35164786 16909360 5477499 16952
35376704 17012023 5510750 17060
35588547 17114630 5543816 17168
35800315 17217128 5576843 17275
36012073 17319588 5610067 17382
36223863 17422019 5643308 17489
36435597 17524417 5675706 17597
36647378 17626782 5708926 17704
36860537 17729710 5742783 17811
37072553 17832626 5775573 17920
37284440 17935482 5808809 18028
37499212 18038273 5842219 18028
37714223 18141109 5876278 18135
37928866 18243864 5909044 18242
38142030 18346555 5942412 18349
38356307 18449184 5975752 18455
38570366 18551752 6009045 18561
38784095 18654278 6042306 18668
38997566 18756760 6075542 18775
39210931 18859209 6108765 18882
39424088 18961641 6141967 18989
39637039 19064047 6175155 19097
39849888 19166426 6208332 19203
40062680 19269346 6241696 19309
40276629 19372254 6275051 19416
40489268 19475085 6308376 19416
40703062 19577843 6341677 19523
40916632 19680550 6374960 19630
41127018 19783159 6408193 19736
41336988 19884315 6440928 19843
41547076 19985401 6473645 19949
41757256 20086550 6506372 20055
41967495 20187788 6539124 20162
42177853 20289129 6571899 20269
42388372 20390555 6604700 20375
42599022 20492634 6637525 20481
42809760 20594776 6670373 20588
43020501 20696930 6703237 20588
43232733 20799078 6736320 20694
43445058 20901235 6769422 20800
43657254 21003390 6802522 20906
43869347 21105541 6835612 21012
44081440 21207687 6868695 21117
44293511 21309844 6901781 21222
44505569 21412006 6934870 21328
44717454 21514173 6967937 21434
44929354 21616285 7001001 21539
45141258 21718964 7034068 21644
45353122 21821650 7067143 21750
45565033 21924289 7100216 21855
45777014 22026874 7133492 21960
45990229 22129421 7166771 22066
46203326 22231934 7200025 22066
46416335 22334409 7233255 22172
46629247 22436837 7266460 22278
46842024 22539793 7299656 22384
47054590 22642208 7332833 22490
47267107 22744539 7365995 22596
47479558 22847399 7399140 22702
47691834 22950248 7432279 22809
47903963 23052498 7465385 22917
48116137 23154677 7498494 23023
48328311 23257413 7531606 23129
48540444 23360156 7564714 23236
48752454 23462847 7597811 23343
48964539 23565481 7630901 23449
49176629 23668626 7664200 23555
49388679 23771752 7696847 23662
49597409 23874679 7729480 23662
49806249 23975994 7762474 23767
50013526 24075861 7795636 23870
50223056 24176770 7827886 23974
50435090 24278888 7860934 24080
50650980 24382135 7895176 24293
50868885 24486393 7929118 24402
51087106 24591517 7963317 24402
51306782 24697426 7997743 24511
51529275 24804040 8032382 24730
51753011 24911268 8067213 24730
51976475 25127311 8102196 24842
52202280 25236014 8137340 24953
52429046 25345103 8172626 25064
52656508 25454526 8208034 25177
52884473 25564257 8243530 25290
53113155 25674852 8279143 25403
53342352 25785696 8314849 25517
53571929 25896706 8385793 25632
54032388 26007855 8421910 25746
54264428 26119133 8458088 25860
54495426 26230502 8494278 25977
54727930 26341940 8530490 26094
54960640 26453452 8566721 26211
55193382 26565030 8602978 26328
55426069 26676664 8639238 26445
55658848 26788342 8675506 26562
55891641 26900073 8711784 26679
56124343 27011824 8748062 26797
56357110 27123602 8784351 26914
56589890 27235421 8820648 27031
56822690 27347276 8856958 27031
57055428 27459161 8893266 27150
57288194 27571642 8929575 27268
57520962 27684134 8966085 27385
57520962 27796588 9001903 31078
